t_index   tf-idf
7942      0.006971848803456306
5840      0.02608939158091105
944       0.007264287732374897
3250      0.0033550881729912134
4137      0.012102323914595816
6930      0.00384720737734782
11138     0.004539649004030258
1508      0.002017339955197816
8799      0.004997222557014752
5211      0.025899253357723195
6017      0.005444472564523575
11958     0.0031597341706251
9256      0.0055753280243858085
2832      0.005476335303060944
3259      0.004266485581070728
5759      0.001737926390624058
7888      0.00305121878476073
3888      0.0016909521451804518
10881     0.010515420360882669
9264      0.007583115487474785
6360      0.003187763643410326
11835     0.002495846448249549
4757      0.004763927868934955
9600      0.0027680791345490166
5212      0.005790635361148599
2495      0.016826033245738302
4518      0.003245119701599088
635       0.012410306752578622
11412     0.003984774886253014
10243     0.005810644161556281
7525      0.01236351338792076
8812      0.021171401634201715
3312      0.016571725123886768
226       0.010825197839764565
8467      0.01403464522572392
10393     0.007997093820259467
539       0.006608593776465415
8259      0.00255343383216256
5224      0.02608939158091105
368       0.008440161610099821
3944      0.005752979033648576
7256      0.006375527286820652
3730      0.009154950846404284
11739     0.003644130562256848
11158     0.004808309127897268
10119     0.0050222420577045535
4794      0.0023342050713720543
2282      0.013803007339203003
3776      0.004283353794068292
10903     0.007264287732374897
2625      0.003527597317434467
5274      0.003596639462899938
6871      0.004283353794068292
3848      0.004596271118550223
1451      0.004479737873727842
7424      0.004000876178232913
2152      0.007997093820259467
11679     0.008775800685642546
12003     0.006901503669601502
8390      0.008997322261662166
634       0.0049725344501946175
7165      0.003078089375288489
2795      0.00787679886918546
4417      0.002115328136042945
7702      0.006705119589941951
5272      0.004596271118550223
3095      0.022669448732488946
356       0.005868310134079054
9007      0.005790635361148599
1671      0.013044695790455524
25        0.00874012721121201
4172      0.005073311685600295
11549     0.0023642206123420297
3385      0.008532971162141457
9848      0.004830902432585496
8391      0.013044695790455524
3860      0.005322204161899379
2308      0.00787679886918546
9311      0.005047601970196058
4092      0.006314216288022069
1710      0.0055753280243858085
1689      0.013044695790455524
2418      0.007460876066575777
1577      0.00736993486885072
2093      0.0049725344501946175
9625      0.013044695790455524
6594      0.010996965083504184
7022      0.013044695790455524
4937      0.002957794424214482
9930      0.003095926112503758
4321      0.00736993486885072
10237     0.003584953375623229
6873      0.008413016622869151
5363      0.00412117112930692
5968      0.003235436953512289
5522      0.013044695790455524
12250     0.013044695790455524
3433      0.005609529439283985
8651      0.0050222420577045535
3536      0.007657260146235326
2834      0.004517778476008121
4739      0.003113935188012806
2088      0.012699600974584344
4070      0.009168773099502977
4123      0.011752721560138008
1504      0.009417665575802061
8247      0.004000876178232913
4347      0.003494012177898173
8912      0.008413016622869151
10043     0.004576335903761539
8159      0.002860524103888543
8655      0.004370063605606005
4395      0.0050222420577045535
4570      0.013044695790455524
9541      0.01025164016447966
10544     0.002602767503440907
3096      0.004300376056804779
268       0.013044695790455524
6407      0.013044695790455524
4560      0.02608939158091105
9799      0.013044695790455524
12111     0.0014874128751026056
6114      0.0042732607315841735
6964      0.00621609232682248
5260      0.010996965083504184
10415     0.0045370939319166045
10032     0.004249768654531998
4376      0.002884369949142138
4322      0.002515432528451071
619       0.007997093820259467
4960      0.005152639607033827
7671      0.007460876066575777
4749      0.005609529439283985
658       0.009704990853186667
621       0.003206686900513567
6607      0.009369016198974886
8718      0.009616618255794535
2456      0.011736620268158108
5978      0.0057160684252283295
4558      0.01243218465364496
1682      0.0037684382701337438
7307      0.010996965083504184
7153      0.0042004990507404525
1533      0.008125691345484545
75        0.0037684382701337438
7425      0.0020528443584853268
3772      0.013044695790455524
5470      0.013044695790455524
6403      0.002152768343789112
2063      0.002644498906606563
7199      0.004853772962650161
2762      0.0033654146526730946
9583      0.0031412793187249968
1880      0.005047601970196058
40        0.00567987457313879
4982      0.010952670606121888
11115     0.005099380989086102
4414      0.004948169072977061
4981      0.008413016622869151
12140     0.005382335983542361
8719      0.013044695790455524
7524      0.00826382303377382
