t_index   tf-idf
10572     0.008798579074278789
8187      0.0031957066214616547
3259      0.008131624870261594
3924      0.003430851294802749
1879      0.002866902354075797
11937     0.0019562960099380106
5211      0.017276761646808397
11814     0.00426903445635414
3998      0.005129179076340982
10800     0.008885579829138884
8893      0.006027664219875242
12087     0.005461319058409553
9471      0.003615861274891924
4099      0.003554977757693571
9791      0.0018723159063579783
6102      0.0018656632327430055
6965      0.009025842914780013
2146      0.005969858987972708
9176      0.007650444353852045
7426      0.002110014985803311
9264      0.0061424786187909254
1171      0.001564941247264739
8708      0.0018925782553564428
2637      0.001462436940446717
11005     0.0023237712314605184
6114      0.003054201688524885
3600      0.004786184283926623
226       0.0034386790683914705
7165      0.004399968248111767
6033      0.0013153676320662594
4910      0.003430851294802749
6335      0.010376786155697286
8467      0.020061793482169778
4906      0.0010925647052274668
6766      0.003298233164760668
4688      0.003937568030407568
7722      0.011615252045999381
4558      0.014809299715231473
10243     0.002768670939964445
2832      0.005218757159972188
4137      0.0028832734888556495
7019      0.00448735394511632
1399      0.011580278905081887
10903     0.0017306534168132425
9931      0.003356797771992024
4970      0.0035125552074971025
2032      0.009038164972863553
10198     0.004368761006511643
1577      0.0035116458577550474
2800      0.0029618599430462945
6580      0.002199644768569697
672       0.0025219512171620654
10769     0.004962976673606523
1369      0.004984364269628169
10776     0.007875136060815136
1229      0.002796147773497791
1034      0.012440901262153373
11066     0.00200146478286815
7888      0.0072692635669657476
6721      0.005518619832974851
3490      0.003165751381067208
12107     0.002579269670332298
4873      0.003957186551615591
12171     0.0011349132137243687
9090      0.002381089684630751
8247      0.0019063479540455397
11867     0.00213451722817707
6166      0.0014334511770378985
1343      0.0025941965389243214
8881      0.002494622052421817
2613      0.0007398919559420123
1668      0.0022910757194275324
1560      0.005141208557396844
7207      0.0026765015126132196
2714      0.011097945998759897
4838      0.004425464933824391
8595      0.002917444299501844
3385      0.004065812435130797
2261      0.00159374791654614
9132      0.002609378579986094
2164      0.0019861518556850218
2625      0.0033616776072074887
449       0.0012667860341234753
967       0.0011738880730628198
1436      0.004539857641970734
5472      0.004368761006511643
6020      0.002941790728282549
2150      0.0018395399443249503
448       0.0025359377703937738
338       0.002214084295313026
10424     0.005669536218408154
7175      0.0022910757194275324
7702      0.006389745866897647
5759      0.0016561834315558508
9600      0.0026378831834352593
223       0.003554977757693571
1047      0.0029618599430462945
2077      0.002984929493986354
6403      0.0010257566955068774
9045      0.005043902434324131
7475      0.0015763281902444845
4073      0.001233643092301393
10353     0.002108003982442167
3351      0.004984364269628169
9620      0.0052398627084999485
8822      0.0010679309227528894
5327      0.004624259445383422
477       0.0049102864148829525
580       0.007754404416445906
1520      0.001362990012691269
4756      0.004085933402899616
6946      0.002834768109204077
10496     0.0021618463929173187
1350      0.0027591370943714183
1202      0.0026894442731602215
2524      0.00200146478286815
5483      0.003937568030407568
4953      0.006717370840650114
9787      0.004085933402899616
10555     0.003256147418883268
9359      0.001555542982051755
6210      0.0028426251349326238
9299      0.003937568030407568
971       0.003165751381067208
4757      0.002269928820985367
10062     0.0026405441557667423
10317     0.0009612274224153196
6246      0.002741194508875498
3497      0.0022290881646855306
6161      0.003394270366599208
2462      0.004624259445383422
7982      0.006215570795861222
3209      0.00347033013978309
2643      0.005592295546995582
3028      0.003937568030407568
10684     0.0017249784596460194
6536      0.0029618599430462945
5968      0.00154162946864696
6387      0.0014666560827039223
7895      0.004624259445383422
4999      0.0023577165521547145
7997      0.006786105838300741
10340     0.007297102716044299
7447      0.0012907446909290136
2605      0.002656546890965017
3888      0.0008057093043497859
8296      0.002939374494577045
8837      0.0023237712314605184
9488      0.001633670492624821
5303      0.003937568030407568
2388      0.0031375544802785915
9503      0.001555542982051755
9256      0.002656546890965017
6973      0.0014582377469271692
758       0.0009399397189352292
2428      0.004624259445383422
11237     0.0035116458577550474
10209     0.004984364269628169
2809      0.001397522008145224
7681      0.0030837120698034397
11591     0.004368761006511643
10506     0.004786184283926623
887       0.0052398627084999485
6249      0.0033219647672910416
9137      0.004624259445383422
4513      0.0020907582410579894
184       0.006512294837766536
3461      0.0024812664958595316
9898      0.008737522013023287
10385     0.0032369769031260964
1529      0.0052398627084999485
10779     0.004170581020810097
4976      0.004624259445383422
2707      0.003165751381067208
3707      0.006215570795861222
7488      0.0012271603790304183
9892      0.003032948094905624
5299      0.0019345448548341558
1457      0.002672843270660877
8574      0.0052398627084999485
7805      0.004170581020810097
4823      0.0055999675327446955
9621      0.009968728539256339
1360      0.004810189198591744
9439      0.0037531577433951176
6649      0.0031375544802785915
11549     0.0011265100259216624
4074      0.0026248246697416072
3957      0.002984929493986354
11027     0.0015840415054531713
12108     0.0033219647672910416
5550      0.0052398627084999485
1963      0.002854726876666564
4255      0.0022191648460875507
11908     0.004170581020810097
7227      0.0013554952190585384
6900      0.0012401734730096757
8449      0.0024812664958595316
5089      0.003165751381067208
3762      0.002369326230869828
10208     0.0052398627084999485
2541      0.004085933402899616
3797      0.002494622052421817
1789      0.004368761006511643
953       0.0017363648691326088
4610      0.00360053275710288
2376      0.002468108806686914
3225      0.003937568030407568
3682      0.0024812664958595316
8718      0.0022910757194275324
6349      0.001948986275053965
9202      0.0012942207336240942
232       0.0016285809212471223
4016      0.0009732781876926923
2397      0.0052398627084999485
5274      0.0017137361857989483
7153      0.00200146478286815
8901      0.00640355168453121
12117     0.003699315332919966
1107      0.0030579674331817214
7256      0.001518913965060544
1804      0.0038104761965653496
1526      0.0027591370943714183
7597      0.0016285809212471223
11220     0.00159374791654614
10231     0.0029618599430462945
7201      0.002564589538170491
8874      0.0008921671708710733
4417      0.001007917087316986
3944      0.002741194508875498
11016     0.002796147773497791
4434      0.0052398627084999485
3065      0.0027063615041745155
10557     0.004264154621138676
2088      0.0020170463715597493
9517      0.010479725416999897
3643      0.0019785932758077953
1493      0.004786184283926623
7123      0.0031796075795834412
8287      0.0019861518556850218
649       0.003937568030407568
1049      0.004170581020810097
11580     0.007875136060815136
2656      0.002099339252496861
6588      0.001649116582380334
11836     0.0015234108241606223
4001      0.0020655017208403427
10958     0.0007087263801613643
8566      0.001920334507277248
9720      0.0028152480316862233
11065     0.0035116458577550474
737       0.0033402766790533904
2339      0.0009145958318614936
3801      0.00462547689283226
3736      0.0015986411949017439
1498      0.0052398627084999485
1986      0.004170581020810097
834       0.009572368567853247
3021      0.0037531577433951176
3498      0.004008656182266897
11863     0.0014582377469271692
2558      0.0030086143049266713
7190      0.004368761006511643
11133     0.003430851294802749
6311      0.0011618045155770932
487       0.002171146245168281
5351      0.001429386511934599
8259      0.0006083334180918983
1451      0.00426903445635414
11412     0.0028480139524446387
569       0.0018525055435703879
9197      0.0029618599430462945
4283      0.0023577165521547145
7935      0.004984364269628169
7045      0.004984364269628169
9550      0.001820439686136518
2152      0.0038104761965653496
12003     0.003288446533777403
8390      0.0021435338312548926
634       0.002369326230869828
12111     0.0007087263801613643
9541      0.0024423641700651953
3903      0.001397522008145224
6607      0.0014880577875672452
631       0.0027774496560338444
10740     0.0019710984821750643
10522     0.0015055584084982584
2561      0.0017306534168132425
11238     0.0005567653437504227
6590      0.0055999675327446955
7361      0.0027063615041745155
8039      0.00360053275710288
704       0.0012942207336240942
4196      0.0027774496560338444
8015      0.004624259445383422
10543     0.002656546890965017
10250     0.0019562960099380106
7972      0.002550148117950682
6132      0.0017193395341957352
11872     0.002009221406625081
9583      0.0014967649923577184
5796      0.003256147418883268
102       0.0019636664072157717
549       0.004786184283926623
8351      0.004984364269628169
3180      0.0055999675327446955
10401     0.0022595412432158883
9824      0.001036113988105602
687       0.003110225315538343
7324      0.004624259445383422
626       0.004624259445383422
4302      0.004085933402899616
10570     0.0033219647672910416
10673     0.0010309202436265166
724       0.003871750681999794
9516      0.004786184283926623
6571      0.0049102864148829525
12093     0.0013333830119374392
8770      0.003165751381067208
192       0.005750289012664829
4966      0.0011892274487569426
2762      0.0016035615829710246
1022      0.0055999675327446955
661       0.004984364269628169
1682      0.0017955953311680213
485       0.00154162946864696
5015      0.0019636664072157717
7727      0.004368761006511643
3954      0.002984929493986354
9357      0.0052398627084999485
1219      0.0026894442731602215
