t_index   tf-idf
6246      0.0033764335386400964
1052      0.024320507938940066
1942      0.019858394881416896
11835     0.004394450043643412
3411      0.006454138197623362
5562      0.005137063272483973
1613      0.005137063272483973
12084     0.005369361075781008
3837      0.0033985341036464065
2166      0.0069352961586627866
8907      0.004693508463779486
10684     0.002124721578757943
4075      0.0055272445318939045
4803      0.007655954960141403
9824      0.0012762210080192427
11171     0.007655954960141403
4381      0.007655954960141403
3504      0.012908276395246724
10912     0.004622907144887185
491       0.019362414592870084
2954      0.006897693006327849
7462      0.007655954960141403
841       0.007655954960141403
471       0.0032140708453732994
25        0.002564798035531988
2411      0.0033764335386400964
6989      0.003214174198461426
3755      0.004179352336182698
7475      0.0032360389799729345
7512      0.007655954960141403
11953     0.009875228579992505
10881     0.004114345833896997
4322      0.0014763117862193942
7847      0.0024941967166396866
9507      0.0022818015385539536
4413      0.005032799581909098
103       0.0045797498774868065
10992     0.0026072865123261827
4382      0.0038309828193910573
7981      0.0031589024790059698
2803      0.0024558088915597447
9527      0.0035935271094619686
5254      0.004556587399994617
1730      0.0037357975274782116
9985      0.006897693006327849
7492      0.007655954960141403
10400     0.006897693006327849
5963      0.0033693315853178963
3321      0.004968945469484723
12171     0.002096873658102832
2357      0.0010693120985969837
3790      0.004874217188262024
8272      0.003567165815562309
4397      0.009137870262052693
2613      0.00182270612824002
2612      0.004179352336182698
11599     0.007655954960141403
3340      0.0013734496855357541
11747     0.007655954960141403
11367     0.007655954960141403
4066      0.006139431052514294
7334      0.015311909920282807
4677      0.005541032073337625
12087     0.0022423048023192875
4762      0.003541424845331362
9029      0.0018544535560595674
8028      0.0017706659580040492
3565      0.0027329192498887767
6091      0.007655954960141403
11864     0.0032721698480652223
3040      0.005381169098700739
9106      0.006454138197623362
643       0.0055272445318939045
10660     0.006897693006327849
6780      0.0055272445318939045
3520      0.0027959576661507413
600       0.006139431052514294
4347      0.0020506419079352
6403      0.0012634635367830304
338       0.0009090572799396051
4038      0.007655954960141403
4849      0.0191722232876674
9823      0.006454138197623362
2084      0.005032799581909098
11075     0.005955071147329313
11116     0.007655954960141403
4754      0.002962446496361918
1580      0.0027959576661507413
10341     0.007655954960141403
3228      0.004050504672587279
9539      0.009392485133786084
1527      0.0021387466524076717
7926      0.004050504672587279
1720      0.0026291660568730155
7902      0.004010720624266795
5626      0.003123611006857822
11238     0.0006857890506145005
4620      0.002391710346943927
9488      0.002012254082855258
1469      0.0056958762438098064
8174      0.0033764335386400964
8259      0.0007493074091862425
2072      0.007655954960141403
9370      0.0026072865123261827
9359      0.0019160214564818846
6930      0.002257932793254514
6645      0.004556587399994617
7408      0.003056270318577609
9553      0.0032524586704532413
1206      0.007655954960141403
1976      0.007655954960141403
4424      0.007655954960141403
4422      0.007655954960141403
4197      0.007655954960141403
3627      0.0041346954924536515
2453      0.0055272445318939045
10409     0.006454138197623362
7572      0.0056958762438098064
10169     0.0058953252262975275
1292      0.006454138197623362
11827     0.002962446496361918
1944      0.007655954960141403
11593     0.006454138197623362
7888      0.004476914211897041
4970      0.004326547850040511
8278      0.004693508463779486
2129      0.004274537628095544
5736      0.006454138197623362
6641      0.006897693006327849
5977      0.006897693006327849
3276      0.004010720624266795
2423      0.0058953252262975275
2502      0.007655954960141403
2424      0.007655954960141403
4848      0.0038646451910736303
11024     0.001775718811146615
3449      0.004563603077107907
6218      0.005032799581909098
3852      0.0031411144324379934
9930      0.0036340089884804817
4960      0.003024093270626906
6088      0.003972332799186854
2439      0.002564798035531988
8135      0.003421090382369143
7207      0.002197832476352417
698       0.004225910033144947
2339      0.003379627418994486
8396      0.004622907144887185
9160      0.0024844727347423613
2569      0.004494059481291766
1449      0.0058953252262975275
56        0.003972332799186854
8187      0.0013120911317336264
4757      0.0027959576661507413
6033      0.0016201883427717904
7425      0.0012048179736198518
3888      0.001984845591068238
3432      0.006897693006327849
2639      0.0030894225756505833
11958     0.0018544535560595674
10948     0.005032799581909098
4330      0.008988118962583532
825       0.004179352336182698
10772     0.0050679615299203395
8813      0.005252321435105321
8450      0.003890389877950244
953       0.0021387466524076717
6536      0.007296471093952836
8765      0.0038646451910736303
3857      0.0037307861096545617
10165     0.006897693006327849
5186      0.0014421826166801704
4271      0.007655954960141403
3080      0.0034441215648373293
1211      0.0040917903556809045
2631      0.0026402721498328522
1404      0.007655954960141403
4937      0.0017359347628261316
1789      0.005381169098700739
7769      0.0016604606485252672
2738      0.00192759765721022
2258      0.0058953252262975275
1737      0.011054489063787809
7447      0.001589859329632966
6102      0.006894025094292162
8615      0.003123611006857822
10730     0.007655954960141403
2933      0.0041346954924536515
346       0.0026975596237335062
7790      0.0028352651556484143
7007      0.007655954960141403
4734      0.006454138197623362
9474      0.0029040891536616
232       0.002005985064206153
4016      0.0011988237626743739
7256      0.0018709041030594608
6126      0.0055272445318939045
936       0.0056958762438098064
10243     0.0013641109215542704
2911      0.005137063272483973
8282      0.007655954960141403
2008      0.0040917903556809045
4140      0.0056958762438098064
10317     0.0011839803767281895
3443      0.0044349131441393155
984       0.004556587399994617
3117      0.0033335284018673503
12066     0.0035935271094619686
3634      0.0019334320217623128
368       0.0012383864327161576
10338     0.0055272445318939045
11970     0.0041012838158704
3873      0.0023311606218370286
9283      0.00476898257808035
8261      0.0017506847493476735
7753      0.002721341881246961
9540      0.0056958762438098064
5255      0.003421090382369143
7258      0.007655954960141403
1917      0.0032524586704532413
11884     0.0014018653288850966
3399      0.007655954960141403
11063     0.0026291660568730155
6432      0.004225910033144947
9006      0.007596650892362125
7552      0.0018820101960192975
4964      0.006897693006327849
8373      0.0031589024790059698
2718      0.007655954960141403
10635     0.007655954960141403
1212      0.007655954960141403
1451      0.005258332113746031
3730      0.001791018931328462
3023      0.0055272445318939045
9545      0.0032524586704532413
3470      0.01708762873142942
10882     0.006885524050206695
10866     0.00924581428977437
7472      0.007655954960141403
8106      0.0017117849794363955
3768      0.0033985341036464065
7922      0.0024941967166396866
8654      0.0038646451910736303
2695      0.0055272445318939045
8104      0.002685859611023774
2610      0.003195370547944567
6426      0.007655954960141403
1070      0.006139431052514294
12131     0.003972332799186854
1399      0.002037695712337187
8127      0.005252321435105321
559       0.004010720624266795
6414      0.004325427769375864
2866      0.0037357975274782116
6936      0.006897693006327849
3646      0.003766614798050029
8128      0.004050504672587279
427       0.006139431052514294
8871      0.004378801318670418
6009      0.001981262186892302
6166      0.0035312726729044446
7319      0.006048186541253812
7049      0.002391710346943927
10139     0.007655954960141403
10065     0.006139431052514294
11214     0.007655954960141403
10030     0.0033985341036464065
1955      0.0015771142445714995
10901     0.0022898749387434032
6656      0.006897693006327849
6114      0.0012539921290417033
3493      0.006454138197623362
1082      0.006897693006327849
2791      0.004693508463779486
6079      0.002554428851162133
11894     0.004693508463779486
7758      0.006454138197623362
8959      0.001683491830993453
2839      0.004693508463779486
4380      0.0037058246728189975
5661      0.004937614289996253
11417     0.0055272445318939045
6203      0.0016788466403174572
6204      0.0030894225756505833
2882      0.0025441570314632934
9846      0.003648235546976418
2752      0.00476898257808035
1709      0.004556587399994617
10303     0.005137063272483973
6840      0.007655954960141403
7555      0.0058953252262975275
5916      0.007655954960141403
6108      0.0034676480793313933
11829     0.0056958762438098064
5702      0.0058953252262975275
1723      0.006897693006327849
1694      0.0032524586704532413
6233      0.0023144589117639475
8122      0.006897693006327849
9743      0.004850052309494459
8055      0.004050504672587279
8749      0.0037357975274782116
10305     0.006454138197623362
10123     0.007655954960141403
1807      0.0038993763862515476
