t_index   tf-idf
10153     0.018519154854510847
2685      0.0023275638658386546
1718      0.006321418149303618
416       0.0033045568900256688
196       0.013307214221317953
10673     0.0012265693409570964
4125      0.005197868934754729
576       0.00739516817317795
1921      0.016147959878000304
10522     0.0035825696435797974
3857      0.007207406742252366
699       0.002876111004245423
7488      0.004380156389385945
10797     0.00352396474975581
11060     0.0032404962118691015
6599      0.003874102403488851
9429      0.010738776606636073
12012     0.0062388517398433456
11238     0.003974573037867981
10958     0.004216145984171619
12020     0.0026883592893736483
7814      0.003160709074651809
8545      0.00391253127741399
698       0.00408196175950984
2609      0.005930302014229135
2499      0.010146820485337287
10741     0.006662735093703543
10989     0.0041780895971830125
6484      0.004229645069372643
11884     0.001354113225224777
11053     0.003700487054253649
3903      0.0016627451629757045
9589      0.0032433193002726545
6511      0.014529392690533825
2358      0.005338968562437665
9480      0.006662735093703543
4510      0.004401375177123755
8049      0.009540294593818749
6648      0.002751652312159337
4073      0.0029355302780310517
5963      0.0024409208747649723
6294      0.00739516817317795
4088      0.0036085440837198297
12171     0.001350298203190307
8949      0.005188740951710163
3888      0.000958617639481862
338       0.0035123673005939006
6232      0.0021005422387359025
9488      0.003887420296318917
9160      0.002399843493169629
6106      0.005930302014229135
4739      0.0035306418433429868
10943     0.0025080631323946946
11761     0.009313767340242335
2607      0.008681954326388472
1472      0.011003712256897778
819       0.024937156831693185
8628      0.03331367546851771
3461      0.0029521637870445518
10531     0.037405735247539776
808       0.022807195101554375
6989      0.0015523444729795453
6114      0.0012112770686850518
7207      0.004245934273050655
12191     0.002628644104270179
4329      0.009722732039016604
4518      0.007358762924307422
10681     0.005197868934754729
10740     0.011725877831917352
5223      0.003638311617581172
5559      0.006480992423738203
10306     0.01186060402845827
6210      0.0016910507189562686
6361      0.0014600521297953152
8247      0.004536273233714204
7123      0.003783036755270809
4003      0.019848312595388197
6013      0.01186060402845827
1719      0.005338968562437665
1164      0.006234289207923296
1011      0.0050369476661483925
2686      0.01652715174707242
324       0.00222764593238212
7494      0.005665950636420619
8091      0.005568995000021116
9656      0.003700487054253649
4049      0.00743648814047869
8706      0.0027132234382341983
4787      0.004025433161908416
1795      0.005501856128448889
918       0.00408196175950984
6028      0.004603369508583466
7228      0.00739516817317795
9849      0.001974519256842977
2882      0.002457494748153108
1639      0.00739516817317795
3419      0.0029047900248743972
8776      0.004606535482963258
9473      0.008459290138745286
10910     0.0012515068421880583
8050      0.00739516817317795
11046     0.0028329753182103094
10657     0.017790906042687408
11020     0.003668942097649348
9560      0.0147903363463559
9302      0.005930302014229135
111       0.005197868934754729
6132      0.004091275095969414
763       0.009213070965926516
8633      0.004861366019508302
6241      0.00596837354030794
407       0.005197868934754729
9957      0.006662735093703543
9371      0.001296152923658757
8048      0.004487313009831498
6696      0.0019498005256626321
2656      0.0024977540011459002
11138     0.001286786153210523
3634      0.0018675730234541076
472       0.0025943704758550814
6233      0.0022356208953048353
5308      0.003952410635536057
5799      0.006294084339819673
7423      0.008930871710560645
4201      0.00739516817317795
10099     0.0024187132369573715
11977     0.005501856128448889
4648      0.0035514124636479975
4376      0.001635178097688852
8311      0.0030172106319283584
4225      0.006245933155735503
8977      0.004340977163194236
11137     0.005338968562437665
2894      0.022185504519533848
9131      0.00739516817317795
9202      0.0015398392670126083
758       0.0011183224393170974
5484      0.005501856128448889
667       0.0013471841671400418
331       0.002354092729610734
8685      0.004503507381359126
9638      0.00739516817317795
9651      0.004684843715010463
12064     0.0038996010513252643
2761      0.0041780895971830125
1353      0.00739516817317795
1581      0.006522842407981111
9260      0.0056945112283214566
10695     0.01186060402845827
908       0.005338968562437665
1378      0.00739516817317795
1520      0.0016216596501363273
3641      0.0033495286800354334
6311      0.0013822929637888042
1017      0.009380702265533883
2883      0.0027132234382341983
1822      0.003471119859991245
4322      0.002852047587002917
4460      0.004128932940033895
4413      0.004861366019508302
7922      0.002409236244540038
8920      0.002628644104270179
4937      0.0016768031650656308
113       0.004340977163194236
10978     0.006522842407981111
87        0.0037330027758059156
3962      0.0034456565177086052
8309      0.0033727532978121495
4623      0.012386798820101685
3728      0.011003712256897778
7097      0.01211531539610958
1902      0.009980410665988464
9359      0.003701511037583008
6011      0.0013645927581077708
5244      0.006662735093703543
10231     0.00352396474975581
8023      0.018702867623769888
10266     0.0147903363463559
384       0.0018962110247957723
5231      0.00739516817317795
6664      0.009213070965926516
3081      0.0147903363463559
7244      0.005930302014229135
1203      0.0147903363463559
11989     0.0028615359101111467
6293      0.013325470187407085
10593     0.012468578415846593
1395      0.006234289207923296
1052      0.0029365090181749415
1980      0.004533632263066803
6489      0.00739516817317795
6078      0.00739516817317795
4975      0.0047694230489744825
7438      0.006662735093703543
6133      0.00739516817317795
6706      0.004128932940033895
7023      0.00739516817317795
6607      0.0035409258302695028
1508      0.0011436501449174968
4794      0.0013232841402182206
6009      0.0019137739372171387
11319     0.00739516817317795
6173      0.009067264526133606
422       0.009369687430020927
8568      0.010146820485337287
5466      0.005930302014229135
9881      0.006662735093703543
5463      0.004229645069372643
12197     0.00739516817317795
6772      0.0047694230489744825
11699     0.00739516817317795
9123      0.004229645069372643
12178     0.00739516817317795
7426      0.0008368185953429189
5230      0.00739516817317795
5640      0.0030687661041179895
1552      0.00739516817317795
7434      0.005073410242668643
3369      0.003160709074651809
10068     0.004603369508583466
186       0.00596837354030794
2682      0.006453124684022448
1440      0.005197868934754729
3754      0.005197868934754729
7339      0.005477373561033677
12093     0.0015864338025241064
8469      0.004340977163194236
8932      0.00212910283063674
6022      0.0018233078048993164
4955      0.00825786588006779
8028      0.0017103513025002617
7254      0.005338968562437665
10490     0.004861366019508302
3251      0.0018619373963806747
10988     0.0013132044685103
2038      0.003638311617581172
888       0.00739516817317795
7346      0.006662735093703543
2560      0.00739516817317795
4306      0.00739516817317795
11729     0.00305129996147292
9162      0.0030005696963315083
5783      0.00739516817317795
1045      0.002818979384173591
11022     0.0024875444765872427
11414     0.00596837354030794
6492      0.006234289207923296
3212      0.00739516817317795
