t_index   tf-idf
569       0.0037278815259502865
10557     0.01287142968973341
3867      0.00261021009780657
10324     0.006253938516823329
3903      0.0028122973744156977
12171     0.001141918850846124
7447      0.0025974245014991257
4344      0.003244889138430414
9376      0.006253938516823329
758       0.003782967263862774
4739      0.0014928948535123123
10522     0.006059407915684349
6363      0.003776325383786446
7488      0.0012347354430985074
232       0.0016386338898967958
6727      0.002424547369780972
4953      0.009011781457003857
3259      0.008181820085510123
11679     0.004207328312252497
11238     0.002801010834299966
3065      0.04356907903016751
7207      0.0026930231268886095
2714      0.011166451838258413
11780     0.006552494188616947
4794      0.0033572208742573373
9216      0.002656843811049253
7165      0.004427128545939616
392       0.012100202920546373
9589      0.0013714035312881287
8565      0.005272207540033899
6373      0.06253938516823328
7539      0.012507877033646657
9264      0.002544868592607279
11542     0.004033400973515458
8055      0.0033087455864550413
4447      0.004815728631358269
11110     0.004839881724508977
4966      0.003589705076803363
4770      0.0050473282408777026
916       0.01168695113270308
3721      0.0033087455864550413
10879     0.005634535233564108
4906      0.0032979267954088344
2032      0.004546978057335677
4137      0.0014505357366773792
2877      0.010890514883350027
11884     0.004580580539649246
3676      0.005634535233564108
2524      0.004027639007500105
6036      0.014900715145572407
10043     0.0021940046616799147
10008     0.010829654165739633
1361      0.006018247715735918
9930      0.002968521745734056
9700      0.005634535233564108
9370      0.010649102318863114
10317     0.001934321850045643
3289      0.002776168804830501
1137      0.006205494658987168
5963      0.0006880785181950643
1419      0.004815728631358269
828       0.004395728667045666
10646     0.006253938516823329
10543     0.002672945328563567
7980      0.004815728631358269
2357      0.0008734915702530916
3863      0.004815728631358269
5211      0.002483344046234364
5316      0.00239578776910378
6580      0.0022132228226966707
9422      0.0038339976545688397
5483      0.003961874005903911
5521      0.008222310428057253
5028      0.005015131950304887
12062     0.007741261013366482
226       0.0017299527411969435
7227      0.0027277249469943427
12111     0.0035655061717994557
4347      0.0033502256685196477
11749     0.004815728631358269
10824     0.005634535233564108
1287      0.005634535233564108
11138     0.005441040215735854
8893      0.0020216240079005444
8467      0.0022428479681712438
4155      0.002957518781580607
5569      0.004224596273543066
12045     0.005495030904449119
3497      0.0022428479681712438
8912      0.004033400973515458
12084     0.001096520754673385
10939     0.005272207540033899
10881     0.0016804478354496995
8953      0.006253938516823329
4017      0.006253938516823329
10559     0.005272207540033899
5320      0.0041111552140286264
10135     0.006253938516823329
7675      0.006253938516823329
2532      0.006253938516823329
113       0.0036710732799852494
5443      0.004515053660826915
6150      0.0021659308331479265
191       0.002537518817268004
3954      0.0030033549846899734
7811      0.003622758267949194
9921      0.002957518781580607
2613      0.0014889183804759013
3924      0.0034520293892151117
7769      0.0013563845215319571
1879      0.0014422996410936879
5953      0.0020138195037500525
7888      0.0007314135564292697
1436      0.002283940727287746
9176      0.007697669318999279
6340      0.006253938516823329
10005     0.018761815550469983
10667     0.0041111552140286264
6388      0.002252945364250964
5710      0.0018974132171201087
6950      0.01268759408634002
7277      0.006253938516823329
307       0.0022945161175190443
4513      0.0021036641561262485
3957      0.0030033549846899734
10910     0.0010583730702454568
10353     0.0021210163527041557
1653      0.005272207540033899
7872      0.005015131950304887
1648      0.0028326261059558916
6098      0.011409066711117643
2625      0.0033824287035482755
5033      0.007223348144723215
6124      0.004815728631358269
4493      0.004395728667045666
3762      0.002383951701430753
1360      0.0024199408622544885
4263      0.0020951127985724266
11872     0.0020216240079005444
8450      0.0015889761127019
10966     0.006253938516823329
1081      0.005272207540033899
12044     0.0021210163527041557
8640      0.006700451337039295
5016      0.004033400973515458
943       0.005015131950304887
4322      0.002411916786539504
2592      0.006489778276860828
4896      0.0018639407629751433
5094      0.006253938516823329
3710      0.004652804256774678
11141     0.006253938516823329
6108      0.005665252211911783
3848      0.0022035620794695517
4970      0.004712316862732739
6681      0.0018838734119527808
9459      0.0021387121793747677
2399      0.0036710732799852494
1409      0.003377518745893209
2339      0.0009202414851445891
8837      0.002338115498321386
9872      0.0038339976545688397
2146      0.0030033549846899734
4976      0.004652804256774678
9697      0.0035333226840374857
1334      0.003864376847977672
6357      0.004815728631358269
8561      0.006253938516823329
195       0.018761815550469983
9471      0.0018190907031092089
6166      0.0014422996410936879
9194      0.003051669996726029
4069      0.0013714035312881287
9279      0.006253938516823329
4937      0.0014180372445308114
6387      0.004427128545939616
11024     0.0014505357366773792
10740     0.0019832657567563916
1891      0.004815728631358269
4999      0.004744540716064425
7997      0.003413997690256237
3730      0.0014630339829987643
587       0.0016134601112609693
8654      0.003156922100527225
6203      0.0027428070625762574
7415      0.004196325348099049
3692      0.0015841587962103312
4293      0.006253938516823329
9775      0.0017356264748290195
10563     0.0027230674393854694
11017     0.007552650767572892
9840      0.019262914525433075
8871      0.0071538441296796545
102       0.001975787804791178
1171      0.0031492027568413884
9849      0.001669809494984493
5179      0.0035769220648398273
10080     0.0071538441296796545
9384      0.005015131950304887
9132      0.0026254858551711933
7490      0.0033716297577616548
10338     0.004515053660826915
338       0.0007425838274403772
6210      0.0028601722036667755
7195      0.005015131950304887
2388      0.003156922100527225
11827     0.0024199408622544885
10902     0.0020866424977600143
10415     0.002175191123737796
11133     0.0034520293892151117
7408      0.002496582955710516
7907      0.002892892311927059
9824      0.0031275292603928353
10553     0.0020951127985724266
10425     0.003622758267949194
9256      0.002672945328563567
621       0.00153736223831206
4711      0.0034917519307694055
6973      0.0014672392145007938
6930      0.0018444430430494695
6360      0.003056579954381095
450       0.002740419635963376
9507      0.0037278815259502865
8663      0.004652804256774678
944       0.00522400938778812
12066     0.0029354532149308676
6237      0.003961874005903911
11958     0.0015148519789210872
4065      0.0026410272911597654
12100     0.008169202318156408
8157      0.002037440527790032
7902      0.0032762470943084733
10558     0.007923748011807822
3720      0.002483344046234364
8830      0.0033087455864550413
12112     0.0027945944069970165
6114      0.0010243515951225436
4641      0.006764857407096551
212       0.0023722703580322125
11766     0.0030768437753618556
11082     0.0028522666777794107
11835     0.0011965683589344545
901       0.005634535233564108
3342      0.0029139194007782652
11864     0.005345890657127134
7475      0.0010573724074479465
4645      0.005272207540033899
1508      0.001934321850045643
11032     0.0041111552140286264
10967     0.0034520293892151117
3919      0.006253938516823329
11220     0.0016035858666482766
3213      0.012507877033646657
10958     0.0007131012343598913
3532      0.005272207540033899
947       0.0031852930562589806
5792      0.009305608513549356
6616      0.001446408200262567
6302      0.009305608513549356
2516      0.005272207540033899
1098      0.012507877033646657
2925      0.0041111552140286264
8182      0.0029801430291144814
4317      0.006253938516823329
7790      0.0023160499316716475
9651      0.003961874005903911
3449      0.0018639407629751433
469       0.0038956503775676938
5021      0.003377518745893209
2437      0.0030033549846899734
5313      0.0024322667134668084
449       0.0012746057010007807
9734      0.005272207540033899
3857      0.0015237881538403921
6107      0.00223286339452019
5905      0.003722150612752805
10391     0.003961874005903911
6968      0.0035333226840374857
12196     0.0022734890286678386
8901      0.002147693260449768
5259      0.0016912143517741377
1304      0.004652804256774678
10601     0.004652804256774678
10134     0.005634535233564108
9836      0.003156922100527225
11001     0.002456519959307361
10037     0.004012165143823946
6696      0.0016489053828134606
8247      0.0019181155340087838
9018      0.003722150612752805
7150      0.0016085093504258287
3419      0.0012282599796536804
12030     0.005634535233564108
6073      0.002006082571911973
3801      0.0023270146096656123
2882      0.002078251731462814
9720      0.0028326261059558916
4457      0.003722150612752805
9364      0.004914880984205269
11933     0.005015131950304887
4398      0.004815728631358269
3096      0.0020617029243529083
1011      0.002129820463772623
11050     0.003027185998166959
4026      0.005634535233564108
10848     0.001998412052325053
