t_index   tf-idf
3259      0.007858427987268614
10424     0.010958115457713783
1879      0.005541167000565473
3852      0.004928942409794005
11766     0.017731376381334325
4332      0.010823652662103382
1802      0.018981265271760975
6435      0.010028158952837889
7110      0.006233265301490834
10385     0.0062564494293622964
10739     0.014508254043638043
7738      0.006787331321905999
6458      0.0043873327804815985
5211      0.014311128930473132
8881      0.0048216212791868315
2613      0.004290203554810007
11238     0.004304478309785876
5968      0.005959342372872437
433       0.02681339370109676
7665      0.01201349454219817
2637      0.002826607367108476
9801      0.0069591324830960795
8173      0.010127639780460374
10633     0.006118784289888791
11080     0.005368272260081224
10589     0.009633810782008595
1632      0.01201349454219817
8467      0.004308395701704444
3924      0.00663117107967804
6403      0.0019825890280745573
7552      0.002953193864899846
3321      0.007797119965950334
2877      0.00298858849989165
4513      0.004041030750503386
1653      0.010127639780460374
1399      0.003197490900386811
9775      0.0033340492757585115
2402      0.0043873327804815985
9264      0.002793463887085573
5732      0.009633810782008595
7805      0.008060925372237696
1798      0.002944458075156301
3616      0.004696267867419216
11937     0.00378114129984066
4558      0.0057247016290499515
10243     0.0010702609404289434
6184      0.01066575525017884
8418      0.011134904040220247
307       0.004407647561716424
8920      0.004270247932233373
7910      0.008241785018722579
2313      0.0064880399624667965
3251      0.0030247283395749298
8874      0.0017243863500235367
6011      0.0022167890260169714
8106      0.0026860815685227236
7771      0.00298858849989165
10572     0.004251487319488466
10008     0.016642567350354028
11077     0.005479057728856891
8048      0.0036448332945469277
9112      0.0050140794764189445
6349      0.0037670129980292046
8893      0.011650307523790487
8812      0.004874443261629446
199       0.003838846867312156
10958     0.001369830829639949
7132      0.00533287762508942
2939      0.004579448722906505
11549     0.002177325702275466
9972      0.007610556390787748
3074      0.012128570283448468
1171      0.0030247283395749298
6570      0.0046252268752773155
2362      0.0056812416120481215
9791      0.0036188240245417047
6102      0.0036059656949064406
4756      0.007897317921019414
9176      0.014786827229382016
449       0.00489690411609786
7769      0.0026055449702155377
11066     0.003868443789812353
10910     0.002033080285135541
4966      0.011492731668817093
2886      0.01066575525017884
4069      0.005268791432458739
6387      0.005669524303891051
3692      0.003043087648056209
11737     0.005815068755372102
11237     0.006787331321905999
2476      0.010127639780460374
6496      0.007897317921019414
11266     0.006558114140176012
8640      0.0032178056816216374
8894      0.01066575525017884
8805      0.003378350546871693
11872     0.007766871682526991
8043      0.006233265301490834
8178      0.010823652662103382
3179      0.010461745261196347
6971      0.009633810782008595
1813      0.008443968901913807
9924      0.006420714510692961
1131      0.004428205639525942
11472     0.008937797900365587
11480     0.008241785018722579
6963      0.007897317921019414
8837      0.008982799463906668
7988      0.00533287762508942
2643      0.005404412099764505
7475      0.0020311580633189798
11040     0.01201349454219817
4111      0.0038097516117929103
5885      0.00663117107967804
4112      0.006707476040924628
1771      0.0059602181902524975
11930     0.003312320137769508
2463      0.004008333019412517
5475      0.01201349454219817
9853      0.01201349454219817
9744      0.006233265301490834
4365      0.010127639780460374
8568      0.016483570037445158
8743      0.0050140794764189445
4857      0.008443968901913807
11857     0.009250767252332483
4380      0.005815068755372102
6363      0.007254127021819021
10391     0.007610556390787748
3753      0.008443968901913807
932       0.005910458793778109
9674      0.013414952081849256
5075      0.004178430379986438
6323      0.01926762156401719
4073      0.002384393170495577
7888      0.0014050078593858695
4787      0.003269670018862369
2301      0.0059602181902524975
11890     0.00629350232345422
10094     0.003631779399092044
3621      0.006420714510692961
9942      0.005862101258533004
1607      0.003071000116386196
737       0.003228053944776893
10571     0.004091275673492073
7256      0.0029357665174490353
12045     0.007037114676053416
3998      0.004956854878123992
338       0.0014264653760317125
7912      0.01201349454219817
4758      0.004428205639525942
9930      0.002851188870408599
1729      0.006118784289888791
9872      0.007364912490594687
2146      0.005769290603001292
3857      0.0029271187461123735
6161      0.0032802336151521983
4344      0.012466530602981668
8207      0.00663117107967804
513       0.009913709756247984
5939      0.0064880399624667965
5423      0.004770376310157711
4898      0.006707476040924628
1211      0.006420714510692961
6210      0.002747121918936863
12171     0.001096783718401613
7447      0.0024947595014398714
9443      0.010823652662103382
4906      0.0021117159717637594
10522     0.002909952813263432
1436      0.0043873327804815985
7097      0.006560467230304397
5802      0.0033450178688603774
8799      0.004602185200729
5107      0.0037391005296992176
1520      0.0026343957162293695
4065      0.005073277721358283
1889      0.00367124272283355
569       0.003580534430062923
7425      0.0018905641720437989
6028      0.0037391005296992176
11046     0.004602185200729
11461     0.009250767252332483
5799      0.0025561943316856576
9371      0.002105608109184779
8311      0.004901476560168203
10032     0.003913818563264646
8815      0.008443968901913807
11001     0.002359424308741852
635       0.0038097516117929103
8262      0.00378114129984066
6114      0.001967726779563463
12087     0.003518557338026708
8760      0.003898559982975167
4347      0.0032178056816216374
5142      0.003555474437845457
