t_index   tf-idf
4966      0.001446597568264042
12012     0.012757055050127438
699       0.008821504647349767
7488      0.00746369932022232
416       0.003378539506966542
196       0.06462440040688551
8959      0.001662552877871644
4960      0.005972960340491949
9984      0.012126139939543158
11940     0.006373862846906653
6511      0.0029709355203031847
4684      0.004635131492836955
1349      0.002687494345410556
10599     0.0058220002856719365
921       0.002840266238521631
574       0.004499913427357868
1921      0.016509481367806278
10522     0.003662776426645016
1668      0.00557381107860728
8304      0.0031740948398338307
10614     0.0058220002856719365
485       0.0018752656969362274
3220      0.007560731639741635
5559      0.0033130446345228876
2364      0.012747725693813307
3036      0.00427162891652293
7151      0.003034502944363852
12163     0.007560731639741635
9059      0.009579456551588558
10978     0.030009942869554884
11024     0.0017536327562816074
2913      0.006811900804756607
9264      0.0039556699445857275
1980      0.004635131492836955
1271      0.0056250320119216254
4335      0.022682194919224904
9864      0.005314239134786551
9747      0.003795782661705935
5965      0.004155692221493593
8160      0.0026640078871199052
11060     0.01325217853809155
7975      0.0041273703419515695
9739      0.002867968641800137
11001     0.0014849113186857926
5491      0.005186994054071673
4100      0.01512146327948327
8876      0.0029709355203031847
5351      0.003477462708139397
10797     0.014411437931837193
3785      0.002237649335260947
2712      0.0037510825923728402
5153      0.006811900804756607
10133     0.007560731639741635
12112     0.003378539506966542
9371      0.0013251712726958932
11930     0.0020846193901882725
6210      0.00518673019023154
3251      0.0019036225619712868
851       0.003424518128095928
3791      0.003102045844969859
10048     0.007560731639741635
9709      0.00427162891652293
9729      0.0026185133952982393
4873      0.0024067962981841086
9596      0.004413561068622292
4439      0.021241520610546964
9875      0.022218663878836815
7207      0.0010852481257610815
11884     0.0027688583859073797
6458      0.00276118207328817
7132      0.0033562637789741876
4330      0.004438163219086644
878       0.01369622489940457
880       0.007560731639741635
4286      0.003371573548052459
4347      0.0020251364115678465
5149      0.004438163219086644
5157      0.0031556271331691366
198       0.003522798081537902
1011      0.007724572726817124
10317     0.0011692542526395304
217       0.006542976366046508
3858      0.0058220002856719365
12011     0.004173348963080956
1718      0.009694413654342487
3592      0.0036597323261421443
1145      0.007560731639741635
5587      0.0024159906901243173
8615      0.0030847601236879485
3611      0.004324338615701881
1969      0.004635131492836955
3042      0.004040897440809252
1222      0.0054584977093579115
930       0.01512146327948327
10277     0.007560731639741635
3288      0.01512146327948327
5450      0.006063069969771579
6052      0.007560731639741635
5582      0.004522787814333985
6558      0.013623801609513214
6510      0.007560731639741635
11996     0.022682194919224904
7204      0.002199199208236506
12064     0.015947622209897348
6360      0.007390536606115482
11220     0.005815990531276584
7180      0.0036309216979087734
1093      0.007560731639741635
1221      0.007560731639741635
8949      0.0026524533969563145
8640      0.004050272823135693
6722      0.006811900804756607
1078      0.0056250320119216254
509       0.0030182570061574893
9791      0.002277518602510078
6077      0.007560731639741635
4073      0.00300125110515115
9824      0.0025206952247942256
5799      0.0016087491689464463
6387      0.0017840667274682037
7165      0.0017840667274682037
12084     0.002651288988911766
9942      0.003689332384101617
11927     0.004813152524999409
6696      0.0019934527762371685
5142      0.002237649335260947
7837      0.003424518128095928
8281      0.0038165774648164954
631       0.003378539506966542
2613      0.0009000178270040895
3419      0.0014849113186857926
10882     0.005099912402858317
1017      0.002397679496974145
8048      0.00458777524139489
4225      0.006385767480117641
8340      0.004040897440809252
346       0.0026640078871199052
2579      0.0025536738668431964
1581      0.0033344380966172094
3514      0.005314239134786551
2876      0.00231891579484644
449       0.0046228236618386515
3857      0.0036843832973454255
8920      0.002687494345410556
12171     0.005522115039912599
5275      0.0030847601236879485
5089      0.0038508766799548863
3730      0.0017687425764611926
3700      0.004173348963080956
9927      0.0056250320119216254
967       0.0014279384769346239
1399      0.0020123512383031423
10885     0.002214415439106361
6599      0.0039608360393878555
7759      0.003378539506966542
4468      0.0026185133952982393
10294     0.007560731639741635
6161      0.0020644256334166823
9935      0.006811900804756607
5963      0.0008318561190119433
3801      0.0028132564684017103
10974     0.003922925674818859
7979      0.003886300657851927
10426     0.002940501549116589
8655      0.0025328975624532317
1577      0.00427162891652293
9029      0.001831388213322508
10237     0.004155692221493593
5199      0.004379752532893801
2339      0.0033375922520915693
7227      0.0032976973239782345
4124      0.0029709355203031847
946       0.004280781949666506
6535      0.0015205953361874336
12198     0.004324338615701881
4579      0.004499913427357868
5861      0.004565408299801524
6427      0.004000125261236691
9259      0.003922925674818859
6336      0.0047096668743728835
7321      0.004379752532893801
6170      0.0054584977093579115
4825      0.0054584977093579115
7049      0.002361962705812784
8692      0.0058220002856719365
6989      0.0031741969074357865
4664      0.00218419432074916
6900      0.0015085692246311726
587       0.0019506010300319179
9111      0.006373862846906653
4245      0.007560731639741635
3769      0.0047096668743728835
3641      0.006849036256191856
8187      0.0012957715902941534
3603      0.004000125261236691
3898      0.004000125261236691
4051      0.006063069969771579
2061      0.004324338615701881
324       0.004555037205020156
11899     0.0035755077807168526
7494      0.0028964001387672567
7814      0.0032314712181141627
8545      0.004000125261236691
9533      0.003886300657851927
7447      0.0015700849598614117
9042      0.0034012842319413425
477       0.0029864801702459746
761       0.007560731639741635
7287      0.0036028594829592983
12093     0.0016219509772074819
922       0.0038508766799548863
10988     0.0013426045685515755
7769      0.0016398081528968436
3085      0.003522798081537902
2261      0.0019386635104255282
8091      0.0018978913308529675
4016      0.0011839130193575286
9202      0.001574313280453189
6311      0.001413239821187061
3261      0.0075021651847456804
9527      0.003548831498647765
5254      0.004499913427357868
10920     0.004499913427357868
2516      0.006373862846906653
470       0.005186994054071673
6361      0.0029854797280889278
11055     0.006811900804756607
12111     0.0008621074624350923
6808      0.007560731639741635
6203      0.0016579654631990808
8200      0.0039608360393878555
7475      0.0006391579477856989
9862      0.004789728275794279
808       0.003886300657851927
10404     0.004789728275794279
4871      0.005282042357648206
11167     0.006373862846906653
2036      0.0038165774648164954
8749      0.003689332384101617
10681     0.005314239134786551
8450      0.0019210009720724462
6616      0.003497285499142326
6150      0.0026185133952982393
10943     0.0025642137995378596
7210      0.007560731639741635
3903      0.0016999708009527723
7552      0.001858602109004132
6973      0.0017738265130531983
9849      0.0020187249118469243
10910     0.0012795256520877908
3500      0.003271488183023254
4322      0.0014579496993261181
3443      0.004379752532893801
10889     0.007560731639741635
8607      0.007560731639741635
11439     0.004000125261236691
5715      0.0054584977093579115
9145      0.007560731639741635
5562      0.005073169450686909
2194      0.007560731639741635
11238     0.0006772593360546186
