t_index   tf-idf
11008     0.0012621789917809595
1025      0.018962476679352015
559       0.0014191230729357555
1457      0.0011649022810634301
2656      0.002744858006606858
3720      0.0021513461790907324
9505      0.0019173374185928376
8261      0.0018583471804572897
7753      0.04044175982879842
10732     0.002543012945555083
3562      0.003374841503561317
2270      0.004231323563889213
7415      0.0018176596427594805
9507      0.001614750821400926
6203      0.0005940304066007401
10903     0.0007542687351351831
3799      0.013033979293305747
5573      0.005417850479814861
3616      0.0021179247245223915
1920      0.01655671043146379
6989      0.0017059186588090722
12171     0.0007419419271540323
496       0.021264548818861643
587       0.002096635331745537
5659      0.008268561075515131
2762      0.005591027551321433
2613      0.0012898651210539892
8888      0.003452476182272558
3993      0.002513227693494496
9163      0.0015493619639145775
5387      0.0021169693971570037
3774      0.00263726116495379
8974      0.003561080061706419
8808      0.0020153858010628282
8373      0.001117722178400508
8698      0.002543012945555083
11970     0.011609338145458456
4970      0.008164655954681322
7425      0.005541947916089176
12084     0.004274671819020843
4165      0.0009985169579323201
10958     0.0018533005342187545
8053      0.0016357345245278185
11115     0.0010589623622611957
2882      0.001800410590892919
9162      0.0010991391668380124
5963      0.0011921788229689882
4966      0.002591498317478364
1942      0.013512585300840717
131       0.004361480743415889
7475      0.0006870093449461255
7153      0.002616888446049533
11238     0.0012132720726112153
3137      0.0017513534186090276
9216      0.0023016507881817054
4739      0.002586619960096199
6132      0.0007493378183794247
12045     0.0007934001840648459
2523      0.0024406275610625275
9454      0.0019557184306255616
8320      0.004631970228057652
5028      0.0021723298822176242
7097      0.0059172841685098485
6823      0.0027089252399074303
7426      0.004904562462544593
443       0.0022047333452632064
7516      0.0024567919464446183
8259      0.0031815512454217995
1052      0.004302692358181465
9791      0.0016320186777344942
4684      0.0016607155616046843
481       0.0027089252399074303
5299      0.0008431305115988431
2185      0.004302692358181465
1913      0.0013682219476642392
9112      0.0022612515285810927
8048      0.002465622522781745
7568      0.0012269663881413217
8706      0.0009938813129360565
9747      0.0006799931506264643
9832      0.0011795104951348822
7412      0.00103262079045931
927       0.0009112128162899792
5342      0.0009038397984949793
4322      0.0020894680182855594
11995     0.0008218741742605818
10910     0.0009168793442768127
2038      0.0013327505123225147
198       0.0012621789917809595
1802      0.0010700223069865255
2257      0.0024372838881290904
7207      0.0007776644323635557
12191     0.0009628990435428195
9539      0.0041542074399655475
1527      0.0022702738529568065
4849      0.007914380350033825
9099      0.0012186419440645452
1454      0.0019343522455201644
7780      0.0012715064727775414
5996      0.01896387630071982
5720      0.0015124700876594749
6970      0.0027089252399074303
338       0.00032165395734048415
8876      0.004257811333910446
1351      0.0019557184306255616
5965      0.002233406782139605
4648      0.0013009184693042128
2084      0.001780767766504378
11075     0.0010535486833733233
1361      0.0008689448573522447
8333      0.0016874207517806586
635       0.0017181232759066066
5790      0.0011649022810634301
2339      0.0011958218229418992
505       0.0012025116213436927
4794      0.003393126979864368
7400      0.002235444356801016
9264      0.004881715077186308
4137      0.000628306923373624
1322      0.0011052349106261633
5363      0.0017116450501399507
5075      0.0009421950856832163
9824      0.0009031367917711931
5436      0.0014841145154087117
672       0.0010991391668380124
3982      0.0012354738016049853
2262      0.002687941536780538
8690      0.007321882683187582
7775      0.002543012945555083
6432      0.0014952640669862246
9006      0.005375883073561076
4162      0.0020964193566054925
6741      0.0016607155616046843
3931      0.0010535486833733233
2357      0.0011350719335374397
5215      0.0012186419440645452
1743      0.0013437732801575104
4102      0.005378365447726831
8525      0.0014055402150420508
2508      0.0023590209902697645
4049      0.00817218349127471
4417      0.005271352467358354
1617      0.006509578191677516
3597      0.0012810642850696744
11989     0.0010482096783027463
8592      0.0024539327762826434
3038      0.0019040322033727214
10647     0.0010032087939326386
11984     0.0024834877242697543
3535      0.001187026687235473
8318      0.0013797258692886491
1955      0.0022321367383061866
120       0.0021723298822176242
8223      0.003911436861251123
6403      0.0013411631660504358
9371      0.0009495879708088219
5071      0.0012715064727775414
2210      0.0008218741742605818
7256      0.001323973135320153
4305      0.0017312446656505803
1451      0.002790852739514939
5170      0.0028956163479595706
5488      0.002524357983561919
3785      0.0016034492562832453
201       0.0019970339158646403
9453      0.0024406275610625275
6150      0.004690919718849788
2155      0.002374053374470946
2511      0.0027089252399074303
5801      0.0016357345245278185
2107      0.0043446597644352485
11863     0.0006355421196500763
946       0.0015337560996131331
7343      0.0021723298822176242
944       0.0030170749405407323
1870      0.0019040322033727214
384       0.0020838040940937496
8174      0.0011946917244564333
6696      0.0028569269734308083
8687      0.0020153858010628282
2918      0.0010377476433016373
8367      0.0014331999599083332
8932      0.0015598239989156864
7888      0.002534523981637255
6308      0.0021723298822176242
9471      0.0015758967588432714
580       0.002027756021198956
2235      0.005203673877216851
7424      0.0008308414879931094
9583      0.000652333405760182
10275     0.0016607155616046843
8281      0.002734873691365831
10158     0.0019557184306255616
2179      0.005048715967123838
12003     0.0028663999198166664
212       0.001027560957222509
7837      0.0012269663881413217
3565      0.0004834977460810358
4376      0.0005989823512924404
11077     0.0012354738016049853
8640      0.0007255836340911535
5255      0.0012104927645281193
4773      0.0020153858010628282
5463      0.0015493619639145775
8504      0.003561535533008756
2344      0.004436371330119067
12005     0.0007879483794216357
5719      0.0015124700876594749
5084      0.0018584417199080324
226       0.0007493378183794247
8959      0.0005956740257614981
5989      0.0016320186777344942
3885      0.002734873691365831
7243      0.0024406275610625275
5701      0.0027089252399074303
675       0.006823455217182887
4286      0.0018119954095148242
6292      0.0019040322033727214
5586      0.0016874207517806586
2685      0.0008526102931013253
4451      0.009683942116224954
6636      0.0017161058528246881
2662      0.0024209855290562386
2966      0.0010377476433016373
2658      0.0028480031047897945
10397     0.0019557184306255616
10145     0.0006903710304515157
4977      0.0016874207517806586
12061     0.0021723298822176242
7614      0.0020153858010628282
2091      0.00619744785565831
2096      0.0013797258692886491
10805     0.0016738744635625207
736       0.0018584417199080324
9124      0.0017161058528246881
8650      0.0018584417199080324
7335      0.0018176596427594805
4641      0.0007325580882016318
11833     0.0018584417199080324
9600      0.0005748328327539401
6038      0.002162815180882907
3643      0.0008623280854456433
6684      0.0031384322962982316
2679      0.0014952640669862246
11170     0.0010991391668380124
346       0.0009544841092889501
1693      0.0013218463622182263
386       0.0013924178827597812
9908      0.005417850479814861
6441      0.0021723298822176242
6246      0.0011946917244564333
8822      0.0009308702695653528
6505      0.0010931379345216412
3033      0.0018584417199080324
3730      0.0012674412045229936
4937      0.0012284600728020931
2600      0.0021723298822176242
7470      0.0024406275610625275
6900      0.0027025170601681437
9196      0.000663946428711715
2113      0.0012715064727775414
4210      0.0010482096783027463
8913      0.0011439743881494168
8329      0.0033214311232093686
967       0.0015348429618388204
11419     0.0027089252399074303
11424     0.0027089252399074303
3837      0.0012025116213436927
2803      0.0017378897147044894
3696      0.0017790043387128558
8187      0.0013927812280701863
11732     0.0014629894033013364
11456     0.0027089252399074303
8028      0.0012530381200135607
6631      0.001612268447235172
10383     0.0027089252399074303
3712      0.0012269663881413217
4341      0.0024406275610625275
11969     0.0027089252399074303
5033      0.0052147165750675625
6458      0.0009893005289321251
8299      0.0007906646834162929
9551      0.004731241149230345
3904      0.0016357345245278185
2281      0.0010535486833733233
10545     0.0015692161481491158
3495      0.0015493619639145775
2063      0.0005491695590368353
11958     0.0006561658304417542
6882      0.0008722961486831777
10919     0.0010644528334776116
4838      0.0012858302748901525
8296      0.0012810642850696744
3419      0.0005320270500104176
10461     0.0014629894033013364
7368      0.0007825722967390037
1936      0.0030249401753189497
10108     0.001244172408814572
5197      0.002524357983561919
11373     0.0018584417199080324
9775      0.0007517954249259388
3310      0.00103262079045931
6885      0.0013674368456829155
6083      0.002283683479907731
9379      0.0010814075904414535
621       0.0019977487909616605
8864      0.0014191230729357555
8408      0.0007325580882016318
4041      0.003911436861251123
12111     0.0009266502671093773
6114      0.0013311092920576368
6161      0.0007396605210637311
1726      0.0007852510045284201
11549     0.0004909655995327031
3385      0.0008859992338587163
5968      0.0006718866400787552
5151      0.0034941762444358508
6607      0.0006485385544744945
8414      0.0024406275610625275
9003      0.0024406275610625275
7125      0.0016607155616046843
4518      0.0013477948136766265
5802      0.0007542687351351831
3723      0.005417850479814861
564       0.0008160093388672471
4016      0.00042418273955590593
7123      0.0004619216002425141
6088      0.0014055402150420508
8882      0.0008558225250699754
6311      0.0015190438719711189
1043      0.0011946917244564333
2749      0.000946248229846069
11255     0.0027594517385772983
8410      0.0014331999599083332
7496      0.0012621789917809595
8646      0.0012269663881413217
449       0.0011042038693161841
9792      0.001343970768390269
11475     0.0027089252399074303
8601      0.005148317558474065
11046     0.0020754952866032747
3890      0.002283683479907731
4520      0.001117722178400508
7892      0.0009381839437699574
5640      0.003372360611744635
4073      0.0010753145670862408
12063     0.0009038397984949793
3185      0.0038145194183326243
9553      0.0011508253940908527
7552      0.0006659162636538868
11722     0.0027594517385772983
10902     0.0018076795969899585
8374      0.0015124700876594749
8805      0.0007617849272357739
1328      0.0024406275610625275
8654      0.0013674368456829155
10309     0.0024406275610625275
6395      0.0019557184306255616
6765      0.0017161058528246881
2438      0.0009985169579323201
8182      0.001290864092824989
8613      0.001612268447235172
6174      0.0011946917244564333
8648      0.0011372425361971478
10206     0.0018584417199080324
8799      0.0020754952866032747
8157      0.0008825277152459496
4244      0.0024406275610625275
6529      0.005417850479814861
6209      0.0028956163479595706
4138      0.004051066424899085
10833     0.0018684278849975798
1710      0.001157799848201331
4406      0.0010872283276597758
8685      0.0008248402556767383
1508      0.00041893066805801356
10237     0.0007444689273798684
7351      0.0013218463622182263
2738      0.0013640931727494782
948       0.0038080644067454428
11835     0.0015548989904870182
9541      0.0010644528334776116
6076      0.002055121914445018
10544     0.0010810068240672574
6482      0.005417850479814861
5570      0.016253551439444583
3579      0.001027560957222509
10229     0.0021723298822176242
835       0.0010700223069865255
7786      0.0018176596427594805
7272      0.0024372838881290904
7689      0.002581728185649978
4046      0.000946248229846069
450       0.002374053374470946
2813      0.001943001983121612
8491      0.0006319076166015564
10059     0.0023893834489128666
8111      0.0012621789917809595
673       0.0024406275610625275
1739      0.0034322117056493763
5015      0.0008558225250699754
6514      0.0012621789917809595
7338      0.0024406275610625275
10317     0.0008378613361160271
8449      0.002162815180882907
4681      0.001780767766504378
2558      0.0013112409938584152
5587      0.0008656223328252901
3312      0.0006882730755553684
11515     0.0027089252399074303
7840      0.0016874207517806586
1208      0.0027089252399074303
10485     0.0010644528334776116
3243      0.0015901440410631292
806       0.0021723298822176242
1467      0.001244172408814572
5582      0.0008102320416052861
1375      0.005417850479814861
6180      0.0027089252399074303
3788      0.00625787196481315
6068      0.000946248229846069
8828      0.0011649022810634301
2376      0.0010756730895453662
3660      0.001343970768390269
8889      0.001027560957222509
1766      0.0012810642850696744
11823     0.0010700223069865255
8512      0.0012354738016049853
6521      0.001027560957222509
2272      0.0014331999599083332
6361      0.0005348319298982839
10553     0.0009075087523228156
4664      0.0007825722967390037
8877      0.002283683479907731
10224     0.0015692161481491158
3321      0.0008790870549845966
7922      0.0008825277152459496
11220     0.0006946013646979165
5764      0.0008722961486831777
7065      0.001612268447235172
12064     0.0007142317433577021
6179      0.0019557184306255616
10289     0.000807375410700463
10032     0.0008825277152459496
11439     0.0014331999599083332
2646      0.0012104927645281193
6648      0.0010079581999086341
6422      0.0019040322033727214
9132      0.0011372425361971478
4710      0.002283683479907731
6616      0.0006265190600067803
9581      0.0006820465863747391
10265     0.0014331999599083332
6740      0.0006738974068383133
11606     0.0014787904433730223
6176      0.0015124700876594749
8337      0.001187026687235473
3570      0.0012354738016049853
636       0.0027089252399074303
1538      0.0007852510045284201
8262      0.0008526102931013253
3326      0.002248240407829757
2919      0.0012810642850696744
5186      0.0005102909971675826
6668      0.0012354738016049853
6734      0.001612268447235172
3860      0.0022104698212523266
9500      0.00047136284221882795
11907     0.0019040322033727214
4987      0.0019040322033727214
3431      0.0014629894033013364
5395      0.0008045397076824691
1929      0.003716883439816065
6387      0.0006392110734779125
1131      0.0009985169579323201
737       0.0007278945169594955
12117     0.001612268447235172
2112      0.0009112128162899792
9550      0.0007934001840648459
2779      0.0024539327762826434
507       0.0014629894033013364
7790      0.003009626381797916
9399      0.0010127666062247714
3903      0.0012181608948003823
1948      0.005241264366653776
1520      0.0011880608132014802
11930     0.0007468957173401832
8892      0.0027089252399074303
11927     0.0005748328327539401
10259     0.0007746456361686093
11814     0.0018605684930099592
12082     0.0019173374185928376
10201     0.002128905666955223
3857      0.0006600365800057313
7204      0.0007879483794216357
11558     0.001290864092824989
2778      0.0017161058528246881
5291      0.0013924178827597812
5313      0.0010535486833733233
8584      0.001290864092824989
1430      0.0013555260065046789
2129      0.0015124700876594749
8159      0.0005940304066007401
3800      0.0017161058528246881
4906      0.0004761712485349654
5799      0.0005763967610663738
467       0.001780767766504378
733       0.0014331999599083332
3761      0.0013555260065046789
7972      0.0022228563808874926
9105      0.0012104927645281193
111       0.0019040322033727214
10062     0.0011508253940908527
2619      0.0021723298822176242
1511      0.0020859573216043836
11001     0.0005320270500104176
11240     0.0014952640669862246
5259      0.0021976742646048954
9674      0.004537410262978424
584       0.0020153858010628282
10255     0.0020859573216043836
12036     0.00103262079045931
6623      0.0013112409938584152
7339      0.0010032087939326386
