t_index   tf-idf
7244      0.007232504830410014
10116     0.02280972876370749
1340      0.011494594292313977
8893      0.011661831072280885
10740     0.00858041980222795
4067      0.00403018659287997
4966      0.001725614903389154
4111      0.005720279868151966
12171     0.003293605706298019
7447      0.007491681351504897
1261      0.008874457417364165
11110     0.0034898850417082535
9194      0.013202774051117359
4906      0.0015853535336980155
3259      0.008849476027206052
5759      0.002403186047569172
6950      0.0036594485020541544
1360      0.0034898850417082535
7475      0.0015248753413047535
8091      0.002263953456981878
9507      0.002688057005358812
4937      0.004090006533186791
9370      0.0061429836521869115
6033      0.001908649175312762
6036      0.008595546066169957
1648      0.004085033494049149
2643      0.004057318282612522
8894      0.008007228718976994
6388      0.003249054738949462
7770      0.00812576891249898
8195      0.009019032994587945
5603      0.01803806598917589
341       0.0033244392486648762
6535      0.0018138852378259593
10317     0.0013947780699142174
392       0.0058167147570579005
307       0.00992701631852453
6166      0.0020799929542181968
3903      0.004055716688326496
9488      0.002370518904728598
8418      0.005572958896490055
10030     0.004003614359488497
9264      0.0020971702179010386
7746      0.00812576891249898
12084     0.007906663008475742
11780     0.014174386538580871
4518      0.011218292143510201
8600      0.006187452847883717
2163      0.006709978839146865
10080     0.005158409862053875
10741     0.00812576891249898
9113      0.004771662774531602
1171      0.006812370355303775
3973      0.00812576891249898
2648      0.00812576891249898
2310      0.005713563106437093
1083      0.004085033494049149
1399      0.0024004902011806033
2402      0.003293754283269568
580       0.0022503879879181296
6871      0.005922975869542505
6114      0.0029545096452792655
9930      0.0021405067780812335
569       0.002688057005358812
6182      0.006168629787395472
5351      0.004148189936712278
8812      0.018297242510270772
12087     0.005283056418520815
8325      0.004437228708682082
7405      0.0056180595949492556
6779      0.006051673944142841
960       0.00760324292123583
8901      0.003097266838512128
1034      0.013539170735592729
7150      0.0023196900424538656
3490      0.004593627374901675
6335      0.003764279250842709
10424     0.004113357879527577
4137      0.002091870528264707
10903     0.0025112448689070493
8605      0.003878398692442637
11218     0.01625153782499796
7888      0.0021095963704725524
1879      0.00623997886265459
11196     0.007340388170282842
6184      0.004003614359488497
11767     0.006511323677038221
9176      0.00740072658562542
10571     0.0061429836521869115
2613      0.002147223539796107
11872     0.005830915536140443
6706      0.005035582903127392
10890     0.0052941887657947505
6011      0.0016642362717575485
6607      0.0021592292525827385
9471      0.005246754194131011
3312      0.004583040894795985
9503      0.0022571528730661963
6989      0.0018932153661560625
9791      0.002716802605961577
6102      0.0027071493199149247
10415     0.0031369225107910053
5186      0.0016989510350802009
3894      0.00812576891249898
9724      0.00812576891249898
2038      0.004437228708682082
10433     0.003878398692442637
2112      0.0030337708601701984
9031      0.009019032994587945
11238     0.0008078879913767261
11084     0.0038087218501591863
2365      0.00370036329281271
2524      0.0029042026077819747
11025     0.0050955336036861065
851       0.004085033494049149
4641      0.0024389619435081036
3565      0.0032194924101063634
12070     0.006051673944142841
8100      0.006511323677038221
9299      0.005713563106437093
329       0.0028710151687537443
5118      0.006709978839146865
6539      0.00812576891249898
4870      0.004635883870790726
1746      0.006944938026231806
1334      0.0027864794482450276
10584     0.009019032994587945
7989      0.009019032994587945
8320      0.003084314893697736
4635      0.005529147952879692
5939      0.004870843057875667
873       0.0058167147570579005
5893      0.004085033494049149
2282      0.009543325549063205
3888      0.001169115281385891
1731      0.006511323677038221
8467      0.003234492915522921
368       0.0014588706640602809
8036      0.008390244268558581
6174      0.003977578975786701
8438      0.00760324292123583
3497      0.006468985831045842
1107      0.004437228708682082
226       0.009979311955153882
5926      0.003902487387463941
7207      0.0012945689808782042
2714      0.0053678492516257064
4397      0.006458874470091844
3817      0.007232504830410014
4558      0.008595546066169957
5212      0.008007228718976994
232       0.002363133740325943
4016      0.0014122641951980015
3378      0.0028710151687537443
10145     0.0022985053298712186
4405      0.006511323677038221
3211      0.00812576891249898
11412     0.0013775260363456264
10243     0.0016069793348873751
8060      0.003581321087447777
6740      0.0022436584287020404
3385      0.008849476027206052
4794      0.003227713837564918
5211      0.003581321087447777
1798      0.002210527872446719
8769      0.002527873585577668
9056      0.0042333242209388776
7702      0.004635883870790726
5587      0.002881982959732865
6150      0.006247135815488975
2357      0.001259694074608316
7424      0.0027661844199651895
11679     0.0030337708601701984
11108     0.003854752016860218
587       0.004653659430699294
223       0.005158409862053875
2077      0.004331247841422335
1560      0.0024866973141118268
11016     0.004057318282612522
10958     0.002056778634414879
211       0.009019032994587945
9921      0.00426514577996491
4970      0.0033979020701604017
11984     0.002756155515955158
11522     0.0063392407483210495
10353     0.0030587950961846275
9836      0.00455271258414312
9701      0.0022369638283927695
2478      0.005035582903127392
4513      0.0030337708601701984
3957      0.004331247841422335
1341      0.00760324292123583
9972      0.005713563106437093
3074      0.00455271258414312
8685      0.0027462040559919896
7012      0.009019032994587945
1322      0.003679743530333992
11101     0.0050955336036861065
862       0.009019032994587945
7272      0.004057318282612522
1998      0.009019032994587945
10086     0.009019032994587945
2939      0.003437983759333371
12244     0.00472479551286029
11217     0.0053678492516257064
10670     0.006187452847883717
6981      0.00812576891249898
9296      0.004057318282612522
9550      0.0026415282092604074
10572     0.006383538823920368
7217      0.0014625265747715316
7981      0.0037213183506390806
11884     0.0016514555951554404
1855      0.007232504830410014
2146      0.004331247841422335
2625      0.0024389619435081036
7227      0.003933751703974037
3730      0.0021098947054522237
11814     0.003097266838512128
3703      0.004923450674968935
9371      0.0007903840528542272
11927     0.00191383512863478
12181     0.0024389619435081036
8640      0.0024157413574192117
6403      0.0014884125344298608
7769      0.001956091624523831
8627      0.0058167147570579005
539       0.004569146438921192
12044     0.0030587950961846275
11066     0.0029042026077819747
8082      0.005158409862053875
4729      0.004003614359488497
4412      0.0027071493199149247
11550     0.009019032994587945
7121      0.009019032994587945
5876      0.00760324292123583
7142      0.009019032994587945
18        0.009019032994587945
11138     0.0015693445370015579
3030      0.004820299024348129
7597      0.002363133740325943
4376      0.001994237976706582
6349      0.0028280542685501153
9069      0.0037213183506390806
