t_index   tf-idf
2637      0.0018243154690776645
11005     0.0028987860514902894
5963      0.0008530769383744928
11912     0.0023450536865271786
2832      0.0032550666469724483
3259      0.007607840360123569
5211      0.0030788398124232163
2249      0.0017287915386697556
9045      0.003146005472429209
11780     0.00812375555017305
10543     0.0033139067083721766
580       0.0038692895506551505
12093     0.0033266545552928964
8182      0.0036947691636470353
9656      0.003879847396169004
5212      0.020651296517565663
10243     0.0020722654433305305
4558      0.014779076654588141
11412     0.0023685013992269187
368       0.0025083643560628293
338       0.0018413047966123635
12084     0.0013594619560491454
8390      0.010695796362077983
4794      0.008324537473923806
2359      0.0054498064596535545
12063     0.002587010851814711
4493      0.010899612919307109
11132     0.0054498064596535545
6231      0.009543539002636861
4909      0.0083748679107352
5604      0.013072922777839155
6165      0.0155072148937558
8874      0.002225866053856912
8812      0.009438016417287627
3312      0.005910018296733087
10069     0.0038146583541476056
1879      0.0017881572080906435
658       0.028842638632557316
4857      0.027249032298267774
10781     0.027249032298267774
1899      0.0077536074468779
4308      0.005319315330961256
7888      0.00997483896089509
4255      0.00276829492279799
3565      0.005535555827580838
8208      0.013303960128919561
2839      0.004753374643164428
671       0.0030788398124232163
9588      0.0036947691636470353
3573      0.0027439446220167904
115       0.0029851591822580635
172       0.0077536074468779
6232      0.0044047084700023255
1955      0.0015972304976910338
3730      0.0018138635605545901
2939      0.005911227178037479
10259     0.002217225519849948
4906      0.001362918726674059
6968      0.008761198083888866
3352      0.005000594064103347
2613      0.0009229774654480713
8207      0.008559623893666041
11679     0.010432456937524048
3656      0.0029556135890187393
4762      0.003586596080603445
1295      0.0025359467867078563
8565      0.013072922777839155
7805      0.020810348154858542
12107     0.0032175073183481977
4873      0.0024681941629337034
8467      0.002780673756457205
5953      0.002496725201077871
7769      0.008408199967659836
7153      0.002496725201077871
4395      0.0029851591822580635
5790      0.003334235610594818
4380      0.0037530928446661786
7339      0.002871429252021481
5764      0.004993450402155742
4664      0.0022399135636254138
10590     0.0065364613889195775
7105      0.0069856737844697855
9495      0.013971347568939571
9600      0.0016453123427293897
10903     0.006476705516492415
10415     0.0026967930768790017
3085      0.003612665379536318
3578      0.006548669711753294
9645      0.0036947691636470353
7774      0.003949113329953735
9545      0.00329394411267841
12171     0.0007078731651928777
7447      0.0016101381476129784
9051      0.0155072148937558
2784      0.0155072148937558
1229      0.003488051686837805
10317     0.0011990821672476816
9714      0.003586596080603445
7217      0.003771975426260251
4924      0.005970520701122751
10094     0.0023439800713527734
8230      0.004614707137239446
7987      0.0038146583541476056
12196     0.00281866241819533
1802      0.0030626658888746982
7754      0.0064350146366963954
5752      0.010405174077429271
5799      0.003299577377124854
6950      0.003146005472429209
1436      0.0028316203914842968
9176      0.009543539002636861
6566      0.002662701338210681
109       0.003111913733760889
4322      0.005980569174786729
8450      0.001970006098911029
9872      0.004753374643164428
6973      0.001819077189406596
2437      0.003723547251426854
980       0.003949113329953735
6871      0.002545973045964061
4758      0.002858000068367508
4137      0.0017983682857785873
944       0.0021589018388308047
6848      0.004614707137239446
5351      0.00178308674575515
7201      0.0031991946024626785
11598     0.0155072148937558
11238     0.0006945363599335629
6616      0.0017932509829785906
5107      0.002413246005137505
10237     0.002130852389082174
4172      0.0030155143437369096
8558      0.002756052874630213
10544     0.0015470531334227842
10065     0.00621774012206167
5778      0.005096993454127326
9683      0.012987179375157634
4518      0.007715437657883546
9541      0.0030467246917394906
2235      0.003723547251426854
4138      0.0028987860514902894
8876      0.0030467246917394906
7123      0.002644265487102555
3785      0.002294732226466583
635       0.0024588447902643014
4227      0.005597745099902756
4070      0.0054498064596535545
6182      0.0026515666305513695
8337      0.003397561079281124
10099     0.0025359467867078563
7525      0.0024495736559400822
2257      0.00697610337367561
3080      0.010464155060513416
11063     0.002662701338210681
3470      0.005768527726511462
6765      0.0049119152216053575
6777      0.0025064011934685317
7095      0.0077536074468779
1194      0.005970520701122751
245       0.013971347568939571
9747      0.001946306926027788
337       0.0021034955896133654
8347      0.0026188186083442983
4111      0.0024588447902643014
3419      0.0015227917094685934
11913     0.006257656951700416
2036      0.011741817404511972
2904      0.0077536074468779
9202      0.0016144743335259743
8655      0.0077925368885678505
7165      0.007318314535124672
10205     0.0034418827529276103
1619      0.004232660401695232
8659      0.0026515666305513695
8917      0.003419500292959485
3756      0.005096993454127326
10882     0.001743337403017894
9729      0.005370624412805572
10805     0.007186557964733986
6203      0.0017002605005255879
3998      0.006398389204925357
7256      0.0018947676758025661
2707      0.00789822665990747
10033     0.003419500292959485
2024      0.0035362285852061056
11835     0.007417502837272256
1107      0.007629316708295211
10784     0.0049119152216053575
6582      0.00455138166855314
6882      0.004993450402155742
8495      0.0029556135890187393
8642      0.005319315330961256
9371      0.0013589766623054824
10958     0.0008840999997421099
6114      0.0025399738532120215
6403      0.0012795791431195484
5185      0.00621774012206167
1963      0.003561126129311096
1532      0.0069856737844697855
1011      0.002640542717840547
4158      0.0036667197138984045
8799      0.0029702878974092782
6161      0.0021170895526364955
2712      0.003846773474831331
8718      0.002858000068367508
2456      0.003488051686837805
1580      0.0028316203914842968
9396      0.0027201180244296897
3789      0.00482981143749464
5015      0.0024495736559400822
4417      0.0012573251420867502
6727      0.0015029719664713674
233       0.004102169273002933
3497      0.002780673756457205
9787      0.005096993454127326
7424      0.002378071810021094
6740      0.0019288594144708864
226       0.0021447883475043737
5186      0.0014605778031174174
8043      0.004023000309380564
9674      0.004329059791719211
4286      0.0017287915386697556
4347      0.0020767980547200873
1617      0.002070222996332815
3524      0.005970318364516127
6567      0.0069856737844697855
75        0.0022399135636254138
10953     0.0077536074468779
8624      0.0077536074468779
8814      0.004102169273002933
6011      0.0014307337336283003
2344      0.004232660401695232
2088      0.0025161624379916258
3790      0.004936388325867407
10032     0.005052020900540589
12169     0.004143981559197243
2365      0.0031811796675456205
3576      0.013303960128919561
9029      0.0018781073003970618
5395      0.00230278967351972
11138     0.00134915589022838
2357      0.002165902567056135
4796      0.00621774012206167
1361      0.0024871329845643332
10992     0.002640542717840547
7681      0.003846773474831331
9583      0.0018671379624054189
539       0.0019640336095872978
10919     0.0030467246917394906
6246      0.003419500292959485
7475      0.0006554629974741096
487       0.00270839416807982
634       0.0029556135890187393
1720      0.002662701338210681
374       0.003397561079281124
11080     0.0034647267392871168
11761     0.0032550666469724483
