t_index   tf-idf
6743      0.05399099167168718
6098      0.002103492572687092
6247      0.0019477075318719967
2613      0.001647073595397469
4417      0.0022437243810227896
11705     0.0036985646856573214
963       0.007886298324553393
8875      0.0024161700877601182
11549     0.0025077241396465537
12082     0.0016322098510327496
10385     0.003602917387622142
2361      0.0021183026444460545
2787      0.001724315830325028
9039      0.002288217302175845
11031     0.002465008757519453
9264      0.0013405659397432662
8034      0.0009707745033309544
8106      0.005156135332596731
2064      0.002745015474655331
6696      0.0024320728863348766
10501     0.0016180368218155364
6387      0.0076181544326184005
11050     0.002232492253579882
8653      0.005414693821161855
12093     0.0019788294168054865
5532      0.004236605288892109
4357      0.007913736525852
11739     0.0012884406995536354
11066     0.005940614742473599
3885      0.002328170168218864
4069      0.0010113840913596821
11864     0.0019712464790317048
9818      0.0026717155056499367
10902     0.0015388592623844716
4252      0.002745015474655331
822       0.009224322061232587
7759      0.008243841467681638
1955      0.0019001953113653577
1158      0.004612161030616293
1802      0.0018217982222137811
10856     0.0033297664327190902
9913      0.007124761563418621
4906      0.001621438970732113
1508      0.0007132628369667546
8741      0.004612161030616293
5040      0.004612161030616293
1402      0.0071791325703058325
5963      0.00405955884482915
12171     0.0025264304772893
4781      0.0031641450830604137
7128      0.004149669988590045
1192      0.0028502929670480366
9562      0.005029965104397129
10037     0.0044383435354289165
6439      0.04661673005806726
2790      0.004538227844691538
2798      0.004612161030616293
6114      0.0022663196140950965
1454      0.0049400832006228175
7787      0.018448644122465174
6349      0.001446212880882229
8822      0.0015848807927956387
2529      0.009224322061232587
9723      0.001995657434863958
10007     0.0026717155056499367
10768     0.0035875011312439115
3346      0.003031898989405026
3497      0.0016540578338865319
7339      0.0017080428934634607
6033      0.003904186780457668
1350      0.002047371834821887
7447      0.001915551301560812
7063      0.0036985646856573214
8984      0.004612161030616293
3646      0.002269113922345769
4664      0.002664783359457245
7475      0.0011696881411677586
6073      0.0014794478451429722
10237     0.0025350353156910845
9938      0.004981712019739301
12016     0.004266906414557058
10673     0.0007649772369246838
3579      0.006998017566031291
2809      0.0010370079847997185
8259      0.0031598259334272654
11024     0.0010697425918440155
6882      0.0014851536856183999
12087     0.0013508270205170824
6403      0.00228343713552138
12207     0.003533696072183421
9371      0.0044460602184076175
12198     0.005275824350568
10633     0.0023490932099269565
12135     0.0020340578373901643
3762      0.00351623832138193
9196      0.0011304216889446801
3931      0.0017937505656219557
6942      0.0017326055051376263
11913     0.001861154419625617
11995     0.004197918771716417
12196     0.001676655034799043
6880      0.0021955804968716826
11138     0.0016050655810911228
4322      0.0017787428805132004
1807      0.0023490932099269565
8760      0.0014967157446019992
3478      0.003888153056838353
2381      0.004155362858136807
774       0.0021977989562209986
2791      0.002827500546465032
2877      0.001147364021961438
10882     0.0031110239543991557
7165      0.0010883077760883428
1726      0.0026739047862849395
2357      0.003220917322784541
11884     0.003378091262927972
7497      0.0046449545973442025
10544     0.0018405002376380316
9888      0.004612161030616293
12204     0.004612161030616293
8876      0.0018123157498662829
7207      0.001986053474458064
11770     0.0031811473246848025
5839      0.00467333942854764
321       0.003094710347763486
6519      0.007397129371314643
10926     0.003551508520242972
10821     0.0015514124125604806
1094      0.0058087380528673745
5521      0.003031898989405026
5779      0.004612161030616293
5464      0.003431354884358867
6166      0.0021273372551488083
7319      0.0018217982222137811
6102      0.006921922009190664
6233      0.0027885893413362286
10353     0.0015642093283979052
5429      0.004612161030616293
6535      0.0009275862293586469
967       0.0052263848351537376
3888      0.0005978632015584906
9791      0.0013893209077527335
8768      0.0018713719957393778
7150      0.0011862451355188963
3419      0.0036232737487811146
1175      0.003094710347763486
921       0.0017326055051376263
9600      0.0019573973849769982
10433     0.003966677873605975
7496      0.0021489602864616644
83        0.0013993062572388055
670       0.0015025737428011464
7030      0.002008210585039967
1743      0.002287881062726444
7592      0.0026057584589411504
5626      0.00188175048516321
8408      0.0024944770105075295
8373      0.001903011053361715
8904      0.0016921621139821782
9824      0.0023064935061470684
1727      0.0031641450830604137
8187      0.0023713209983228364
11912     0.0020923999509529305
621       0.0022675509797258305
6037      0.0029745567118793816
3449      0.0013746209572168735
4871      0.004833188985829846
6210      0.0021093227480759526
4193      0.0016615044719665685
8326      0.0026717155056499367
3578      0.0038954150637439933
4665      0.0022505487381014417
9503      0.0011542648227971292
3500      0.001995657434863958
1879      0.0010636686275744042
1072      0.004612161030616293
2324      0.004612161030616293
2779      0.0020890080235122354
6538      0.002370702373985546
6607      0.00220837711113925
9991      0.002232492253579882
7888      0.0021576144972663127
7771      0.004589456087845752
10079     0.008310725716273615
2325      0.018448644122465174
10317     0.0028530513478670183
3838      0.00278496834069835
6251      0.00278496834069835
1327      0.003031898989405026
3692      0.0023365741273390617
6231      0.001892295037447471
6900      0.0018405002376380316
3340      0.0024822133163476226
4397      0.0033029449111091824
3573      0.0016322098510327496
8157      0.003005147485602293
9015      0.0032417665131778354
1520      0.0010113840913596821
8306      0.0031641450830604137
3861      0.0010728006969052076
8708      0.001404356247146131
7425      0.0014516319742855271
7788      0.004612161030616293
946       0.0013056709740257477
10599     0.003551508520242972
5302      0.0016394123321017355
7014      0.003888153056838353
5154      0.003888153056838353
2631      0.0015905736623424013
12208     0.005637780934002357
7922      0.0015025737428011464
8659      0.0015772596649106783
2797      0.003431354884358867
7987      0.009076455689383076
5710      0.002798612514477611
1101      0.0019593719152806327
11936     0.0028604069989926575
2682      0.0013415448887876714
3281      0.003400109337784714
9314      0.004016421170079934
2441      0.002181114002804514
3282      0.0017846604841512616
11220     0.0011826141596222495
11785     0.001861154419625617
4049      0.0009275862293586469
8347      0.0015577798095158801
2140      0.00278496834069835
10110     0.001892295037447471
4137      0.0010697425918440155
7256      0.00112708486936966
7123      0.0015729166478667706
10769     0.001227564791802524
89        0.0019712464790317048
6232      0.002620099727224449
4065      0.0019477075318719967
10118     0.0019477075318719967
10958     0.0005258986341409819
3730      0.001078959811437632
8060      0.0018314191296963595
1399      0.002455129583605048
10415     0.001604162194440924
8491      0.0010758730589179764
3993      0.002139485183688031
7153      0.0014851536856183999
6740      0.001147364021961438
11784     0.001179003079583775
9846      0.0021977989562209986
1483      0.0036985646856573214
12132     0.003031898989405026
9883      0.004612161030616293
5638      0.01383648309184888
3129      0.0026717155056499367
11767     0.0033297664327190902
2647      0.001700054668892357
10684     0.0012799916035916594
4138      0.001724315830325028
635       0.001462620876758128
6017      0.0019249804363186541
2339      0.0013573212800615183
10901     0.001379484598909152
346       0.0016250852361490166
12137     0.0021648410659429462
4073      0.0018308087166475906
1211      0.002465008757519453
1549      0.001892295037447471
8655      0.0015451059485678288
11339     0.0019712464790317048
5780      0.004155362858136807
1501      0.004612161030616293
11276     0.003888153056838353
1070      0.0036985646856573214
8136      0.003236073643631073
4842      0.002232492253579882
8913      0.0019477075318719967
7204      0.0013415448887876714
9509      0.0013893209077527335
8801      0.0021648410659429462
6778      0.007776306113676706
6648      0.0017161291355045334
4838      0.0010946142400809948
9411      0.0019833389368029875
7783      0.004612161030616293
5297      0.004612161030616293
3571      0.00152046680005389
953       0.0012884406995536354
10917     0.004155362858136807
1581      0.004068115674780329
8449      0.0018411825743176189
3736      0.0011862451355188963
5637      0.004612161030616293
12045     0.0013508270205170824
966       0.002745015474655331
7794      0.006189420695526972
7125      0.002827500546465032
7848      0.0033297664327190902
11835     0.0017648929360914868
11836     0.0045216867557787204
807       0.0024908560098696503
5832      0.0020748349942950224
2166      0.004178016047024471
11255     0.0023490932099269565
4794      0.0016505911430339567
5030      0.002232492253579882
4263      0.0015451059485678288
2085      0.0021977989562209986
3426      0.0020890080235122354
8566      0.0014249523126837241
8061      0.0033297664327190902
8162      0.004612161030616293
8176      0.004612161030616293
9561      0.008136231349560657
11679     0.0015514124125604806
72        0.0023078910156270863
7772      0.003031898989405026
6107      0.001646694400207606
5432      0.002288217302175845
5147      0.002745015474655331
7393      0.002103492572687092
11833     0.0031641450830604137
3250      0.0011862451355188963
25        0.0015451059485678288
4500      0.0027073469105809273
6408      0.0024401371092824735
6578      0.0018314191296963595
3041      0.0023078910156270863
10099     0.001508484279801942
8101      0.0021641221798099717
6727      0.001788057696075193
4016      0.0007222049071042891
8488      0.0036985646856573214
8159      0.0010113840913596821
11523     0.0021183026444460545
11766     0.002269113922345769
4488      0.0026717155056499367
6237      0.0029218069299989384
3565      0.0008231934311121734
5587      0.0014737909824430585
2744      0.0016615044719665685
3768      0.002047371834821887
9507      0.0013746209572168735
6161      0.0037779928890751425
1822      0.0021648410659429462
10289     0.002749241914433747
8868      0.0021183026444460545
11027     0.0011754116785532636
8296      0.002181114002804514
341       0.001700054668892357
5431      0.00278496834069835
3470      0.003431354884358867
2439      0.0015451059485678288
11937     0.0014516369481937588
9999      0.0036985646856573214
2729      0.0017668480360917105
11098     0.0024401371092824735
4603      0.0023078910156270863
2438      0.001700054668892357
12203     0.004612161030616293
6708      0.004612161030616293
2340      0.0019833389368029875
1580      0.0016843629642820097
6068      0.0016110629952766152
2932      0.0025177585393998956
4035      0.0031641450830604137
12031     0.0022149173331704507
472       0.0016180368218155364
3368      0.002288217302175845
1083      0.0020890080235122354
7847      0.0015025737428011464
4518      0.001147364021961438
3338      0.003551508520242972
2573      0.006063797978810052
3991      0.0033297664327190902
4817      0.002827500546465032
1011      0.0015707021933133454
2411      0.0020340578373901643
4469      0.002370702373985546
12111     0.0010517972682819639
3085      0.0021489602864616644
3162      0.002637912175284
2212      0.004612161030616293
6020      0.0010914534644386694
