t_index   tf-idf
12176     0.01420695856604593
2579      0.008849800814404871
8028      0.0030299757988258946
6203      0.0028728539491639244
10958     0.004481472412485868
1186      0.011044365795071011
2810      0.006931251530246336
667       0.009546425736113053
10440     0.006195491930380064
329       0.004170397033922465
3578      0.005532496825446749
2339      0.007710988996211557
8918      0.010297966428747966
7148      0.015774183409063815
417       0.016321431754292234
6835      0.018916517923809315
11022     0.008813627412735834
10822     0.01876414393466337
11867     0.004499047088700806
8491      0.00305603597339201
5023      0.008612161353525483
8418      0.004047601612321441
11927     0.0027800105101289693
5330      0.01290544957781783
7426      0.010377271977593007
10772     0.004336165360729256
7217      0.00424889185946557
6535      0.00263482467735926
5299      0.004077553594887509
5569      0.004424900407202436
8034      0.005515003428406025
9849      0.0034979629938037223
6900      0.0026139863288867733
6204      0.0052866412178158686
5259      0.003542802478285478
4417      0.002124445929732785
8143      0.00346502444943357
283       0.005375096679646049
2025      0.0024871384537809528
8755      0.004107992622850814
9399      0.004897948845621523
488       0.003220508826808884
103       0.007836899574837337
10821     0.01322044111910375
2801      0.008449279625553932
2382      0.008031564052243345
3861      0.006094617752245964
4891      0.0038370474418998155
78        0.004062517699000348
5387      0.005119050999159824
9396      0.004596061489553614
337       0.0035541822031398243
6210      0.0029957838167716656
1970      0.006931251530246336
2155      0.005740706651199141
5588      0.0066726397644045875
4029      0.007401701829492319
3653      0.0029789192074481745
1617      0.0034979629938037223
2813      0.004698379795393209
6655      0.008031564052243345
8329      0.008031564052243345
6410      0.008031564052243345
2146      0.006291510873100547
8932      0.003771815790481466
9738      0.005893604574312154
9371      0.006888605839962272
10101     0.005599359610697816
11851     0.004318912160497903
10988     0.0023264096403350573
1192      0.008096306315882137
2613      0.0015595136485157068
208       0.009354876384300251
10032     0.008536173245740996
6696      0.00345417248296268
4664      0.0037846815385394928
2357      0.0018298142376853555
10786     0.004945342743472658
12171     0.003588184664943208
6150      0.004537251659094363
7123      0.0022339484287590555
8259      0.0025644400124736058
11739     0.0036598380215769207
11970     0.0035090725752166996
4970      0.002467872839750119
10317     0.004052070772078372
4518      0.003259107286519774
9073      0.008449279625553932
4115      0.008160715877146117
7475      0.0011075064440079782
5799      0.0027875739910192734
3888      0.001698240732013126
7541      0.004806615659975239
1061      0.009481852297909642
5897      0.009354927670144933
876       0.0032985184047950745
176       0.00593386330816622
3730      0.0030648039471439627
9136      0.008790578099897143
9550      0.0038370474418998155
11085     0.008160715877146117
3583      0.007949507099313559
12181     0.003542802478285478
5395      0.003890920482843665
9488      0.003443383064196282
3319      0.0066726397644045875
5423      0.0104043552281888
5556      0.014803403658984637
627       0.007401701829492319
465       0.01050583675796627
9248      0.01050583675796627
5759      0.0017454174526526098
11059     0.008449279625553932
3318      0.007001899875884997
6215      0.0071517365407953925
302       0.010088121184655683
7490      0.003531491513517595
10578     0.0076476359895955226
4827      0.01050583675796627
1121      0.006104158744733779
6453      0.006242885828231198
867       0.006445457219076989
6026      0.016898559251107864
5963      0.002882811722782769
11912     0.0019811660455143405
5753      0.0066726397644045875
10910     0.002217109104048672
5434      0.005893604574312154
10008     0.004537251659094363
4629      0.008987808662658674
10503     0.004003553486538311
5435      0.005069358875240006
8159      0.0028728539491639244
7708      0.008612161353525483
338       0.0015555850867932037
1672      0.00723140639292476
1694      0.011131259415258075
8889      0.004969497387946789
5905      0.007797263783611479
7635      0.007075319441828015
6954      0.0075890539578590864
3643      0.004170397033922465
11154     0.006863172792387576
423       0.00593386330816622
8686      0.00381068138668567
11723     0.0043711562668593395
6681      0.003946389992280394
3266      0.004018121334173572
5075      0.004556650371278313
12111     0.004481472412485868
7227      0.0028570567332742466
4937      0.002970543538111958
8942      0.013594966562734321
4397      0.0031273573224438952
1520      0.0028728539491639244
3378      0.004170397033922465
186       0.0052866412178158686
11238     0.0011735269529911925
2447      0.004123399779567617
1508      0.002026035386039186
9859      0.008160715877146117
11884     0.002398881618824928
11074     0.005893604574312154
2493      0.008987808662658674
10881     0.003520248482881698
11863     0.0030736131821008004
