t_index   tf-idf
2803      0.0017889103301820526
5802      0.0015528248088471112
9047      0.002355117914685589
10821     0.009379640182361072
12176     0.026610024411412265
368       0.005412544005008968
9701      0.011065788039168637
6114      0.0027403754599792086
2809      0.0012539234164825955
2025      0.0031762355299661343
6311      0.0020848528738245816
8755      0.008743617325700816
10345     0.0014566999107559402
10958     0.001271806238161127
8686      0.008110808089092435
6900      0.0011127428042233605
7769      0.003628639692465309
10377     0.003189695639471846
5157      0.004655273789115571
10943     0.0018914017383747147
513       0.004602144162074753
2357      0.0007789300975100964
2232      0.003189695639471846
11970     0.0014937703439454576
4970      0.0010505440345358306
10243     0.004471530571296705
2762      0.007193959762136065
7887      0.01037619199451098
2656      0.001883627329304523
5963      0.0012271785682304631
12171     0.0020365965560044633
7140      0.0012434610700156777
12111     0.001271806238161127
2675      0.004796404988451995
9459      0.001907181870047958
8143      0.005900078328576795
118       0.0074452056381877395
10071     0.002226310672431763
10971     0.0023276368945577856
516       0.002561397142550367
7880      0.002579716813938625
9500      0.006792814243645275
8212      0.005533707163794062
10674     0.0017104663294096676
7404      0.003230569758207905
7426      0.0037864122130562166
9264      0.00453873811378766
10933     0.005130055077695552
110       0.0035641403942384426
10101     0.00476716120984181
5330      0.001831231989023692
11851     0.0018385093967624101
10907     0.005604907266639629
11739     0.004673848189023003
5147      0.0033192021977942444
7123      0.004754826013505513
6740      0.0013873631017845645
7888      0.0013044660125674315
8760      0.0036195804612576786
5587      0.0017820701971192213
320       0.004054736396082823
5402      0.014903126341333206
4562      0.0019564885606907128
11836     0.00273375373583319
4729      0.002475629429628667
5351      0.002565027538847776
10822     0.013312787134073098
4518      0.009711541712491951
7490      0.006013255274393263
11084     0.007065353744056766
4861      0.009402909594335688
75        0.003222187585105183
2508      0.0024282766523694276
8874      0.0016009898956181828
12084     0.001955629676224826
8800      0.0018759280364722144
132       0.0026782211423106916
11651     0.003044408949476204
1898      0.007853010619026064
1798      0.001366876867916595
7135      0.0018458538783287842
10553     0.0018683024222132096
4762      0.002579716813938625
6954      0.003230569758207905
2069      0.0034334326540190105
8769      0.006252428611667333
3535      0.002443750354271928
1383      0.004701454797167844
8801      0.005235340412684043
9507      0.0016621563501026048
918       0.0030783234553367787
4152      0.004026268035159414
509       0.002226310672431763
8259      0.0016374772923684676
297       0.002561397142550367
14        0.0026373470235746327
9284      0.008034663426932076
11863     0.0013084004738484142
6648      0.0020750992666008945
1942      0.0011127428042233605
4016      0.0017465432432356934
5339      0.00414910618127063
83        0.0016920051807713264
11722     0.002840463165764889
9314      0.004856553304738855
324       0.0016799311526771584
1334      0.0017230157322175674
7422      0.003532973884163854
11662     0.002369222187467774
449       0.0011366208636447328
10289     0.0016621563501026048
3021      0.0033675121771013076
423       0.0025259748394395654
5403      0.00783972158599704
2613      0.0006638663604690715
4978      0.0017357659339704626
4417      0.0027130538845761805
4794      0.0019958524096502337
7525      0.0017618951800523162
6505      0.0022504601147399664
2744      0.0020090485266531536
5435      0.0021579656129462046
11412     0.0034071653155851454
1560      0.001537645862120524
9312      0.007484088510738118
1879      0.0012861607808651969
8901      0.00191519068730016
4283      0.0021154557688140463
455       0.002950551110123211
12240     0.003273654337748314
8949      0.0019564885606907128
6681      0.0016799311526771584
3266      0.0017104663294096676
8262      0.001755282107999426
2658      0.0014658071025569494
1285      0.00414910618127063
6841      0.002980625268266641
9848      0.0020653215904448082
2362      0.0026373470235746327
1017      0.003537127184526996
5569      0.001883627329304523
11138     0.0009704020348064679
2261      0.004289959988207683
5720      0.0031137457584475797
773       0.003273654337748314
10145     0.001421277607645139
7402      0.0025259748394395654
3801      0.0020750992666008945
9256      0.002383580604920905
10673     0.0018499816481958409
539       0.0014126627063453594
8247      0.0017104663294096676
3993      0.0012935052624315712
2813      0.004000088486353117
8034      0.001173835592101099
8159      0.0012229396627633589
667       0.004063799579409594
10882     0.0012539234164825955
6816      0.0015631071529168333
2686      0.0015579493963410013
9493      0.0014985277945478055
12005     0.0016221616178184871
2013      0.002369222187467774
4286      0.0024869221400313554
11339     0.002383580604920905
8659      0.001907181870047958
8213      0.00414910618127063
6571      0.0044057432236289246
1520      0.0012229396627633589
9488      0.0014658071025569494
4840      0.0026176702063420215
6079      0.0018607490897456272
283       0.002288114549867676
9267      0.0011898697469224918
11327     0.00557690664069016
6818      0.002383580604920905
2966      0.0021364272583200682
5395      0.0016563184440728997
5186      0.003151632103607492
9930      0.0013235794205750011
1165      0.0035641403942384426
1617      0.0014890411276375479
488       0.0013709321978342406
10578     0.0016277537152166617
10885     0.0016333853330656096
9824      0.0018593017988390436
6535      0.0022432268812746727
3565      0.0009953843506475637
10901     0.0016680373406993232
3179      0.0024282766523694276
6150      0.0019314539172658575
208       0.0013274197682921459
7322      0.0021051734247443245
6632      0.004701454797167844
4050      0.003826002953645528
6491      0.003666094374344793
10068     0.0017357659339704626
2915      0.0022028716118144623
9371      0.000488732891397935
12177     0.0051127949112489265
11890     0.002921570803364987
8534      0.003044408949476204
7708      0.003666094374344793
3318      0.002980625268266641
6093      0.004701454797167844
295       0.004701454797167844
4049      0.0022432268812746727
569       0.0016621563501026048
2749      0.0019480559887840173
8918      0.001461240496311638
3653      0.0012680903782164707
3348      0.003150816191637097
4664      0.0016110937925525916
7407      0.0033675121771013076
10820     0.0031137457584475797
11001     0.0010952923855260342
1979      0.002475629429628667
8743      0.0023276368945577856
4268      0.0033675121771013076
11936     0.0017293653324184967
835       0.0022028716118144623
2581      0.003230569758207905
989       0.005024558024792947
457       0.0020366884283703566
3643      0.005325864835981717
8904      0.0020461189598426706
2342      0.002579716813938625
11170     0.0022628149453068807
10155     0.0027906425308224765
1686      0.0020366884283703566
704       0.0011612365848480404
6122      0.0026782211423106916
5953      0.0035916193718257814
6360      0.0013628420714029469
1682      0.0016110937925525916
9730      0.0033675121771013076
774       0.0026575220406415377
107       0.004472209408895734
7339      0.0020653215904448082
10250     0.001755282107999426
580       0.0013915243154649717
4629      0.003826002953645528
7709      0.0024130977056428405
5423      0.008858019863999273
5556      0.006301632383274194
10636     0.005024558024792947
6607      0.0013351564369181337
3319      0.002840463165764889
4221      0.00557690664069016
5428      0.00557690664069016
296       0.004294392871266273
564       0.003359862305354317
10501     0.0019564885606907128
7541      0.0020461189598426706
1061      0.0020181557184541627
5897      0.0019911405683244263
967       0.0010532683811517777
953       0.0015579493963410013
1192      0.0011488336790731841
11238     0.0009991128553906669
3378      0.0017752882786605721
186       0.0022504601147399664
2063      0.0011305839362189527
3546      0.002766853581897031
3730      0.0013046504875915586
5255      0.0024920603335789908
3844      0.0026994722846039303
3935      0.0021689571059538876
3430      0.0025259748394395654
8655      0.0018683024222132096
3250      0.0014343771455173444
10108     0.002561397142550367
621       0.0013709321978342406
426       0.002950551110123211
3449      0.0016621563501026048
10718     0.004452621344863526
7981      0.0023010720810373764
5538      0.003742044255369059
1309      0.00557690664069016
1709      0.0033192021977942444
2079      0.0019564885606907128
5926      0.0024130977056428405
549       0.004294392871266273
9092      0.004026268035159414
2790      0.0027437542657355258
8835      0.0033675121771013076
6965      0.0026994722846039303
3626      0.003150816191637097
8256      0.0023010720810373764
4046      0.0019480559887840173
3385      0.0018240204410816144
11218     0.005024558024792947
1340      0.004738444374935548
2049      0.003189695639471846
3085      0.002598467575739884
1688      0.002921570803364987
11409     0.0023142437959495295
11366     0.00391986079299852
1885      0.004602144162074753
3419      0.0010952923855260342
11681     0.0016390570339410993
7207      0.0008004949478090914
6033      0.0011802105909732125
9404      0.005024558024792947
11142     0.003742044255369059
3836      0.005024558024792947
9581      0.0014041399447934997
10418     0.002950551110123211
4027      0.0013915243154649717
11740     0.00414910618127063
5316      0.0021364272583200682
11059     0.0035967575653734173
944       0.0015528248088471112
8959      0.0012263234071640382
6678      0.0027437542657355258
3652      0.003532973884163854
8822      0.0009581985710571797
410       0.004472209408895734
12045     0.0016333853330656096
7437      0.0024920603335789908
8912      0.0035967575653734173
9009      0.01115381328138032
7175      0.002055662434495529
9550      0.0016333853330656096
6403      0.0018407156847811488
10903     0.0015528248088471112
6068      0.0019480559887840173
8135      0.0024920603335789908
7430      0.0022628149453068807
6387      0.0013159538063159963
6727      0.0010810367171683966
338       0.0006621940185982079
4067      0.0024920603335789908
7003      0.00557690664069016
10077     0.002815163561204094
176       0.0025259748394395654
