t_index   tf-idf
1046      0.006803580038803165
9701      0.014404907200669363
12112     0.0043253913433138535
1720      0.003324136702479577
11552     0.008681264613702973
2025      0.012863416716370278
902       0.010961651431391623
11898     0.013281347832718551
2793      0.004648504848915054
10673     0.0016054777042463905
10177     0.005342949946364791
3426      0.021921278463289222
233       0.025605897372884552
10458     0.01184783665340021
6817      0.0165484258558203
8528      0.03984404349815565
6696      0.0025521274396412157
6827      0.00816016835814164
10268     0.009679662799924004
5099      0.015212637781852717
3892      0.006494949424127826
1165      0.009279250867165372
10967     0.010685899892729582
1192      0.0019939947614486795
5897      0.0034559605405630966
8159      0.002122618204477804
9175      0.01034675650449248
488       0.0023794842287250353
9163      0.005536255170420879
6914      0.004762248645942235
7490      0.010437019504918243
8388      0.004384255692657844
11056     0.008720968546217059
6511      0.003803554392235288
4001      0.003216657138506139
561       0.00816016835814164
1438      0.007201474104434693
1902      0.004354510386115986
4549      0.00517337825224624
2809      0.006529187216398227
2433      0.0058316081414589264
4842      0.004685389793341217
11084     0.004087704660839637
7135      0.006407581934326035
6616      0.002238708233527413
12063     0.003229644120736837
6505      0.003906053383863954
10113     0.009679662799924004
1056      0.004040006711891698
8187      0.003317835536931527
4073      0.001921183032278284
5546      0.0056071991026220005
3433      0.004162485220869964
9814      0.004354510386115986
11549     0.0017543420467378756
238       0.007201474104434693
7475      0.001636570031909879
7140      0.004316473141137225
149       0.0038849368905549955
11859     0.003671730554151768
1402      0.005022344335277647
580       0.0024152253246127694
4838      0.0022972954911254003
10744     0.006494949424127826
163       0.022360931033504314
2060      0.005404431332337359
10647     0.007169428450907137
3406      0.0056071991026220005
5969      0.004016760728638515
457       0.01767508269843701
10749     0.004477533960498569
1607      0.004948809104749731
901       0.008720968546217059
1548      0.00816016835814164
5978      0.00424154121999427
3903      0.0021763957387994095
5179      0.016608765511262637
9679      0.007201474104434693
6721      0.00572952250175096
11238     0.0008670645002992252
4256      0.009679662799924004
4566      0.0042689303020385936
3873      0.0029473591301570077
1410      0.006494949424127826
9488      0.002544155639788336
132       0.004648504848915054
11652     0.007201474104434693
1898      0.004543408479160515
1798      0.0023724455191545995
9264      0.0005626961492298169
5004      0.00730776762092775
11603     0.006988267768031466
10874     0.005934149236052407
2376      0.0038436471543627417
4620      0.0030239140373781504
10273     0.005070879260617573
11875     0.006363125586044307
1557      0.00522762455574554
12046     0.006803580038803165
8181      0.00522762455574554
7890      0.006988267768031466
10181     0.005342949946364791
3653      0.002200984892127314
9042      0.004354510386115986
7488      0.0038221746837316848
11744     0.005761035661776635
10080     0.005536255170420879
8379      0.006881354948121297
11016     0.004354510386115986
571       0.005761035661776635
75        0.002796325213188415
5491      0.0066406739163592755
3846      0.003671730554151768
3662      0.00816016835814164
11827     0.0037455135638715968
9876      0.008720968546217059
6068      0.003381179980532769
3264      0.00522762455574554
2816      0.0060295735143245195
110       0.003093083622388457
1623      0.004354510386115986
9448      0.012264145011906372
8285      0.005934149236052407
6818      0.004137106463955075
2685      0.003046588372164609
1047      0.004612578064170821
1608      0.005536255170420879
4518      0.004816005671799921
7017      0.006363125586044307
232       0.0025362295238530023
10555     0.005070879260617573
667       0.0035267050490099183
1148      0.006363125586044307
12176     0.004198744442449243
8143      0.002560145453084676
118       0.002584482211982368
3250      0.004979207288579317
10933     0.002226019122089232
9932      0.008720968546217059
2392      0.0056071991026220005
11872     0.0031290104071326898
704       0.0020155220979050383
5387      0.0018911143818552219
3686      0.006494949424127826
78        0.003001605433656308
569       0.002884952900655795
6360      0.0023654424487726308
12084     0.001697162696723774
3378      0.003081312458184751
2787      0.0036188666630069858
11662     0.0041121850069106266
9930      0.0022972954911254003
876       0.0024371218787020933
7317      0.00772827590111663
633       0.0052840855970208
4305      0.003093083622388457
11863     0.002270949867029891
7920      0.003864137950558315
4562      0.0033958161324090397
8769      0.002713036300444822
2069      0.0029796509497457976
1978      0.004762248645942235
5773      0.005761035661776635
6145      0.005681979662652328
6033      0.002048454688154143
5646      0.004543408479160515
9849      0.002584482211982368
6900      0.001931352956374941
2769      0.005404431332337359
11027     0.002466867185243951
10111     0.004137106463955075
6982      0.005844885785096218
7097      0.005285981558175199
7068      0.009679662799924004
9696      0.006803580038803165
12234     0.009679662799924004
10504     0.004723285408945383
2129      0.010808862664674719
6138      0.0035513848188352087
11425     0.004930103265419951
10224     0.0056071991026220005
9152      0.007762274292510111
11830     0.008720968546217059
10122     0.003689810595208108
7957      0.0066406739163592755
584       0.007201474104434693
9541      0.003803554392235288
1128      0.007453643677834773
5159      0.008720968546217059
2411      0.0042689303020385936
2889      0.007762274292510111
539       0.00245191456993064
5953      0.003116930824275559
1150      0.004384255692657844
5075      0.003366697089606907
5188      0.005934149236052407
3736      0.0024896036442896585
737       0.0026009479236578153
2079      0.0033958161324090397
9610      0.007453643677834773
2596      0.008720968546217059
3921      0.006132072505953186
9059      0.006132072505953186
3888      0.0012547511140988705
6453      0.004612578064170821
5759      0.0012896077994121195
5460      0.008720968546217059
5560      0.008720968546217059
2613      0.0011522521224702038
5926      0.004188338374443784
3782      0.008720968546217059
6962      0.008720968546217059
2822      0.0032559897448323463
11857     0.007453643677834773
3993      0.002245096713456071
410       0.007762274292510111
9703      0.007201474104434693
11077     0.008829309588540087
11259     0.008720968546217059
8875      0.005070879260617573
2018      0.01632033671628328
3380      0.009679662799924004
6506      0.009679662799924004
8799      0.0037081301139631757
1680      0.009679662799924004
7368      0.002796325213188415
5186      0.0018233964930637824
8478      0.004930103265419951
12171     0.0008837142699223188
7098      0.009679662799924004
1229      0.004354510386115986
2877      0.0024080028358999606
9371      0.0008482784261524668
3458      0.004802341408069688
7840      0.0060295735143245195
11787     0.007453643677834773
4906      0.001701478155593093
3569      0.0035350165396874026
6804      0.009679662799924004
