t_index   tf-idf
7153      0.0028124031000647284
3321      0.002834297918657234
12171     0.0007973743699873796
8259      0.0059836933624384135
1942      0.010455945315547093
12084     0.003062695900984282
3076      0.008733948618322234
7475      0.0014766752586773044
2213      0.005440477251430744
4027      0.006537765102831117
8104      0.009192122979107228
4377      0.005059369305239391
931       0.0028124031000647284
1361      0.00280159807456672
11992     0.005126843718600089
3425      0.005126843718600089
7847      0.008536173245740996
6681      0.0026309266615202626
3266      0.002678747556115715
2613      0.009357081891094242
10127     0.014007782343955028
4722      0.006138862448805154
3852      0.003583397786430699
2626      0.0037791329010785865
11723     0.008742312533718679
5435      0.006759145166986675
7709      0.02267479740647152
7175      0.0032193563988507567
4937      0.00396072471748261
488       0.006441017653617768
9938      0.004716879627885344
6022      0.00215338939026902
10740     0.005539466424043714
9439      0.005273833725632795
8928      0.007376662433928999
1514      0.004194340582067031
7402      0.007911817744221627
774       0.004161923885487465
9543      0.005396802149761921
131       0.0028124031000647284
7426      0.003953246467654478
9264      0.0040617607093830456
10933     0.002008534495218445
5434      0.023574418297248614
4789      0.0046679332505899975
3873      0.005318797510743106
6817      0.0037329064071318775
10718     0.003486607231250893
11936     0.0027083451326668983
835       0.003449899507008281
4268      0.005273833725632795
8942      0.00453165552091144
2637      0.004109952091255428
10910     0.002956145472064896
10008     0.006049668878792484
10882     0.003927518747028819
9029      0.0021155691429760007
758       0.0026415547273524543
6361      0.0017243719119134325
5431      0.005273833725632795
8652      0.007003891171977514
12113     0.0029868221815406238
3626      0.004934467886328213
9775      0.004847784291763813
8506      0.00712685959610664
2675      0.003755805630325197
4520      0.0036036904717395694
2137      0.0058518667822195355
9848      0.003234483525265576
2249      0.0019473743768923686
11884     0.0015992544125499521
2339      0.0012851648327019262
2261      0.004478981213741738
1322      0.00356342979805332
8874      0.0012536486969998701
2150      0.0025848707838359215
448       0.00356342979805332
1536      0.004194340582067031
3888      0.0011321604880087507
4073      0.0017334812417683365
2357      0.0012198761584569038
10083     0.006305505974603104
11158     0.00965806919655227
10259     0.002497564378681551
11970     0.0046787634336222655
4970      0.003290497119666826
2631      0.003012034607711616
2443      0.01126741689097559
9441      0.00599187244177245
10094     0.00264034536773071
4172      0.00339678627225537
8558      0.003104519330043229
9399      0.006530598460828698
4137      0.0020257481839804775
6241      0.0035244274785439125
5676      0.005440477251430744
1879      0.002014246050492909
6161      0.002384767542050305
9090      0.0033458415396104514
556       0.006138862448805154
2658      0.002295588709464188
12111     0.000995882758330193
6311      0.003265071311018382
5968      0.002166255201633228
8823      0.0064978818068749805
10345     0.002281326009660883
2761      0.004934467886328213
9476      0.005741440902350322
8148      0.006305505974603104
7521      0.006305505974603104
6173      0.005354376034828896
422       0.0055329619737623575
944       0.0024318664391427456
10354     0.003955908872110813
5476      0.0037329064071318775
8571      0.007003891171977514
6847      0.0046208343534975575
921       0.0032809972065680907
2814      0.004448426509603059
5107      0.002718369063258339
9091      0.005273833725632795
8902      0.005860385399931429
2122      0.008978694623313072
6011      0.003223262204495941
12165     0.005440477251430744
517       0.01054766745126559
11412     0.0013339835466910231
10243     0.0015561840110834637
485       0.002166255201633228
10822     0.002084904881629264
667       0.0015910709560188422
7140      0.0019473743768923686
2809      0.0019637593735144093
11552     0.0019582737706197798
2025      0.0016580923025206352
103       0.005224599716558224
10821     0.002937875804245278
2801      0.005632853083702621
2382      0.005354376034828896
10223     0.0026690356576922073
1522      0.0046679332505899975
9141      0.00437040281407543
4238      0.0055329619737623575
3861      0.0020315392507486547
8918      0.0022884369841662147
4891      0.0025580316279332103
78        0.0027083451326668983
946       0.0024725206088591026
3419      0.0034306571845499345
4838      0.004145694162145837
7337      0.006863885512424599
10119     0.003362593101853911
7256      0.002134336002628178
4906      0.0015352417840696299
1736      0.005741440902350322
1668      0.0032193563988507567
11908     0.005860385399931429
442       0.005354376034828896
11995     0.002649835699771186
4849      0.0036452934124540028
8034      0.0018383344761353417
4392      0.007003891171977514
4843      0.005741440902350322
11238     0.0015647026039882568
9113      0.0046208343534975575
9314      0.003802904527417638
12208     0.0026690356576922073
2737      0.0032193563988507567
4348      0.0028124031000647284
7207      0.0025072973939997403
6102      0.002621578508078533
5372      0.006725414123103788
8374      0.0048764121791779625
4870      0.004489347311656536
7322      0.003296895162315105
5825      0.005741440902350322
11138     0.0015197388188779453
1319      0.005059369305239391
4562      0.0030640409930357427
3447      0.007868919895149873
4494      0.007003891171977514
9656      0.00437040281407543
2088      0.002834297918657234
11187     0.0046679332505899975
9493      0.0046936646438422635
6312      0.004069439163155853
274       0.003929069716208103
7123      0.002978597905012074
9500      0.0030394776377558907
158       0.0032044104399834928
9319      0.004767824360530261
1000      0.004716879627885344
10684     0.0024238921458819064
8864      0.004575448528258384
8287      0.005581771594425146
6766      0.004634586257379214
3320      0.006138862448805154
844       0.00599187244177245
3319      0.004448426509603059
4952      0.0064978818068749805
6988      0.0064978818068749805
5596      0.005741440902350322
5767      0.005198175855740986
14        0.004130327953586709
1340      0.003710419805086025
11020     0.004333147132568626
1099      0.005354376034828896
4286      0.0019473743768923686
5806      0.0055329619737623575
441       0.0055329619737623575
9645      0.004161923885487465
8578      0.0064978818068749805
3519      0.00599187244177245
2342      0.0040400737459671
10145     0.002225851425766094
2464      0.005860385399931429
6871      0.0028678776839595175
89        0.0037329064071318775
8404      0.007003891171977514
423       0.003955908872110813
4016      0.002735247320584635
7049      0.0027284741601630437
10453     0.006305505974603104
2146      0.004194340582067031
10289     0.002603089686223907
1399      0.0023246126373501815
670       0.002845391081913665
3696      0.0028678776839595175
4155      0.004130327953586709
8686      0.0025404542577904463
208       0.002078861418733389
3801      0.003249796265222665
8159      0.001915235966109283
8640      0.0023393817168111328
213       0.003877063330883975
8651      0.003362593101853911
6682      0.004716879627885344
7849      0.008733948618322234
8296      0.004130327953586709
6588      0.002317293128689607
8863      0.0046208343534975575
2933      0.004716879627885344
2032      0.0031750450227947397
1526      0.003877063330883975
2610      0.0036452934124540028
10516     0.004408805002460435
2915      0.003449899507008281
3709      0.005273833725632795
8934      0.007868919895149873
2166      0.003955908872110813
4470      0.005198175855740986
11080     0.003902795637357902
2883      0.0032044104399834928
8315      0.0029993647258005377
10958     0.000995882758330193
10022     0.0064978818068749805
