t_index   tf-idf
10848     0.0072479720703729515
5587      0.0072479720703729515
4137      0.005260898268844822
946       0.006421172924499759
11552     0.005085666210266294
2025      0.004306090457292396
667       0.004132035020108635
5387      0.0044314172828547735
9371      0.00397551381808768
5197      0.010568394244613706
3583      0.006881662862092334
10822     0.005414529095574505
8918      0.005943105003655543
3653      0.010315063524298156
5759      0.006043833567394112
6403      0.0037432464485288286
9267      0.009678791224966538
7140      0.010114720644157377
2809      0.005099912402858317
7520      0.016375493128073734
3643      0.007220388894552327
2822      0.007629707312517588
1110      0.007477519561459056
1520      0.004973896389597243
3663      0.01412900062311865
10067     0.007992023661359716
6114      0.003715185636041464
9930      0.005383214807562505
1165      0.0072479720703729515
8418      0.0070077878661087625
332       0.010808578448877894
9701      0.016877391272426046
12180     0.018109542036944936
3063      0.010568394244613706
12176     0.00491942445869053
8143      0.005999146807974538
3037      0.009054771018472468
3596      0.010068791336922563
5004      0.00856208594392281
6033      0.004800110239405976
4896      0.01352052553441671
3791      0.018612275069819155
4838      0.005383214807562505
11989     0.00877680044071404
9596      0.006620341602933438
1171      0.01142173537182772
8708      0.00690649826021866
2643      0.010203852695824028
10786     0.00856208594392281
8822      0.0038971509046728573
6816      0.012714826840890658
8267      0.011159299065864638
2625      0.006133807275837544
3137      0.007332158715221377
12113     0.007756821784896545
10572     0.0080270618793327
11108     0.009694413654342487
4953      0.008171130201686333
4316      0.018508560742127693
5056      0.022682194919224904
11679     0.007629707312517588
1361      0.007275792014546408
758       0.006860157053124284
11670     0.016875096035764876
10345     0.005924637696731248
8583      0.012973015847105642
232       0.005943105003655543
876       0.00571086768591386
3970      0.010417622706641417
11015     0.010646494495943295
2722      0.022682194919224904
1580      0.00828354621986451
6727      0.0043967538123640005
6880      0.005398834132232981
10697     0.02043570241426982
6857      0.022682194919224904
11843     0.016875096035764876
3694      0.01034478810000592
3125      0.01238211102585471
8805      0.006378527525063719
7097      0.0061932769002500465
10571     0.007724572726817124
2433      0.006832555807530233
6607      0.0054303004337342
3982      0.01034478810000592
3312      0.005763002916217339
3861      0.010551875511351222
2130      0.016375493128073734
5710      0.006881662862092334
9479      0.018189209909314736
11062     0.013314489657259933
3764      0.016375493128073734
12084     0.007953866966735298
9705      0.014369184827382838
3846      0.008603905925400411
6361      0.004478219592133392
10553     0.007598692687359695
9256      0.009694413654342487
3696      0.007447921149387403
4665      0.01106799715230485
8874      0.0032557443772832447
6930      0.006689547156134642
10881     0.006094758567377268
10194     0.010492131817884706
2236      0.010273554384287785
3954      0.01089276509372632
3603      0.012000375783710073
10080     0.012973015847105642
7488      0.004478219592133392
9459      0.007756821784896545
11737     0.010979196978426434
7987      0.011159299065864638
9751      0.012973015847105642
8408      0.006133807275837544
731       0.015219508352060726
6233      0.006857016328136472
4395      0.00873270447347135
7635      0.012249806794806712
