t_index   tf-idf
118       0.011041189313775015
12176     0.0074739555268087425
7426      0.007019029442570196
9264      0.0040064986589152495
4137      0.007992747936793722
7888      0.0008060475927996033
5759      0.0036728965897088934
7140      0.006146814359714687
2809      0.004648899741381051
8755      0.004322241671208113
9090      0.0026402559088082476
3653      0.0062685646814328935
485       0.003418851746795299
10822     0.0032904621261087698
667       0.005022155942807774
10933     0.0031699319924536
9267      0.019116161353618717
5274      0.009501326472286685
9600      0.0029249997204078043
1520      0.0015113426671338561
7475      0.0017479013265976255
9931      0.003722163515882312
4673      0.00710053690189515
1165      0.004404663299002157
4794      0.003699794432855025
2025      0.003925279736579463
3063      0.0032112581151433938
10250     0.002169226187890447
8143      0.001822870005144191
10071     0.00275133631853812
10971     0.002876558066970506
516       0.0031654454482765303
7880      0.0031880854049808403
9543      0.002129350508069329
7887      0.006411592558966535
6020      0.001630992818741685
11238     0.0018520969598228344
6616      0.0031880017475174947
28        0.004856830705769624
6174      0.003039555815963987
3583      0.004182053621407587
11927     0.0029249997204078043
8034      0.0014506584981748276
10503     0.002106177797906776
449       0.00140466750722535
1192      0.00425928132717609
11930     0.001900265294457337
6930      0.00813060606732011
1340      0.008783850967142426
3378      0.004387900734104362
2122      0.0035426142051167226
9312      0.009249043624381574
12177     0.002106177797906776
1560      0.001900265294457337
5030      0.003336082528592159
4027      0.0034393684894712456
7425      0.0032538281328372866
10145     0.0035129083726376446
6201      0.003448753241039115
6721      0.0020397619790814073
5107      0.002145107560122227
2919      0.003259306412354138
8800      0.002318323763894233
5026      0.0048442724085809375
7484      0.003039555815963987
4513      0.002318323763894233
10740     0.0021856398135682684
9431      0.005307129512109113
12162     0.0038480531481948545
5387      0.004039523237432242
9550      0.004037165562452414
2822      0.002318323763894233
2612      0.0037623648015068733
1349      0.0024498247774490784
11662     0.002927950322380809
2339      0.0010141436775062819
9509      0.002076105392764289
102       0.0021773988052800736
1094      0.0028933925750866214
4896      0.004108277600026846
9775      0.0019127312171585112
10047     0.006892095508335912
6458      0.005033991807083194
9202      0.001435088296467533
11872     0.0022279121719720285
105       0.0024607065980426584
2659      0.0031654454482765303
3888      0.000893405555163368
368       0.002229657205389182
944       0.0019190238567384933
587       0.007112395592497334
9701      0.005128277620192948
5968      0.003418851746795299
2376      0.002736746499931748
11970     0.0018460427153067444
10724     0.005810187901261848
11165     0.00275133631853812
8390      0.0023768436360173295
9500      0.0011992496802030045
115       0.005306949657347669
6580      0.0048781237724742944
7317      0.00550267263707624
7135      0.002281157287277069
8805      0.003876293371240537
5073      0.003510322959958876
9596      0.004023246144186306
11984     0.002106177797906776
1171      0.005205824965390866
8708      0.0020985731675040825
7097      0.003763714760242659
6150      0.00716083255040743
6816      0.009658655309973629
967       0.0013016582034642151
1110      0.004544161547553349
341       0.005080889010431126
2249      0.0015367035899286718
2637      0.0016216137502912573
2164      0.004404663299002157
539       0.0017458076529664873
10798     0.0040456725942694585
10951     0.005526880108499262
9462      0.004101961899768397
569       0.002054138800013423
8101      0.0016169575016947522
11412     0.0021053345770905944
6403      0.001137403682772932
1525      0.004975773422135783
4138      0.002576698712435813
774       0.0032842392565751426
5186      0.002596582761097631
4536      0.005153397424871626
10194     0.0031880854049808403
8187      0.0011811795448939903
2088      0.0022365888337703343
1557      0.003722163515882312
8928      0.002910519871890353
1339      0.003336082528592159
4088      0.0033630648943511338
338       0.002455073062149818
5720      0.007696106296389709
773       0.008091345188538917
3903      0.0030992664942540342
8959      0.0015155243920734714
3228      0.0036463726871137185
8685      0.0020985731675040825
11125     0.006838708399700145
6774      0.0032842392565751426
5275      0.002811958207987654
3556      0.0037623648015068733
4316      0.011247832831950615
8036      0.0042743950393110235
11123     0.0032842392565751426
5933      0.003893865815061719
8769      0.0019317310619947257
1682      0.001991034278778146
6727      0.0013359750813078824
4953      0.0024828377483582056
3352      0.004444972501425198
3970      0.0031654454482765303
4124      0.0027081997259906583
3049      0.0039419141122724625
3266      0.002113841608907639
186       0.002781180867422407
10674     0.002113841608907639
191       0.002796449308825964
8583      0.0039419141122724625
232       0.0036116828593643663
876       0.0017352749884636221
3908      0.0032112581151433938
3155      0.0040456725942694585
2011      0.004293165722217458
1607      0.0017618209284483168
233       0.0036463726871137185
11814     0.0023668456339650504
4760      0.004975773422135783
4016      0.0010792132285299921
4930      0.0028933925750866214
1361      0.0022107848751682963
758       0.0010422460829009684
10243     0.0006140045758016387
9359      0.0017248537828192928
2625      0.00372757448962463
12063     0.002299565201613077
3346      0.013591982544339538
10746     0.021126109525175237
1902      0.0217034327181019
9007      0.0030594513359356542
2329      0.006892095508335912
6937      0.006209487808417588
9793      0.006892095508335912
9465      0.0283696817651267
8712      0.009061321696226358
1786      0.005810187901261848
7558      0.006892095508335912
4573      0.005526880108499262
8988      0.005810187901261848
5486      0.002927950322380809
9100      0.006892095508335912
6552      0.006892095508335912
5910      0.006209487808417588
7247      0.005810187901261848
7713      0.004975773422135783
9311      0.0026668736033008647
2878      0.005307129512109113
1504      0.004975773422135783
7490      0.0018578368052972383
10100     0.011681597445185156
10965     0.011053760216998524
5920      0.006892095508335912
9361      0.006892095508335912
9035      0.006892095508335912
3454      0.005526880108499262
419       0.004225221905035047
11160     0.006892095508335912
6307      0.006892095508335912
503       0.011620375802523696
2396      0.004366146863649207
1373      0.005526880108499262
11986     0.005307129512109113
12007     0.005526880108499262
5004      0.002601631556656818
6355      0.003992427478964417
3550      0.005526880108499262
1950      0.005526880108499262
6575      0.005810187901261848
6645      0.008203923799536795
6388      0.004965675496716411
5909      0.006209487808417588
6886      0.006892095508335912
4090      0.005127580201343522
12074     0.006892095508335912
5259      0.001863787244812315
10647     0.0025523815573524275
6029      0.004366146863649207
4260      0.006209487808417588
9005      0.003992427478964417
10833     0.007130530908051989
3435      0.013784191016671825
5058      0.005526880108499262
7253      0.006892095508335912
3996      0.006209487808417588
5889      0.006892095508335912
11985     0.005307129512109113
11841     0.009456560588375566
9124      0.004366146863649207
9432      0.0048442724085809375
7668      0.004728280294187783
11653     0.005810187901261848
912       0.004101961899768397
3906      0.004101961899768397
3879      0.016580640325497786
5604      0.005810187901261848
5936      0.006892095508335912
7761      0.006892095508335912
1857      0.006892095508335912
7814      0.0029456948518863796
4977      0.004293165722217458
9167      0.004975773422135783
2305      0.006892095508335912
4993      0.005307129512109113
5734      0.005127580201343522
9661      0.005810187901261848
9226      0.005810187901261848
8148      0.004975773422135783
9126      0.006892095508335912
6390      0.006892095508335912
9338      0.006892095508335912
5769      0.006892095508335912
4239      0.0048442724085809375
4433      0.005810187901261848
10610     0.006892095508335912
9094      0.006892095508335912
