t_index   tf-idf
3369      0.004510595241951018
6681      0.003179036382670317
3266      0.003236819963639822
7426      0.0011942098704372903
3774      0.0034247766517108242
1860      0.0057611211023074
6453      0.005028991361630687
457       0.007708299954596141
10822     0.002519260065302027
10100     0.0059624820293132565
587       0.002722713937752885
12176     0.022888988800851776
5387      0.0020618399857727067
12180     0.004212983737761496
3653      0.002399684917111029
2441      0.004990812943917273
7140      0.004706154744156557
2809      0.0023728759096632445
2025      0.0020035281988791008
9596      0.003080297829142641
9267      0.002251663236363743
2164      0.003372320338298526
2625      0.005707848437237714
10786     0.003983748321130752
6816      0.0029579631886794237
8267      0.00519217387092313
12113     0.00360907680269492
3556      0.0057611211023074
4316      0.004305811005981095
7175      0.0038900556486113308
3049      0.030180279922086044
5963      0.0023222649989083416
12171     0.003853976121605668
2155      0.0046244581356881965
8718      0.0038900556486113308
9459      0.00360907680269492
8755      0.009927648838556133
7490      0.005689625216222792
5582      0.006313057990841187
6914      0.01038434774184626
4049      0.002122497656761626
4417      0.010268155327041794
5330      0.0034653522014510833
398       0.010136323073328658
9371      0.0027745773522070264
6826      0.005327306044639692
6973      0.004951932348940178
118       0.008453410568358995
10791     0.006937574423673306
3766      0.005475750421101323
8104      0.022214297199509132
1361      0.0033852643401014533
105       0.01507182791301128
4348      0.006796640825156426
55        0.00950827820663943
10907     0.007071005695181938
5214      0.003964538291269777
2357      0.008844102148812552
5802      0.0029385052806308177
10033     0.004654319843194855
11606     0.0172833633069222
4518      0.010501567923230383
3326      0.004379384961085047
7709      0.004566452255469958
7322      0.003983748321130752
187       0.00468478485815147
1061      0.0038190793977691613
5897      0.00376795697825282
6616      0.004881627675886163
8901      0.003624232377008983
8655      0.003535502847590969
8491      0.004923613512687127
12028     0.02669055067142161
11549     0.0038254402963589784
6068      0.003686425395441977
8445      0.006036055984417208
5790      0.004538265136642947
6989      0.006645974774943678
368       0.0034141625957521847
660       0.007081299024917143
7639      0.008896850223807203
2137      0.003535502847590969
670       0.006876361781291357
10544     0.004211422418762024
6974      0.005108376371906743
2738      0.002657139826084921
1466      0.008126542065417078
297       0.009694176685346874
14        0.009981625887834546
9284      0.010136323073328658
967       0.005979492372163738
2919      0.004990812943917273
10943     0.010737645285564786
3340      0.0037865244802617664
4787      0.0028723142874034005
208       0.0025119575476361786
5395      0.006268705222359238
3736      0.005428719057687171
631       0.004715878061807464
3558      0.006937574423673306
11585     0.007851607183307269
10882     0.0023728759096632445
4488      0.006113404577164264
12177     0.009675254259134252
8315      0.003624232377008983
3692      0.0026732679686049332
2261      0.002706051149968966
2360      0.006469871042084916
10138     0.0058252995943005
11142     0.007081299024917143
338       0.0012531102088056362
6623      0.005108376371906743
3675      0.0062811291590203575
6210      0.004826540593687683
4769      0.00950827820663943
11927     0.002239452910937225
2882      0.0035070497968434982
10958     0.0012033583329823163
2365      0.004329938991937095
10805     0.00326056796548116
10684     0.00292886967627397
4347      0.002826752907813452
3790      0.0033594864995486516
5342      0.007042418429940047
449       0.004301794240877634
10881     0.008507267166964103
12111     0.0012033583329823163
9507      0.003145400037520554
8272      0.004917238988813321
9775      0.00292886967627397
11339     0.004510595241951018
5402      0.005640419344462914
4562      0.007404765733169711
11836     0.005173249257045446
11181     0.010299386238950346
11412     0.0016118967855849862
10243     0.0009401945066962593
6028      0.0065693919028743195
2508      0.004595176303962979
8259      0.0010328994494685356
3622      0.008896850223807203
8309      0.004813200018752755
5403      0.007417792125639561
9552      0.00589233138317337
8659      0.00360907680269492
953       0.008844608552144225
11138     0.0073454042912434025
8673      0.00589233138317337
1399      0.005617813873596272
1319      0.006113404577164264
6403      0.0017416493892460521
8159      0.0023142434590487167
12044     0.003579215095188262
8769      0.0059159263773588475
7775      0.0049535773001958385
5423      0.0041906430780204885
12093     0.0022639732390187764
4937      0.0023929378501457437
931       0.003398320412578213
8174      0.004654319843194855
4138      0.003945569903417339
320       0.003836512735876977
1083      0.004780056553800567
12169     0.005640419344462914
212       0.004003206229179358
7797      0.0031016877899232606
6073      0.0033852643401014533
8450      0.005362794380368912
4065      0.0044567335538321035
2834      0.0036550082809371255
3535      0.0046244581356881965
1694      0.004483423931145613
9503      0.002641182354942042
6195      0.008126542065417078
10101     0.004510595241951018
2063      0.002139473073747671
6079      0.0035212092149700235
7475      0.0008921579687842047
8801      0.0049535773001958385
109       0.004235660359841209
12063     0.0035212092149700235
4146      0.0038900556486113308
6132      0.0029192952507698417
2876      0.003236819963639822
8895      0.0059624820293132565
5316      0.004042891860362629
4027      0.002633266499751422
397       0.007240179200475043
5587      0.003372320338298526
10435     0.008896850223807203
1237      0.006194936159975108
10848     0.006744640676597052
