t_index   tf-idf
8259      0.0073815146761026865
1942      0.01053378113675464
3418      0.007547891708676177
1301      0.009728202844310235
3312      0.0038324684405614063
1334      0.002330132938110606
7709      0.013053481385363256
5434      0.0033928443206958305
10992     0.002568468350852344
7847      0.0073711868226249795
10684     0.008372352027463061
733       0.007980398784204219
12082     0.005338095741094699
3319      0.007682642309388905
4952      0.011222148232220812
6988      0.03366644469666243
2263      0.015903157311544864
10516     0.019035535246355227
11970     0.008080445036727288
4970      0.005682843660764543
7426      0.0008534303788732993
9264      0.004384282651567308
9359      0.005662485247319912
7402      0.0034160205645026383
8347      0.0025473372071239827
11050     0.007301302208978373
6011      0.004175044344285065
8769      0.004227758800693171
10988     0.0013392730435675766
11115     0.0058965546920945995
11936     0.004677439732844073
1985      0.0025163976523855255
8262      0.0023737686075922756
9493      0.008106180129315672
5481      0.00407313675063052
9785      0.008234257456399658
11001     0.0029624533504302164
8874      0.0021651104047441926
4376      0.0016676382088092261
8640      0.002020111259181822
12084     0.005289420216091961
583       0.003621911966648454
8034      0.001587445155570965
8106      0.0033725986939764224
11158     0.00555998028188617
2761      0.004261029341047687
9476      0.004957869563319881
5963      0.0008297919599076953
3321      0.0024474830662350308
2613      0.0008977845321479999
3419      0.005924906700860433
2443      0.0032432266981468204
6681      0.009087468766342942
3266      0.009252646645441873
3861      0.0035085640658090913
8918      0.001976119281612513
485       0.0018706124321795617
10822     0.0018003645131686942
667       0.00274785455431542
10933     0.003468833768416967
11859     0.0028608520943018737
12176     0.0016357391500360573
5759      0.0020096121539226078
368       0.00121994891758887
9267      0.004827387186645842
1536      0.003621911966648454
6821      0.0030107675346781907
559       0.0039510076621189025
4137      0.005247843930708731
10259     0.00215670571657861
2155      0.003304823680094791
10768     0.005866410038436073
2914      0.005301052437181621
6682      0.00814627350126104
226       0.006258737212568594
2339      0.002219540256974046
3250      0.003879580865046912
6880      0.003590291680988682
8367      0.007980398784204219
5332      0.0033479355810114722
11723     0.010065590609542102
4322      0.0029086639162734466
7174      0.006154211264131788
758       0.002281044776969365
11074     0.0033928443206958305
11958     0.0018268438256963978
3790      0.0024008240989330317
2150      0.004464193711041691
8028      0.0017443036856764455
131       0.0024285763742494426
10094     0.0022800004664275115
448       0.003077105632065894
12111     0.0008599682379625487
4955      0.004210896869364593
8910      0.004117128728199829
11066     0.0024285763742494426
9649      0.006358046810065694
9676      0.0058075536348390034
6203      0.0033077028099554864
9581      0.001898898932785254
5342      0.005032795304771051
7217      0.0012230060935434395
199       0.002409995676004902
12165     0.004697980356074191
517       0.004554079743226334
8760      0.0024474830662350308
10673     0.0037527543359803964
7769      0.0016357391500360573
5435      0.002918340593190276
11786     0.003439706216875418
10345     0.003939957574997456
3873      0.0022964535158047157
2744      0.0027169514814540164
3920      0.006358046810065694
835       0.0029790695494761334
4268      0.004554079743226334
212       0.0028608520943018737
671       0.005989604002332014
4286      0.005044811040882464
5806      0.014333529281905462
441       0.014333529281905462
10243     0.0006719007889045228
6313      0.00604802513113691
274       0.0033928443206958305
7256      0.0036860989028020146
10522     0.0018268438256963978
12045     0.0022089206117140376
8220      0.006358046810065694
5965      0.0020726901650625616
1295      0.004933454791014788
10211     0.005611074116110406
11024     0.0017492813102362437
9738      0.0033928443206958305
3301      0.009555686187936974
1508      0.002332705754645614
4255      0.0026927335229201296
6161      0.002059302989165028
9090      0.0028892130416487273
556       0.005301052437181621
2738      0.001898898932785254
4172      0.0029332050192180364
8559      0.004623629925857211
8822      0.0012958268516778237
4937      0.0017100895802530378
3287      0.007541970519047487
3993      0.0017492813102362437
4430      0.006794997825092198
3375      0.007682642309388905
11549     0.0013669067063912974
7888      0.0017641041609162533
2858      0.005301052437181621
4677      0.002729267658951659
4664      0.0021787744837249686
11914     0.005060580940883715
8536      0.0029332050192180364
116       0.003060134355315757
6521      0.005721704188603747
2883      0.00553416790627422
10725     0.003488698917113029
6535      0.0015168221467676136
10814     0.0039510076621189025
5099      0.0039510076621189025
11912     0.0011405223884846825
7049      0.0023561017561705686
2249      0.0016816036802941546
367       0.0023131616613604683
10415     0.002623183340289253
10544     0.0015048258766792342
3653      0.0034298226110569554
9042      0.0033928443206958305
4248      0.00604802513113691
11552     0.003382031127422746
2025      0.00429540536930904
11946     0.003990199392102109
4891      0.0022089206117140376
78        0.0023387198664220365
2685      0.0023737686075922756
11590     0.004261029341047687
8722      0.006794997825092198
6166      0.0017393489468276236
9194      0.003680177713173325
9400      0.005174123101083902
5760      0.004261029341047687
6514      0.0035140566470923985
10143     0.0057498785453863315
10910     0.001276350650469707
10958     0.0008599682379625487
9360      0.0026927335229201296
515       0.0029482773460472998
2465      0.005301052437181621
8289      0.005301052437181621
14        0.007133271105946277
338       0.002686568785131687
5767      0.004488747389076584
6859      0.004117128728199829
6932      0.005301052437181621
1340      0.003204034968163615
8287      0.002409995676004902
6766      0.002001037242640157
11020     0.003741774695121295
1099      0.004623629925857211
12177     0.0023047752081312364
297       0.003463924175409305
9284      0.003621911966648454
11033     0.003540025465152361
4896      0.0022478293072107185
9775      0.0020930880068657652
115       0.0029036784105338984
128       0.010391772526227914
11652     0.005611074116110406
1898      0.003540025465152361
1798      0.003697011876002701
7135      0.002496254004191532
7490      0.0020330174469877964
9081      0.00268082562495048
7131      0.004957869563319881
2069      0.0069648416740956355
657       0.004623629925857211
3935      0.005866410038436073
11675     0.00536165124990096
1747      0.004117128728199829
6914      0.0037105361658209966
1978      0.0037105361658209966
5773      0.004488747389076584
6145      0.004427150407128613
7425      0.0011868802370399035
4406      0.0030269731603828
6570      0.0029036784105338984
5356      0.004777843093968487
8261      0.0017246199639975842
1527      0.0021069042704859693
11238     0.0006755787917964186
4966      0.0014430079961343545
7123      0.0012860447530325084
9500      0.0013123302952097395
2342      0.003488698917113029
6588      0.004002074485280314
1322      0.003077105632065894
11773     0.004427150407128613
9848      0.002793052771197073
7140      0.0016816036802941546
2809      0.0016957525111241055
675       0.0031662186739781634
5493      0.004554079743226334
8846      0.005060580940883715
3774      0.0024474830662350308
2920      0.0025578509861395025
6241      0.0030434262097600038
4114      0.00407313675063052
3565      0.001346115312910477
6973      0.0017694249584302374
10650     0.004427150407128613
5107      0.002347375766783876
10054     0.003263370346340814
2278      0.005301052437181621
7907      0.003488698917113029
7165      0.0017796397628839155
7408      0.0030107675346781907
9846      0.0035939193849866945
2882      0.002506278763004783
