t_index   tf-idf
3730      0.011811204580355473
9465      0.006927480431019311
8712      0.0066379449635146585
1786      0.008512600878592938
4573      0.08097522019429153
10119     0.003887649167591897
10522     0.007337721545737358
6930      0.005956141653967057
1856      0.014012747477706483
4493      0.007097422366060444
6231      0.004142931660059413
12171     0.0018437626628279608
7447      0.002096924099216902
384       0.0025891785089404065
5759      0.0013453051462305832
10933     0.006966478448531749
667       0.0018395106069586616
11552     0.002264050738125194
2025      0.005750991241965259
10958     0.0011513860461757712
5274      0.022272876939685996
2130      0.007290086641733822
3970      0.009275491313554485
758       0.001527011702854907
4906      0.0035499278462208053
8143      0.00534143303832949
8963      0.008097522019429152
6246      0.008906605414220056
7475      0.0008536262292686079
5275      0.012359537239759686
6616      0.002335396628995374
11238     0.0009045124687506867
12063     0.0033691304116656704
8592      0.004573608928553366
1350      0.0044824519573010745
8999      0.01009772132616657
2032      0.003670816172533453
6277      0.006927480431019311
7017      0.013275889927029317
4082      0.013854960862038622
1444      0.004542578940998072
9264      0.005282987766523131
1978      0.009935854317779812
5559      0.004424730707900999
6621      0.01009772132616657
3385      0.003302628373386976
6582      0.005927380777650601
7980      0.007775561843322653
8153      0.007775561843322653
7135      0.006684321353416528
4953      0.0109129380102256
12111     0.0011513860461757712
6020      0.002389594129784329
7635      0.005453402360478736
8799      0.011604845738715319
2433      0.006083471616006986
2266      0.006289986988365114
7317      0.008062055258972165
10250     0.003178168600862748
657       0.006190441395749023
3935      0.003927181470913185
4749      0.004342260330076972
9824      0.003366509901552421
3653      0.0022960440402922805
1121      0.004704866540791484
4001      0.0033555825298701913
4896      0.003009552195368504
9775      0.0028023736437438654
2809      0.0022703928969535366
8755      0.003166293317280362
10345     0.002637546350039825
12176     0.0021900427822741896
118       0.002696104367317155
4348      0.003251549099078158
8776      0.006289986988365114
1322      0.004119845746586563
7140      0.018011595565675595
7426      0.0011426326999532878
8069      0.005775362536585236
634       0.007698342371397647
1734      0.007290086641733822
2345      0.009097621672797861
2755      0.007097422366060444
6979      0.015551123686645307
10145     0.002573409621815949
3467      0.004637745656777242
3798      0.004811792399168233
9267      0.00861766129000343
7425      0.0015890788555716982
3163      0.005512301918486814
11970     0.0027046672340540674
6132      0.002793212731633603
331       0.006428784796478484
10721     0.006512401571855523
6607      0.009669903762397115
11108     0.004315785480670742
8036      0.009393728632904459
587       0.0026051216414379767
3250      0.0025971280541759226
3565      0.0036045479807503135
1802      0.003988588134348444
11881     0.0041902420890116065
9930      0.0023965142332670287
3908      0.004704866540791484
3969      0.007097422366060444
944       0.002811593092430816
6022      0.0024896329163243158
4794      0.0018068763509291983
8578      0.00751250122522423
564       0.003041735808003493
11814     0.0034677040683673993
11823     0.003988588134348444
7552      0.0024822526505636584
11549     0.0018301109723444947
1544      0.009097621672797861
2480      0.00751250122522423
9578      0.010286062626856243
1607      0.002581272523075441
10391     0.006396912846741862
9849      0.002696104367317155
8822      0.0017349442565653254
10317     0.001561595380601632
4316      0.004119845746586563
6727      0.0019573588400557344
5933      0.011409932388320386
8769      0.0028302106257132027
6580      0.0035735092751846575
1682      0.002917096734023795
9503      0.002527111356223615
6387      0.002382707057947568
10496     0.003512102611749398
6036      0.004811792399168233
436       0.006927480431019311
3791      0.004142931660059413
12129     0.008512600878592938
11927     0.0021427323533219963
11        0.009097621672797861
3065      0.008793427080008891
4937      0.0022895883748902802
8708      0.003074653710529237
12113     0.0034532030537413193
3674      0.005704966194160193
472       0.0035424792876293638
4664      0.002917096734023795
11240     0.005573708581922074
3660      0.00500975150210592
10890     0.005927380777650601
1439      0.01009772132616657
9543      0.0031197460932178545
8828      0.004342260330076972
6614      0.0042391565634990035
9583      0.0024316215324349643
885       0.01009772132616657
9269      0.008097522019429152
6444      0.0053423599834456804
5106      0.01009772132616657
2136      0.007290086641733822
8028      0.002335396628995374
1840      0.008512600878592938
3251      0.0025423796342606557
7754      0.0041902420890116065
3828      0.01009772132616657
10910     0.001708868146642166
1360      0.0039072799304175464
5587      0.003226671951594603
2176      0.01009772132616657
8390      0.003482352303932367
4998      0.006289986988365114
7424      0.0030970237525856105
7694      0.005143031313428121
6114      0.0016539364625566652
10882     0.0022703928969535366
7165      0.004765414115895136
9739      0.007660620558163822
2012      0.01009772132616657
8655      0.0033828067113162766
3762      0.0038491711856988237
6240      0.030293163978499706
6950      0.004097123405954319
6876      0.02019544265233314
4758      0.0037220466006646622
7217      0.0016374466966711167
10037     0.006478113820260589
2637      0.002375852703915098
4138      0.003775163229847819
2035      0.005573708581922074
3954      0.004849270839067532
6646      0.004637745656777242
10544     0.002014766871434324
10263     0.008097522019429152
3968      0.006775462189953944
7888      0.0023619068998313956
4970      0.0019021478366180323
11930     0.0027841096174607495
932       0.004967927158889906
12180     0.004031027629486083
7049      0.0031545149758695655
3132      0.009097621672797861
8949      0.0035424792876293638
1798      0.0024749099435699144
10389     0.0050528245159410295
8283      0.006396912846741862
3801      0.0037572395358720515
3445      0.006289986988365114
5500      0.0056378453101459496
4817      0.006190441395749023
4263      0.0033828067113162766
6102      0.006061855952234748
2357      0.0014103551599435298
10032     0.0032896880282589887
11181     0.004927281124281893
4164      0.007775561843322653
7199      0.0037572395358720515
4982      0.0042391565634990035
12140     0.00416639297064907
6713      0.00584937049243624
