t_index   tf-idf
6821      0.012907865068886285
4414      0.00919885686705044
6596      0.003226966267221571
1597      0.04217636273203588
5759      0.0010769597048282062
8036      0.02757325842513002
2402      0.026569033886054787
6880      0.001924052589678775
7256      0.003950792175077691
331       0.0025732237017819463
7475      0.003416775199599082
10037     0.00777890529214802
1527      0.011290989641035181
158       0.008897352391869059
75        0.002335229034417985
8799      0.003096683127086269
9105      0.007224323839364627
4419      0.04271934369893402
1838      0.008020931926244052
9786      0.014643304280746375
2877      0.004021877076981849
9264      0.006108844896691788
4095      0.004234723637856164
7191      0.006224585411808825
3762      0.0030813843800408134
3251      0.0020352560370012164
5524      0.019822583618302723
2355      0.007953968483116285
9690      0.010070670656903718
2762      0.004170966032302293
4850      0.006013996991469397
12069     0.004745057484236252
539       0.0061428285236028255
10068     0.007547811973515175
6241      0.026095760904963437
4845      0.004682607761232202
7816      0.004623362030617436
9610      0.006224585411808825
10957     0.004955645904575681
6553      0.014565872997405084
2643      0.0036364794181926057
9394      0.010241865781219682
6361      0.0015959612376220066
5074      0.004461931604145064
2883      0.0029657841306230197
9500      0.0028131335583485373
10201     0.009529117652887342
9847      0.012088554597704186
4758      0.01191846837021344
10799     0.008731245268638827
4838      0.0038369722564541254
3634      0.004082832514040628
8566      0.004994912627971139
7207      0.002320583758276355
6319      0.010070670656903718
6721      0.007177141218948675
8136      0.002835867727596911
2738      0.006105768111003648
3867      0.0033738353923776407
9488      0.004249281228157114
10805     0.009989825255942279
9202      0.0016831753689951648
9539      0.004958532710256749
9474      0.003066285622350147
4787      0.002200070518011115
8882      0.005107621665577193
5582      0.002417766890109391
612       0.0034341119472604703
8519      0.0027415264558888815
1958      0.0040804897363197635
1089      0.005423973721213131
2244      0.003712663411409441
7123      0.0013783937113619703
12171     0.001475990855083022
5538      0.010847947442426262
7072      0.006482324808106847
10145     0.0020600965323579806
1879      0.003728498008359214
11001     0.004762774070040068
8160      0.0028482211984633033
2996      0.004117160705696447
6607      0.0019352666439371882
9399      0.0030221386494260465
1161      0.003298068004581264
2164      0.002583053876143552
7425      0.002544216678335538
1508      0.002500213880644102
12010     0.004117160705696447
10243     0.00360074491926227
11121     0.018673756235426477
8959      0.0017775166407031937
10244     0.006482324808106847
5107      0.002515937324505059
3385      0.0026438594159294672
7222      0.0033935801213117018
8874      0.0011602918791381775
8590      0.009365215522464405
6095      0.004682607761232202
8004      0.004234723637856164
7319      0.0031929920969119194
3940      0.004044947285367685
8106      0.0018073899915857687
3569      0.0029521148762283096
8101      0.001896484729381345
5917      0.007282936498702542
243       0.007176691697593741
11074     0.0036364794181926057
11024     0.0018748945958117188
9930      0.0038369722564541254
102       0.0025538108327885964
6820      0.005120932890609841
9059      0.005120932890609841
5093      0.006224585411808825
2932      0.004412773610278008
8528      0.005545669174831948
9448      0.005120932890609841
7426      0.0009147139433136692
11930     0.002228768603339589
10874     0.004955645904575681
11128     0.005120932890609841
3745      0.005545669174831948
4970      0.0030454601001171683
3837      0.0035883458487968706
6108      0.00366131991354937
8554      0.004234723637856164
4770      0.0032619701131204296
3986      0.00531388679260083
4069      0.0035452240223725028
12124     0.004412773610278008
7988      0.0035883458487968706
10164     0.003497708110572734
5953      0.0026029688266556526
8822      0.002777756495883845
1549      0.0033165490151007533
5075      0.002811550229086619
8091      0.0020291284973481196
1567      0.004155034213979986
5714      0.006482324808106847
11300     0.004276729667598803
7888      0.0009453909266612368
11008     0.0037663958212187146
5023      0.01594166037780249
6166      0.001864249004179607
7150      0.002079083894433385
10769     0.002151503185632615
10250     0.002544225395903423
5786      0.006224585411808825
3944      0.007130021887447438
10902     0.002697096419977039
2406      0.005835947019047554
7922      0.0026335002566647754
5764      0.0026029688266556526
11901     0.0036121619196823134
7227      0.0017628647928713435
10881     0.0021720682128418987
10062     0.0034341119472604703
6114      0.0013240289234828623
10275     0.004955645904575681
3036      0.004567007511814409
3433      0.003476117977003108
9446      0.004955645904575681
6237      0.005120932890609841
3653      0.0018380565322552566
9870      0.004745057484236252
11220     0.0020727200297634635
8718      0.00297961709255336
11046     0.003096683127086269
9801      0.004682607761232202
11995     0.004905015018725387
11675     0.0028733317203591584
8259      0.0007911570251248358
4406      0.006488671189543981
11196     0.002193006040235211
10885     0.0023675399109594607
3857      0.001969577241400081
8261      0.0018484623550293255
2639      0.0032619701131204296
10768     0.0031438341030448637
5517      0.0034341119472604703
7217      0.0013108283396223567
1349      0.0028733317203591584
226       0.002236055936759879
12064     0.008525191660078103
3888      0.001047850664433631
8408      0.0021859845078782735
3340      0.004350474934768838
198       0.0037663958212187146
7026      0.004811077653717721
5626      0.003298068004581264
4916      0.004881101426915458
9114      0.005545669174831948
8876      0.0031763725509624478
11238     0.0014481821973082803
5968      0.00400987664983172
9581      0.006105768111003648
6101      0.009911291809151361
5932      0.0037663958212187146
12111     0.0009217212763268806
8823      0.006013996991469397
1538      0.002343222412449169
7351      0.003944445793640558
815       0.0031438341030448637
1168      0.004412773610278008
4892      0.006814608682065092
8855      0.007645500680043483
5559      0.0035421381464845764
10681     0.005681713117511152
449       0.001647495666719094
1713      0.0029657841306230197
6162      0.006013996991469397
3730      0.0018910492439824453
11681     0.002375760860366753
1668      0.00297961709255336
7294      0.004811077653717721
7199      0.003007790160365658
4982      0.0033935801213117018
12140     0.0033353305429930057
1067      0.008083548189298238
4980      0.00531388679260083
