t_index   tf-idf
9563      0.006424356645352547
4417      0.013393246078750165
5436      0.00452493610404504
4703      0.009974424655001155
11851     0.005445584898019095
2738      0.004159001466915529
7497      0.016636005867662115
11196     0.0179254406767052
8347      0.005579222252559592
10099     0.010805338482494344
6571      0.013049619874335672
8372      0.008265761844012226
7525      0.026093284595883486
10164     0.014294980973645087
4286      0.0036830776258616536
10401     0.02401990582462107
5332      0.007332706734497953
7561      0.0071474904868225435
12207     0.006328004651002375
8259      0.0032334243635536767
9913      0.005103497685100947
6743      0.02479101415248178
10246     0.011112834563884313
8646      0.007481827649426973
10243     0.002943217586179594
10769     0.00879309997606373
4808      0.011610457240131485
2348      0.013246489825261819
8106      0.003693362156718745
6011      0.0030480849107733356
10544     0.0032958958059876708
1713      0.006060515397360084
11770     0.005696674149367621
5839      0.02231688901023837
5209      0.005720882526684197
7217      0.0026786492157500333
6578      0.006559267426466852
8874      0.002371031231282363
3312      0.0041969695150713224
3250      0.004248562740798656
8101      0.0038754253165618788
586       0.01089116979603819
4739      0.003943189667429259
8408      0.0044670118204469065
11108     0.007060062117836377
11075     0.006424356645352547
11409     0.00685468950430703
3148      0.011610457240131485
10357     0.014882522410392151
7516      0.004993696673751561
8382      0.005029732428637502
1913      0.0041715897426067294
737       0.0044385741740682275
7396      0.010289598279879885
1131      0.00608878275434817
1376      0.00969642181561321
4234      0.012289472113002681
338       0.00392277978408721
9264      0.0038410128447426625
12111     0.0037670347815098597
9505      0.005845795064296641
1982      0.008338392069870821
6758      0.0094477398016965
5814      0.009831332596727516
11238     0.00295932883797779
8111      0.007696547982490417
4794      0.002955814030596134
10404     0.010464515037333153
7157      0.010126754674567695
2379      0.013925504698133013
1222      0.01192563086501022
10661     0.014882522410392151
3692      0.004184245516077287
1743      0.004097047881349801
11138     0.00287428863570394
4016      0.0025865925749006874
2133      0.007332706734497953
7595      0.009332580567620749
3888      0.002141260053407855
9160      0.01072103995318171
3341      0.006175674631435834
11681     0.004854815671184234
9371      0.002895211150129071
6505      0.006665765013767835
11784     0.00422262516003102
4102      0.006559267426466852
2749      0.00577005714069179
3340      0.0029633669845526866
9556      0.007431066637176194
9488      0.004341656907030094
9207      0.016676784139741642
10522     0.004001185118237219
11786     0.007533704377178226
1263      0.00969642181561321
11432     0.012289472113002681
11724     0.008265761844012226
952       0.010858812141401697
5223      0.0081268808414449
4518      0.0041093091873510195
10909     0.007481827649426973
1880      0.00639180032095479
6166      0.0038095523128887625
3013      0.011332454400743546
7319      0.013049619874335672
4170      0.010289598279879885
11078     0.008921054948391845
8274      0.006934707204419565
12084     0.0028962450368003535
5233      0.008653565694749553
9411      0.007103371518223742
5316      0.006328004651002375
4754      0.00639180032095479
3694      0.007533704377178226
8371      0.014882522410392151
5989      0.004975883033744844
10674     0.005066326899610157
2439      0.00553383054405543
105       0.005897671792047893
2249      0.0036830776258616536
10433     0.007103371518223742
11220     0.0042355583216905565
758       0.002497991970431125
7847      0.005381500524488889
6435      0.006894359280076048
11063     0.005672711546622756
4906      0.0029036094611751694
7597      0.0043281308178795795
963       0.005648989778131179
6020      0.003909064310136321
7888      0.0038637716133111417
8566      0.005103497685100947
7352      0.013246489825261819
9245      0.009222779556271363
4255      0.005897671792047893
7237      0.011083772386826833
11066     0.005319110210991986
10418     0.008739404103354075
5845      0.014882522410392151
1520      0.003622294109815383
4757      0.006032582573162197
10094     0.004993696673751561
