t_index   tf-idf
1171      0.014384516351737918
9849      0.018305129651784893
368       0.0036965369457768013
9267      0.007313673068489752
8708      0.013916853637132336
11196     0.00929966471197488
2441      0.005403586946797649
2809      0.0025691288044474227
11552     0.010247808604145614
2025      0.017353868309088152
12176     0.0024782063062576357
9471      0.006647203621887784
2249      0.005095385587658228
7552      0.005617729682854594
967       0.006474036854072017
10317     0.0017670684569965835
28        0.016104228129657172
7426      0.003878937323525635
9264      0.00597811773580249
7887      0.0035432485194288746
10145     0.002912016151002258
8657      0.00562160178505963
128       0.005247975348458458
2396      0.0072386119055236845
8501      0.043993310429325534
5073      0.005819745959931821
8822      0.005889679186761235
12111     0.0013028842101462672
8805      0.0032132431893178133
3730      0.0026730620892383436
7342      0.0065352786598201346
7140      0.015286156762974682
5272      0.004026057032414293
9596      0.0033350593037333857
8976      0.0068996020169932795
5759      0.004566956943782769
10822     0.005455239840654013
10503     0.003491821086003339
667       0.004163102952590655
5963      0.003771498043339863
10933     0.005255413566436232
8755      0.003582910859027777
118       0.012203419767856594
3903      0.005138257608894845
11912     0.0051838028860074475
3970      0.005247975348458458
758       0.0051838028860074475
11412     0.003490423114650196
10243     0.0020359099092370127
11238     0.0020470545345410277
10155     0.0057176698469859006
9701      0.019838337109693772
2339      0.005044030396018086
8837      0.004271895233775163
3204      0.010974665583152833
3674      0.006455619640760218
2561      0.006363079103922372
1649      0.0034542864209409292
1192      0.007061440095055097
115       0.008798363905602714
8267      0.01124320357011926
4069      0.0025056470534061295
8709      0.005105913089475751
6033      0.0024181006469187996
78        0.0035432485194288746
11913     0.0046109051223055695
9550      0.0033465977688750268
6607      0.002735564880151815
10740     0.003623560743547392
10100     0.006455619640760218
11016     0.005140286696392555
3497      0.004097835009515881
2524      0.0036793845068515993
11237     0.006455619640760218
10273     0.005985925142232774
5299      0.0035563625338868496
3861      0.002657803230302751
6150      0.003957302198909369
6816      0.003202606760675466
5790      0.004913610373508152
508       0.0073692965155207225
8640      0.0030605445016927604
3660      0.005668929331330383
6614      0.004796940321854135
9583      0.0027515717340711437
11679     0.003843536766456228
9399      0.004271895233775163
11910     0.005950683103867147
7317      0.004561426001786883
7135      0.0037819186604856666
10250     0.0035963486799236353
4906      0.0020085118077301923
8143      0.009066379762427686
11729     0.004714602572050263
8259      0.0011183272234847302
1942      0.0022798677755704187
2686      0.003192039176713705
9493      0.0030702919098817816
12005     0.003323601810943892
2013      0.004854233429210288
8034      0.0024050390890793193
671       0.0045372376183078975
3857      0.0027840640705504905
2637      0.0026884649017986633
2346      0.004271895233775163
6361      0.0022559452080671972
12107     0.0047415897323026075
6727      0.0022149060558525413
9824      0.0019047358653520275
11178     0.004585978133963415
9042      0.005140286696392555
232       0.002993895001841514
4016      0.0017892219315102497
4970      0.002152430446699352
2113      0.00536327166336993
7150      0.0029388554297253857
2845      0.0073692965155207225
9360      0.004079592517807565
515       0.004466751016755871
5646      0.00536327166336993
11165     0.004561426001786883
10195     0.006455619640760218
4673      0.003923980919468373
388       0.019265359883131387
11859     0.004334298473697952
408       0.02058935431212147
3214      0.022852737738166443
587       0.005895801609570157
8390      0.007881113108899567
634       0.004355641078553932
2433      0.0034419642037934258
10885     0.0033465977688750268
628       0.005985925142232774
10716     0.02058935431212147
1607      0.005841827289065471
2061      0.0065352786598201346
11046     0.0043772663751294625
6453      0.010889845956012315
338       0.0027135018055340094
9500      0.001988229732968139
443       0.0030998882373249595
9791      0.0034419642037934258
6740      0.0028425296634307803
2252      0.0061069201925012
7332      0.005247975348458458
7671      0.0065352786598201346
4770      0.0046109051223055695
6107      0.004079592517807565
1150      0.010350799154094458
6465      0.014009946316695157
3774      0.003708028855987659
3867      0.004769030479451102
5387      0.0022323681048967655
2508      0.0049752284794787145
3197      0.008798662085865107
7920      0.004561426001786883
4562      0.004008594983370069
4739      0.0027276199203270066
4073      0.0022678626772006808
2613      0.0013601773175024208
5968      0.005668096317055363
946       0.003234726210086345
4725      0.008500988228543208
