t_index   tf-idf
4414      0.013002895421093855
6596      0.004561426001786883
1597      0.03898081413868903
2637      0.0013442324508993317
2402      0.010432285652836883
9930      0.0013559225267168714
8036      0.010629745558286623
8004      0.011971850284465547
10037     0.005497872913247473
9550      0.0016732988844375134
6821      0.009122852003573765
6968      0.003227809820380109
972       0.004399331042932554
8111      0.0026619639638688656
11196     0.0030998882373249595
2524      0.0018396922534257996
9729      0.0019786510994546846
7475      0.0014489182049427685
4682      0.0031898335307404715
4067      0.0025529565447378754
9539      0.005256790316888734
8519      0.0058128606057192824
7123      0.002922609222587035
11236     0.0035588084276276296
3433      0.002456805186754076
11930     0.001575219915142266
6880      0.0027197134350346592
7256      0.00418843380966883
8554      0.002992962571116387
3986      0.0037556793872517143
10068     0.005334543800830275
6241      0.016138167928069495
9162      0.002318109295474154
1527      0.00638407835342741
8566      0.0035302390002202037
5759      0.0007611594906304615
12171     0.002607953766500076
7447      0.003559252747355005
9105      0.010211826178951501
226       0.001580370361319012
1838      0.0028344646656651915
9786      0.01034940302548992
3368      0.0028344646656651915
28        0.0020130285162071465
5524      0.010507459737521367
2355      0.002810800892529815
6580      0.002021853932012372
3596      0.002536124133736134
7425      0.002697252268009856
5075      0.001987110688226633
1171      0.001438451635173792
4419      0.017252925059934685
3250      0.0014694277148626928
11910     0.0014876707759667867
1649      0.0017271432104704646
5107      0.0017781812669434248
5802      0.003181539551961186
3785      0.0016908553247648509
726       0.004816339970782847
131       0.0018396922534257996
10147     0.002992962571116387
3359      0.004124654284138872
5421      0.005147338578030368
2295      0.009632679941565693
9264      0.004317529475857354
8874      0.002460167743736587
4586      0.005147338578030368
8315      0.0019619904597341863
9738      0.005140286696392555
11595     0.004250494114271604
8528      0.003919495507024084
4588      0.004816339970782847
2601      0.005713184434541611
5320      0.0075113587745034285
4794      0.0010223116196046778
884       0.0026427550067604335
7528      0.004250494114271604
9545      0.002427116714605144
4939      0.004399331042932554
3025      0.008249308568277745
6079      0.0019062185223897871
3946      0.005072248267472268
835       0.0022567011812760934
11220     0.002929859891695723
10362     0.0030854776513234952
1936      0.0031898335307404715
2786      0.003919495507024084
6607      0.0013677824400759075
11108     0.0024418259956426568
9258      0.0026619639638688656
1161      0.0023309653566213444
12111     0.001954326315219401
10673     0.0009475939833333958
6900      0.003419801663355628
2112      0.001921768383228114
6969      0.0036846482577603612
4255      0.0020397962589037825
6414      0.006455619640760218
1879      0.002635179043502001
2614      0.004816339970782847
7217      0.0009264501046955002
10164     0.0024720643789010303
6989      0.0011992736435988592
10243     0.005089774773092531
10577     0.004816339970782847
9765      0.004816339970782847
3407      0.002519631794812252
1361      0.0018326243044158245
8718      0.004211789574436328
1849      0.005713184434541611
3304      0.008105380420196474
6387      0.0026962211445196163
9029      0.0013838685371346771
10881     0.0015351459549408908
11238     0.0020470545345410277
10805     0.008825597500550508
2738      0.005753806540695168
6185      0.0033095122522994514
10947     0.0031898335307404715
10033     0.002519631794812252
1088      0.0032676393299100673
8882      0.0018049490096400608
9538      0.004769030479451102
5582      0.0017087976516562613
612       0.0072813501438154325
10579     0.0030854776513234952
156       0.0036846482577603612
7490      0.001540048930706921
7402      0.0025876997885236146
10958     0.0026057684202925343
8106      0.0012774034526997163
2063      0.0034746329618759167
10992     0.003891326110501859
9581      0.007192258175868959
7888      0.0006681710308733553
2891      0.0040156468650078825
4930      0.0023984701609270674
4073      0.0022678626772006808
2647      0.002105894787218164
8828      0.004913610373508152
3617      0.005713184434541611
8408      0.0046349445956516775
9583      0.0041273576011067155
2670      0.007838991014048167
3730      0.0013365310446191718
5033      0.004399181952801357
3762      0.002177820539276966
4442      0.005147338578030368
10684     0.0015855535089603448
8168      0.0036193059527618423
10885     0.0033465977688750268
8261      0.0013064320403966662
2639      0.0023054525611527848
11675     0.0020307758023591044
8259      0.0011183272234847302
4406      0.004585978133963415
10833     0.0019702782772248917
4305      0.0036512340504886295
1451      0.003923980919468373
11995     0.005200053516092327
5517      0.002427116714605144
5302      0.0020307758023591044
11835     0.001093105681282227
11884     0.0010461288262544799
10246     0.001921768383228114
8200      0.002992962571116387
10902     0.005718655567169361
8470      0.004124654284138872
3602      0.004399331042932554
12083     0.0031898335307404715
1094      0.0023984701609270674
9001      0.004816339970782847
5946      0.004816339970782847
2679      0.0031535456450348573
9250      0.003919495507024084
4608      0.0037556793872517143
12084     0.002003417619440846
5436      0.003130030989264238
1700      0.008249308568277745
11024     0.0013251134737315906
243       0.002536124133736134
1488      0.004816339970782847
5089      0.0029098729799659105
102       0.0018049490096400608
6820      0.0036193059527618423
9059      0.0036193059527618423
6721      0.0067634212990594035
7207      0.0008200559145788624
6319      0.0035588084276276296
671       0.0022686188091539487
11737     0.002765436832911921
10910     0.0009668596092843833
4074      0.0024126677885406875
8770      0.0029098729799659105
5989      0.0034419642037934258
3885      0.002883955151985397
7780      0.002681635831684965
4850      0.004250494114271604
12069     0.00335364965051284
2357      0.0007979641036522602
7689      0.0027224614890030787
7771      0.0014212648317153901
2920      0.0019376202019064275
11001     0.0033661711472463642
3417      0.003502486579173789
6113      0.004581492721519125
8959      0.0012562899565872197
5538      0.0038334851864213104
4977      0.0035588084276276296
11008     0.0026619639638688656
5023      0.0075113587745034285
6166      0.0013175895217510006
7150      0.0014694277148626928
9847      0.0021359476168875814
4758      0.004211789574436328
3944      0.005039263589624504
7629      0.0036193059527618423
10062     0.002427116714605144
6114      0.0009357798406570605
10275     0.003502486579173789
3036      0.003227809820380109
2406      0.004124654284138872
7922      0.0018612708580939012
5764      0.0018396922534257996
11901     0.0025529565447378754
10250     0.0017981743399618176
5786      0.004399331042932554
3653      0.0012990775491127377
9870      0.00335364965051284
11046     0.0021886331875647313
9801      0.0033095122522994514
1508      0.0017670684569965835
3688      0.005713184434541611
10145     0.002912016151002258
9111      0.004816339970782847
4820      0.005713184434541611
8276      0.0029098729799659105
69        0.002883955151985397
5181      0.0025701433481962774
2884      0.003227809820380109
8685      0.003479213409283084
6095      0.0033095122522994514
704       0.0011896126668086127
233       0.003022651043265319
9789      0.0030854776513234952
11549     0.0010354575238264903
1955      0.001176906682509183
11027     0.001456008075501129
11084     0.0024126677885406875
1942      0.0022798677755704187
3656      0.002177820539276966
2152      0.003502486579173789
6682      0.0030854776513234952
10516     0.002883955151985397
3318      0.0030534600962506
6203      0.0012528235267030648
6233      0.0017271432104704646
5481      0.0030854776513234952
9785      0.0031188024012491185
12010     0.005819745959931821
8823      0.004250494114271604
5488      0.0026619639638688656
5735      0.002210697855367822
3312      0.0014515834413028634
8941      0.004124654284138872
2261      0.0014649299458478614
2625      0.0015449815318838926
4767      0.00296431601743831
8686      0.001661800905471946
8113      0.002318109295474154
10674     0.0017522634389629112
8160      0.0020130285162071465
2996      0.0029098729799659105
5963      0.001257166014446621
4263      0.001913956428771051
7892      0.003957302198909369
12044     0.0019376202019064275
8091      0.0014341208928625806
6442      0.0030534600962506
3516      0.0025701433481962774
7097      0.0015599607229953125
10259     0.0016337451198894354
7348      0.0027436663957882083
815       0.0022219579374903545
2628      0.0036193059527618423
1726      0.0016561120809791116
7790      0.002115789975173723
11784     0.0014604568222663678
497       0.0022686188091539487
8868      0.002623987674229229
7227      0.0012459345152624533
4286      0.001273846396914557
3340      0.0051246195973467515
7351      0.0027878037940015977
9596      0.0016675296518666928
2179      0.0026619639638688656
12064     0.0030126617144636907
3888      0.0007405861838854234
7026      0.003400310522176434
5626      0.0023309653566213444
4916      0.0034498010084966398
9114      0.003919495507024084
4970      0.001076215223349676
5968      0.0028340481585276815
11121     0.004399331042932554
6101      0.003502486579173789
5932      0.0026619639638688656
843       0.002456805186754076
9505      0.002021853932012372
2202      0.003022651043265319
2877      0.0028425296634307803
3962      0.0026619639638688656
5995      0.004816339970782847
1803      0.0040156468650078825
2032      0.0020769091502491903
3620      0.0031898335307404715
4585      0.004816339970782847
2551      0.0033095122522994514
6673      0.004816339970782847
242       0.004124654284138872
9875      0.0023984701609270674
9806      0.004816339970782847
5397      0.0036846482577603612
7199      0.002125806579506555
4417      0.0009264501046955002
4982      0.00959388064370827
12140     0.009429205144100526
635       0.001811780371773696
7229      0.004581492721519125
7524      0.0036193059527618423
10477     0.004581492721519125
4980      0.0037556793872517143
5583      0.004250494114271604
2057      0.00562160178505963
