t_index   tf-idf
1171      0.013913750362044678
6821      0.02206071484500565
4419      0.04172070969038751
6596      0.02206071484500565
1597      0.06653837365277827
6098      0.0252036655527417
10243     0.004923200325973139
1562      0.028950110687889413
1399      0.01470845814177933
5524      0.03387859745673556
1879      0.012744684101300587
10988     0.009813218846504242
9202      0.01150679888622149
9539      0.01694916635505943
5759      0.007362488163916463
331       0.035182985886182246
10037     0.03545295017997158
11027     0.01408356902121092
1527      0.015437862200106284
226       0.015286491494940263
11236     0.034423383336325435
3433      0.023764006533693975
8036      0.034272876587930205
2402      0.0403634615804307
7150      0.014213373532853684
6241      0.02230001386424148
6880      0.013153523158531261
7256      0.013504525980265563
6969      0.03564059769324568
8028      0.012780988824138318
3969      0.038842256948803514
3804      0.041113870341681694
7597      0.014479564917997139
6414      0.031221724080767597
5387      0.01079654392550072
9371      0.004842898651124992
8004      0.028950110687889413
8874      0.007932177210108268
8315      0.018977798628701584
7141      0.04978880224567556
3497      0.019818620227840443
11901     0.024694052396373633
2602      0.04431552959723954
9747      0.013871860272779871
9664      0.04978880224567556
12013     0.030167325044809654
539       0.01399820318105856
10958     0.006301221816343765
