t_index   tf-idf
12177     0.01639101898018038
1988      0.024531430702786027
11552     0.004008701601033431
2025      0.003394212478101065
6648      0.006652524119396985
2939      0.006815297217031446
485       0.004434451824519785
10822     0.012803768802476185
1192      0.003683025618205208
5963      0.0019670950578988306
11912     0.0027037089562313354
9784      0.02350613451785779
1011      0.006088780855255851
7502      0.017039406025289857
717       0.008211537898176175
8755      0.028031008485334966
7140      0.007972779801865226
9701      0.00886890364903957
11773     0.010494950671016653
8769      0.0150334129118766
4049      0.003595760736160872
6727      0.003465676534451624
2069      0.0165107717332973
9264      0.009353995986608602
10933     0.004111588260800111
4283      0.00678190231766856
455       0.009459119735394999
12240     0.08395960536813322
1798      0.008764092858994639
1686      0.006529383490952026
10958     0.00407726117528126
7887      0.00554414180098871
2252      0.019111067896533166
9583      0.008610800956034403
8143      0.014186217745916262
118       0.023868453369484222
2651      0.006716394281680562
11024     0.004146825694265919
8918      0.004684565120528486
2658      0.004699205122903161
7790      0.006621178039955415
1380      0.012265715351393014
7287      0.008519703012644929
11001     0.007022757060137513
9539      0.005483553820754522
564       0.005385661636523831
2083      0.013368519202166982
4757      0.006529383490952026
8949      0.012544544300899275
3251      0.004501507470073278
12171     0.0016322722397388713
8920      0.006355133687382609
368       0.008675989655087904
4417      0.00579848771409419
11927     0.003793896696176005
735       0.010494950671016653
11549     0.006480745913831681
12176     0.011632991955256432
11100     0.008154127090592904
9162      0.007254318501130882
9360      0.012766724820433084
515       0.013978303181847786
1985      0.005965342670066863
12181     0.00483488338213077
1017      0.011339613620983603
340       0.010225788961836211
7049      0.00558534710433376
539       0.0045288304409307105
6973      0.004194577989690504
7920      0.007137290096913593
4562      0.012544544300899275
3049      0.010225788961836211
4940      0.011530781606638308
186       0.007214710367842833
102       0.005648428665461837
10807     0.010960722706590917
3694      0.008154127090592904
11458     0.014337377222636321
10907     0.01796867329599175
2150      0.01058276509146942
3736      0.004598444378276193
12103     0.009366212281375987
6033      0.003783616306355299
4397      0.004267922934158728
4286      0.003986389900932613
7922      0.005824682920623268
1766      0.0169100485629197
583       0.01717212379481561
9575      0.008586061897407805
11739     0.009989204953009949
6535      0.010787282208482617
1913      0.00451513242729199
9825      0.013767318322588932
11835     0.0034207777790714405
4794      0.003199234009586404
2261      0.004584369007006249
9500      0.0062219895172885295
338       0.0021229161184471955
7475      0.0015114205588814763
5330      0.005870714317752424
2816      0.011136976961752348
10101     0.007641478998128785
5342      0.005965342670066863
109       0.00717570696255452
3369      0.007641478998128785
5186      0.0033679205813060453
