t_index   tf-idf
12177     0.007628947916853292
1988      0.008563333099535164
485       0.004643881787484785
10822     0.005959317443999867
1192      0.005142623039793719
11552     0.0027986828426106096
2025      0.008293866219589871
5963      0.0006866656259605775
11912     0.0009437998409842444
5759      0.0016629850062234313
9267      0.002663158160463072
9784      0.008205426833749125
4049      0.002510387372268371
6727      0.0024195688330873764
2069      0.019211712489120746
7920      0.004982913004005383
4562      0.0065684985559123525
8769      0.003498535516795376
9264      0.005804898262280493
10933     0.005741026729659293
1011      0.0021254471157977303
7502      0.005948047277821921
717       0.0028664506010060574
8755      0.013698932278254049
7140      0.008349317656984118
9701      0.00928776357496957
4283      0.002367399166331941
455       0.003301951447673819
12240     0.025644745992833298
1798      0.009178002788680216
1686      0.00455850182119854
10958     0.0028465478431121734
7887      0.005805980120131914
2252      0.006671214666140942
9583      0.003005823742352872
8143      0.006602757061754318
118       0.01333104582443472
2651      0.0023445318847755557
11024     0.00144755722387106
8918      0.0032705382771656788
2658      0.001640379611691042
7790      0.0023112941823252987
1380      0.004281666549767582
7287      0.0029740236389109607
11001     0.002451475770479214
9539      0.0038283537968306727
564       0.0018800050887249516
2083      0.006999943319409816
4757      0.00227925091059927
6570      0.0024028386025567987
9471      0.0018153554039241795
11110     0.002414971784508586
1171      0.0015713681107031978
28        0.002199037311339224
12184     0.004187708663606031
7475      0.0010552012115394292
9589      0.001368587507609919
8822      0.001072316676029082
6022      0.0015387669564961377
10910     0.0010561998195878686
10317     0.0019303499365958571
4069      0.002737175015219838
11863     0.0014642264029720445
7217      0.001012056377203298
2157      0.002478244777145587
675       0.002620094713784805
4286      0.004174658828492059
5493      0.0037685711222180955
8846      0.004187708663606031
11412     0.0019064734055378894
10243     0.0011120165007331528
4794      0.0033503271968974664
8101      0.0014642264029720445
5387      0.004877288836981845
12111     0.0007116369607780434
9371      0.002187757090857286
11958     0.0030234827998178574
3570      0.002846409867352759
8372      0.006245996629561601
6696      0.0016455195401382787
10673     0.0010351540023272414
8028      0.0028868763257807292
12176     0.006767996688547547
583       0.00899156379399996
3670      0.0031229983147808005
10578     0.0018216135006018084
2339      0.0009183518722387481
9505      0.0022086782173112566
471       0.002620094713784805
586       0.0020574694481222044
5395      0.0018535801889522185
8949      0.013136997111824705
3251      0.0015713681107031978
12171     0.0011395740482776514
8920      0.002218424490462102
368       0.0030285795510573794
4417      0.002024112754406596
11927     0.0013243581896302276
735       0.003663535141833329
11549     0.003393409051390305
11100     0.002846409867352759
9162      0.0025323083063495894
9360      0.004456556918837011
515       0.0048794898170721225
1985      0.0020823578109062974
12181     0.0016877416323659773
1017      0.003958386684942942
340       0.0035695772556717784
7049      0.003899420976331578
539       0.001580905903404971
6973      0.0043926792089161336
3049      0.0035695772556717784
4940      0.004025118835992839
186       0.0025184820585899006
102       0.0019717307456437625
10807     0.0038261249694465215
3694      0.002846409867352759
11458     0.005004833938086602
10907     0.0062724321567117
2150      0.00554128356945524
3736      0.0016052064564824491
12103     0.003269519687543979
6033      0.0013207695525264903
4397      0.0014898293609999667
7922      0.0020332568716754733
1766      0.00590289169547505
9575      0.00299718793133332
11739     0.005230487193054491
6535      0.005020774744536742
1913      0.0015761242559335488
9825      0.004805840071540285
11835     0.00119411133971693
2261      0.0016002930825278487
9500      0.006515841178269302
338       0.0014821180293060504
5330      0.002049325326525487
2816      0.0038876510954782323
10101     0.00266745673445974
5342      0.0020823578109062974
109       0.002504866906846547
3369      0.00266745673445974
5186      0.0023513203237044257
944       0.001737760823042455
3596      0.005540936505739727
1871      0.0063008794285676845
953       0.0017434957310181636
10345     0.001630187785137551
8247      0.0038283537968306727
217       0.0027004892188405506
132       0.00299718793133332
4696      0.0038876510954782323
4280      0.012563125990818094
569       0.005580340107634002
12005     0.003630710807848359
2459      0.012075356507978516
4739      0.0014898293609999667
5209      0.002161483336570621
8193      0.0029740236389109607
4873      0.001986718915544172
667       0.006821675885353887
7411      0.0020332568716754733
6569      0.0038876510954782323
657       0.007652249938893043
3935      0.004854544651929646
128       0.0028664506010060574
9081      0.002218424490462102
7131      0.01641085366749825
2160      0.002575121733399117
110       0.001994308536817198
8430      0.0027888560201243325
4412      0.003746650188136877
3426      0.0028268096252455095
10075     0.011245930692041708
10820     0.00696916401788062
11859     0.002367399166331941
7148      0.002504866906846547
10988     0.00110826906890705
4376      0.001379996300102912
2685      0.003928660159588038
1549      0.0025606210054987338
2249      0.0013915529428306865
324       0.0018800050887249516
670       0.0020332568716754733
12045     0.001827915824477941
8091      0.001566637197131197
5169      0.004281666549767582
8034      0.0013136353135422977
443       0.0016931627743910459
2686      0.005230487193054491
9493      0.0016769972238779342
2013      0.0026513882796097266
8888      0.0026513882796097266
8313      0.0031504397142838422
6028      0.0038849791951289614
10515     0.0034449410331797623
5588      0.0031787524134329866
4016      0.002931825670113305
2779      0.0028268096252455095
10201     0.0024523944130634095
9543      0.0019282208912907068
7426      0.0014124535633919493
11910     0.0016251352213846623
10094     0.0018867354989122941
448       0.00254635229922496
3554      0.005504903962382416
7128      0.005615261853143407
320       0.0022688206733728323
5926      0.0027004892188405506
1558      0.0038261249694465215
7848      0.004505782503412485
1234      0.0037685711222180955
6818      0.00266745673445974
4838      0.0029624262185354235
8296      0.002951445847737525
11165     0.0024914565020026916
8379      0.002218424490462102
6571      0.0024652259310859997
7760      0.005261381651861344
3660      0.0030963761850798396
9459      0.002134320573256955
3641      0.0028268096252455095
1581      0.002752451981191208
11057     0.0028268096252455095
11689     0.00266745673445974
2809      0.0028065226364805524
5968      0.0015479605958282616
9581      0.0015713681107031978
11675     0.002218424490462102
7135      0.002065688631805313
7490      0.0016823532466860001
8160      0.002199037311339224
631       0.0027888560201243325
11884     0.0011427937075305613
10224     0.0036153193392675733
8212      0.0030963761850798396
4027      0.0015572500039597733
5157      0.002604850323478425
5801      0.0037685711222180955
8055      0.003301951447673819
8913      0.0026356042371738107
9527      0.0029294255902595516
2662      0.0027888560201243325
9509      0.0018800050887249516
3583      0.0018935170914176035
5948      0.0037685711222180955
967       0.0011787089686400797
9930      0.0014812131092677117
1165      0.001994308536817198
9779      0.004505782503412485
6681      0.0018800050887249516
4673      0.0021432832126870374
2825      0.0032079935615122682
8187      0.0010696102244317242
3449      0.0018601133692113339
9042      0.0028076309265717037
4896      0.0018601133692113339
3791      0.0051212420109974675
11989     0.002414971784508586
5004      0.002355892230976708
9597      0.0037685711222180955
5274      0.0017207741167467878
5116      0.0031229983147808005
12125     0.004281666549767582
7488      0.001232200052044917
4721      0.0034069874280585857
1382      0.003953738741004724
7769      0.0013535993377095095
2659      0.0028664506010060574
7447      0.0012960454904810833
11984     0.001907236979213323
6854      0.0034069874280585857
2229      0.0032079935615122682
182       0.003953738741004724
6360      0.0015251518047527844
8859      0.002846409867352759
11662     0.0026513882796097266
5802      0.001737760823042455
4770      0.0025184820585899006
6107      0.0022282784594185056
6114      0.001022248203756789
3952      0.0038261249694465215
3167      0.003714507593014093
3063      0.0029079359933844697
1557      0.0033705833891254614
1607      0.0015954066313053547
11016     0.005615261853143407
11427     0.004102713416874563
