t_index   tf-idf
12171     0.001090319374285297
7447      0.002480055614397986
12177     0.021897628500044515
1261      0.008813434625692701
9371      0.0010465989226399785
6387      0.00563610864001743
7692      0.003069337651191502
11867     0.004101292434493466
1572      0.006151938651740199
11024     0.0027699817997061146
9459      0.004084141922106628
9930      0.00708596055219426
1165      0.005724331576208107
7204      0.0017368921055227412
8959      0.005252229916733995
8390      0.0020593085333666843
5387      0.004666482639705615
5735      0.0023105918645494722
3250      0.00307165243342614
6009      0.001545306656574153
9471      0.0017368921055227412
1970      0.003159234489228192
4664      0.0017250414871142676
11552     0.002677718161790504
2025      0.006801761743935337
704       0.002486734533368102
3982      0.002723382328881716
11238     0.0016046655388641847
6616      0.0027620997458845087
8850      0.0038511451338477647
118       0.007971782068393551
477       0.014152043557236328
1192      0.007380522849841477
6361      0.0011789418965537808
6514      0.002782249172452331
5968      0.0014810546368730123
4069      0.002618868825956898
9509      0.003597495002786056
9824      0.0009954022400464426
11859     0.002265075430262584
7411      0.0019453754351786944
587       0.0030811065385965854
8755      0.005617215845784217
5759      0.0023866611926251797
9267      0.0025480511279872614
5274      0.0016463988111113665
7140      0.0026628144721357336
443       0.001619980886303417
10933     0.010985776099583794
8708      0.0018182136873660124
5963      0.0006569865615772125
4073      0.003555509658951166
1171      0.003006900864096099
1110      0.001968541495551107
10887     0.005033974193431188
337       0.001619980886303417
3970      0.002742556861866306
11412     0.001824071804512676
10243     0.001063952919169048
3857      0.0014549332863780559
4906      0.00419853941733777
10043     0.002094864961839761
3774      0.0019377911113805841
2920      0.002025174749340313
6241      0.0024096282171577237
4114      0.006449800041273475
12176     0.002590188123632735
10684     0.0016571993453180812
8259      0.00058443033683092
297       0.002742556861866306
14        0.002823878443709577
9284      0.011470573851153845
9264      0.005553998926779174
2822      0.004017213280461126
3592      0.002890397632827391
1607      0.0030528999192365723
667       0.0065268293834328936
12111     0.0006808785852630788
1713      0.0021908346426606196
2438      0.002201053097839024
9396      0.002094864961839761
11057     0.0027046292485158408
10702     0.003925385921449729
6645      0.0035539591312335225
6649      0.003014271396574128
12026     0.0035539591312335225
7426      0.006757022449625533
967       0.004511051219864195
10503     0.0018248023750037094
1195      0.0025216881404786754
6397      0.003159234489228192
7681      0.002962544601441811
3653      0.002715556998538218
7227      0.0013022341102546663
2825      0.003069337651191502
12036     0.00227622893299675
8491      0.00417878396361658
5186      0.0011248457737171467
7671      0.0034152929735012886
11923     0.0043110335543455405
9723      0.0025837686632128646
12084     0.0010469726655624066
10578     0.00174287971472118
9500      0.0031171067326298133
10094     0.0018051870097648076
2150      0.001767259396414343
448       0.002436293850142545
5927      0.004442559663639476
8651      0.0022989831030356795
3536      0.003505189811537978
201       0.002201053097839024
338       0.0014180579180197376
11001     0.0035182771126425656
919       0.006830585947002577
11899     0.005647756887419154
4357      0.0034152929735012886
4263      0.004000883379592138
1726      0.0017309462221628436
7150      0.00153582621671307
8143      0.0015793431675217842
2613      0.0014216391609259095
11910     0.0015548936204603742
513       0.009855279246879135
9352      0.003719619024553829
7217      0.0009683132724911711
10250     0.0018794277973667721
5512      0.005033974193431188
75        0.0017250414871142676
11930     0.0016463988111113665
662       0.0037828502296056977
8101      0.0028018792072588825
485       0.0014810546368730123
25        0.002000441689796069
11071     0.007565700459211395
12184     0.004006707503293
3068      0.005485113723732612
7529      0.0027046292485158408
4594      0.013327678990918428
8769      0.0050209827014126174
331       0.0019008489427701605
3267      0.002823878443709577
1219      0.0025837686632128646
7464      0.004788514985949262
5990      0.004442559663639476
11143     0.00409660434132969
5753      0.0030413603641293993
4027      0.0014899425381697633
8597      0.005033974193431188
11623     0.0026862794916314727
11549     0.0021644927413583216
2236      0.0027046292485158408
9550      0.0017489096395299749
449       0.0012170105514467176
10740     0.0018936486400463776
4376      0.0013203500945974814
7175      0.004402106195678048
9360      0.006395903397270013
515       0.004668588489025783
6403      0.001970903827516161
9594      0.002988016069348231
1889      0.0018248023750037094
8918      0.0015645895294495926
2210      0.0018116754882522058
2417      0.002782249172452331
5363      0.0018865085916080792
1979      0.0026507230631583954
2339      0.0008786588640083895
621       0.002935788007149945
3017      0.004442559663639476
7541      0.0021908346426606196
1061      0.010804468237303718
5897      0.010659838995450022
83        0.0018116754882522058
6509      0.002988016069348231
3378      0.003801697885540321
5724      0.0028454803775042
10712     0.002890397632827391
7888      0.0006983634350189097
953       0.003336276703362851
3736      0.00153582621671307
10108     0.002742556861866306
10683     0.007321504361966428
176       0.013523146242579205
6724      0.005735286925576922
6648      0.004443729274253389
5965      0.0016410493841261537
9557      0.0023966015395565196
6033      0.001263683245737526
2357      0.0008340214207131679
1955      0.0012300871416402461
486       0.0043110335543455405
8814      0.003159234489228192
6729      0.005379929515740974
2261      0.0015311252086268414
7153      0.0019228217658595784
5075      0.00207690154447263
9258      0.002782249172452331
6166      0.004131380897278186
3625      0.0027621722271052073
6607      0.0014295879334388659
7709      0.0025837686632128646
4629      0.00409660434132969
6974      0.002890397632827391
3319      0.0060827207282587985
5556      0.0033736637022440427
6727      0.0034724853292147904
2003      0.0043110335543455405
7097      0.0016304501073349828
7773      0.0049558462427995815
11864     0.002552163909001755
8159      0.002618868825956898
5073      0.0030413603641293993
9488      0.0031389582353380644
6588      0.0031686365767543546
5395      0.0017734647387421026
11670     0.004442559663639476
6942      0.0022431965184394804
4787      0.0016251994396310006
2966      0.00228753016853524
7525      0.0018865085916080792
580       0.0029798850763395265
12093     0.0012809907521363609
7775      0.0028028099458868396
6681      0.001798747501393028
3266      0.0018314423369907048
5145      0.002890397632827391
5209      0.002068059695304307
2164      0.0019081105254027022
8028      0.0013810498729422544
6696      0.0015743968881087264
6201      0.002988016069348231
876       0.0015034504320480496
7222      0.0025068489697705303
4737      0.005379929515740974
8411      0.002962544601441811
10246     0.002008606640230563
6011      0.0011018617359180624
9024      0.005033974193431188
219       0.003660752180983214
10664     0.015101922580293563
1878      0.002867643462788461
1508      0.0009234581720257195
5342      0.0019923541334211526
4222      0.005379929515740974
5426      0.005379929515740974
5423      0.0023711300716501
4518      0.0014854870146809186
1101      0.002536789964970406
6501      0.004442559663639476
11937     0.0018794277973667721
11059     0.0038511451338477647
6286      0.005379929515740974
3318      0.0031914356998139866
4835      0.002552163909001755
8712      0.003925385921449729
3846      0.002265075430262584
10077     0.006028542793148256
11165     0.002383770759283518
12038     0.0034590579925801728
902       0.0022540658477124883
4680      0.004442559663639476
175       0.0035539591312335225
11666     0.0028028099458868396
8949      0.002094864961839761
4283      0.002265075430262584
455       0.003159234489228192
12240     0.003505189811537978
2069      0.0018381343776427903
7887      0.0018516780081887635
2252      0.0031914356998139866
9583      0.0014379530083750967
9539      0.0018314423369907048
2083      0.002232463913917865
4757      0.0021807371187855485
5790      0.0025678199594364806
10822     0.0014254359505048795
11100     0.002723382328881716
9162      0.0024228568667824164
1017      0.0018936486400463776
340       0.0034152929735012886
9701      0.0014810546368730123
539       0.0015125759822361901
6973      0.0014009396036294413
7920      0.002383770759283518
4562      0.002094864961839761
7176      0.0025678199594364806
1682      0.0017250414871142676
5802      0.001662651317920777
1427      0.005971344045532686
7634      0.004197100456157551
925       0.004442559663639476
908       0.0043110335543455405
9543      0.0018448793203508333
4417      0.0009683132724911711
7425      0.0018794213576702598
7475      0.001009593300628098
8091      0.001498923998041047
3888      0.0007740507855148236
3957      0.002867643462788461
11970     0.001599420112868908
4970      0.0011248457737171467
11384     0.004788514985949262
10353     0.002025174749340313
3903      0.0013426095520294979
10343     0.0023966015395565196
7597      0.0015645895294495926
6247      0.0025216881404786754
11827     0.0023105918645494722
4146      0.002201053097839024
12162     0.003333971391658017
9514      0.005379929515740974
9290      0.005379929515740974
7036      0.005971344045532686
7151      0.0023966015395565196
8828      0.0025678199594364806
10790     0.005033974193431188
7405      0.003719619024553829
11077     0.002723382328881716
3163      0.003259730604056053
1331      0.005971344045532686
2051      0.0036056859263658395
12117     0.0035539591312335225
9814      0.0026862794916314727
9346      0.005971344045532686
