t_index   tf-idf
11027     0.002858288915743914
2738      0.008471471622647128
11540     0.003969100707861926
6821      0.017909067401849606
7207      0.0016098514633061062
4419      0.016934605409382384
497       0.022267623735607027
11993     0.005115135075279681
6596      0.004477266850462402
1597      0.054016391895244355
9539      0.01719933855218208
5965      0.006164532372842895
8685      0.003415021279960518
11784     0.00860106674663145
9538      0.009362081974420613
5582      0.006709080078827535
612       0.01905868770730534
7348      0.005386090489148808
3340      0.004024055536219147
10947     0.006261961027136276
8519      0.011411224510120511
10037     0.003597624095753574
9105      0.010023416101849076
1527      0.00939943639489866
226       0.0031024244731428577
1838      0.005564336539239417
9786      0.013544606173580904
5759      0.0014942319151859981
8036      0.0034778749305095225
2402      0.008191846446212873
11884     0.004107310225589545
8566      0.003465105439330532
5963      0.0012339710695306316
11912     0.0016960535887798045
2637      0.005277724456667487
1520      0.002459417402974282
10673     0.0018602213990161127
7097      0.006124716639361669
815       0.004361924807176637
4322      0.004325430104273797
7214      0.005564336539239417
4414      0.004254329867172159
12010     0.02856185286608606
338       0.0026634371965758175
12111     0.006394228780422641
5346      0.006057100038760515
3852      0.0046015587810992005
10805     0.006930210878661064
7351      0.005472736599294649
4286      0.002500687391728946
2966      0.008593010005789204
9395      0.007233331635160562
7888      0.0026233726082998156
1955      0.0069311552224526046
5517      0.00952934385365267
3578      0.0047363072454009066
11814     0.011554748242567385
6983      0.029668825738323797
9371      0.0019657522200138343
12169     0.00599424638821151
1508      0.001734465717937606
10243     0.0009991734978912275
5486      0.004764671926826335
6517      0.010104738463144487
320       0.004077179586467045
9264      0.005215840320536162
6880      0.008008602661098369
49        0.005187991378585058
3888      0.00436153339291932
1822      0.005264318311647238
6203      0.002459417402974282
443       0.003042694727411215
6161      0.0030623583196808346
8913      0.0047363072454009066
7204      0.0032622807443213114
9202      0.002335328187240524
7425      0.0017649916440113694
6311      0.0020963926498789613
8408      0.00909885802541215
2074      0.012460519558587681
11958     0.0054333436291929766
67        0.0034907469889811885
10145     0.002858288915743914
11020     0.005564336539239417
12142     0.009454955219396585
7339      0.008307013039058455
6079      0.0037420968779017225
12181     0.0030329526751373833
2696      0.005428828026232996
2658      0.0029478408520056732
5363      0.0035432947347915585
2662      0.010023416101849076
9474      0.004254329867172159
5033      0.012954048702344954
8882      0.010629884204374674
4978      0.0034907469889811885
8200      0.005875483718944346
9820      0.0050799124999799375
354       0.007525513354893495
2121      0.008636325147011507
2891      0.007883114878908463
9824      0.0037391862744180025
5186      0.0021127177078303604
6009      0.0029024394398385386
6614      0.0047084358878715865
8320      0.0038354764545244905
953       0.00313314546496622
1622      0.006772303086790452
4137      0.002601329771310724
1690      0.004883434596093498
1343      0.004681040987210307
10249     0.008636325147011507
9507      0.003342712955003393
3001      0.005819247679989598
4423      0.008344143427278574
8264      0.004318016234114985
11946     0.0059337651476647595
7165      0.0026464753669454538
3096      0.003697371296072005
4794      0.002006899563209183
10522     0.0027166718145964883
10848     0.0035838681085976955
6822      0.008344143427278574
8208      0.006414701562775483
4998      0.006986295511062358
3414      0.011215550255262498
10903     0.003122839560227585
3551      0.009454955219396585
7977      0.008344143427278574
6073      0.003597624095753574
3873      0.003415021279960518
8111      0.005225700475196445
398       0.005386090489148808
4758      0.00413408127970503
10727     0.008636325147011507
9915      0.007233331635160562
10390     0.005764918319027581
10252     0.006875730111145594
3565      0.002001787716246945
10223     0.003427396342719145
2339      0.0016503223681928793
8090      0.008344143427278574
8187      0.0019221408830193715
8106      0.0050153404932564505
5099      0.005875483718944346
3571      0.003697371296072005
9751      0.006414701562775483
6022      0.0027652380362126164
12066     0.005264318311647238
8917      0.009892576493285005
11732     0.006057100038760515
5145      0.005428828026232996
9013      0.0064969022812668194
4683      0.010104738463144487
9422      0.006875730111145594
8330      0.005612177783388375
11414     0.00452583307207853
2053      0.006875730111145594
6241      0.00452583307207853
488       0.002757040766862218
4640      0.011215550255262498
3616      0.004384338636372921
2920      0.0038037415033735037
7771      0.00558016893337703
637       0.005386090489148808
105       0.004004323283161668
11081     0.006875730111145594
2134      0.007694360183530673
469       0.006986295511062358
8091      0.0028153221955826307
8109      0.009454955219396585
8310      0.011215550255262498
7475      0.0009481235978223283
808       0.005764918319027581
1917      0.004764671926826335
2366      0.002781759447115732
