t_index   tf-idf
7426      0.01763756116338152
9371      0.013659457733942284
2441      0.03685523404738909
7140      0.017376571363039595
2809      0.017522775948282422
2025      0.04438585548286008
8648      0.032717592964441024
6973      0.01828405790377912
118       0.020808395245191375
758       0.011785398014341718
4914      0.0656998170373455
7317      0.031111264525007967
11730     0.0779336953634907
4999      0.029562138307786028
7332      0.03579388314589615
11108     0.033309011017484444
11662     0.033108361337690684
1607      0.019922128960146352
102       0.024621355721243906
657       0.04777750923385784
7409      0.049371045304341034
3993      0.018075906872441184
10578     0.02274681473828412
10822     0.018603766636076505
667       0.01419724853062967
5759      0.010382996128600141
9267      0.016627666976224566
10317     0.012052313065669005
7988      0.03459533433711855
10992     0.02654083962547422
3583      0.02364468778257366
4937      0.017670925662614724
6009      0.02016823303067292
1571      0.032717592964441024
8918      0.0204198992433293
