t_index   tf-idf
9539      0.009761299995060407
3142      0.004804434912356577
4419      0.015017271158189223
11993     0.007257600028276406
10958     0.0009072439787929506
2637      0.0037441448370599192
8036      0.0049345764720841925
2402      0.002905746579743048
5963      0.002626226386200009
11912     0.0036096637897329344
4414      0.006036248136144792
6596      0.003176280933181442
1597      0.02235364210848136
6821      0.003176280933181442
2738      0.008013154658769187
6361      0.0015708937836279439
10415     0.002767389754284212
9202      0.001656738059534508
3312      0.002021576939196658
11467     0.005230422602141131
9538      0.0033208432134397723
5582      0.0023797914939296624
612       0.006760346032303334
8882      0.005027397241510536
4664      0.0022985500443485924
7227      0.0017351758170670818
4348      0.005124168999070814
7408      0.003176280933181442
2628      0.005040499389710211
8450      0.002021576939196658
7207      0.0034262021980834144
7097      0.004345021490227781
815       0.006188909019606643
8519      0.010793863323709105
10317     0.0012304717527777257
12012     0.008949975794330245
10243     0.004961864202878688
9105      0.0035554263921480363
12010     0.012157479780171709
6101      0.004877808534346743
10030     0.003531984395674407
9581      0.004006577329384593
2063      0.0032260117551797343
2211      0.004168209654015492
8264      0.003063304710589427
6011      0.0029363749925774545
8347      0.00268737406929572
497       0.003159437713271992
5517      0.003380173016151667
10882     0.0017889745078089386
9507      0.0023714010754081667
8374      0.0044423859642773065
6983      0.008419111806372512
2249      0.001774047861671582
5033      0.003063304710589427
12084     0.0027900999307396077
12111     0.0009072439787929506
4794      0.0028474857676947054
1607      0.0020339346320568264
7771      0.0019793531164203865
11681     0.0023384452447588982
9399      0.005949341006199966
7217      0.0012902394128220056
2157      0.003159437713271992
11196     0.002158560919184396
6930      0.002346595075712152
116       0.0032283616366289266
5436      0.004359100749446531
5214      0.002988971277187685
11958     0.0019272724129729014
5342      0.0026547336489826357
11785     0.003210734980453617
7048      0.036529275347837495
4518      0.003958706232840773
758       0.0012032212632443115
4406      0.03512715188475642
3537      0.0032462658893260615
6535      0.0016002076574537915
6403      0.0013130759793268667
6740      0.003958706232840773
11412     0.0012152520268284715
8799      0.00304804412509015
9930      0.0037767056765098204
8135      0.0035554263921480363
2357      0.0011113007935680695
7888      0.0009305418545147253
1955      0.0016390428143845167
8261      0.001819428914897975
11784     0.004067869264113653
6212      0.005744282929743143
5953      0.002562084499535407
3524      0.003063304710589427
1617      0.0021244173156085436
2135      0.004550743778827634
5735      0.0030787729294651347
6114      0.003909697973006986
1505      0.004016398274492752
6672      0.004670527785530972
11729     0.003282943152265367
12191     0.0028282008556414755
6880      0.005681495605124759
368       0.007722085033324313
8106      0.0035580033342211994
104       0.002779294538971962
2083      0.002974670503099983
8876      0.0031264818826227236
4073      0.001579192335432935
7525      0.005027397241510536
3424      0.005131499667875687
4305      0.007627447047879389
1451      0.0327888667406886
9371      0.0006972759838007188
68        0.0037346341949120463
9747      0.001997257369117521
8918      0.00416950822245991
2137      0.0026655100002780084
9549      0.005230422602141131
2770      0.006707572943603337
7678      0.007956581463811879
1279      0.0054585644233947975
11238     0.0014254358800730718
12171     0.0007264038763235814
7447      0.0016522883609012763
2282      0.008419111806372512
2342      0.018402430151787313
6311      0.0014872314348617762
321       0.005338780416691459
5423      0.003159437713271992
167       0.0071108527842960725
8408      0.002151649672675997
297       0.0036543493264134816
57        0.007956581463811879
3616      0.0031103554200446644
2920      0.0026984658309272764
9264      0.0004625303425606348
6648      0.002960547382977716
6435      0.0033208432134397723
697       0.004670527785530972
10833     0.008231843273431745
4286      0.001774047861671582
1527      0.0044454577016012865
3379      0.0054585644233947975
7426      0.0027010401258058085
8904      0.005838402267613903
2081      0.004877808534346743
4754      0.009236318788395403
12005     0.0023143405280394644
528       0.023869744391435632
5084      0.0054585644233947975
11984     0.0024314775101489223
2074      0.0029465975570482214
2495      0.010262999335751375
674       0.010677560833382917
5323      0.010460845204282263
3377      0.005338780416691459
1236      0.005338780416691459
6973      0.0018666970111188108
1520      0.0017447699377121219
6068      0.002779294538971962
8028      0.0018401947259885016
6022      0.001961726460245076
10246     0.002676389476118735
9494      0.0061268170545552844
8706      0.0029192011338069514
1094      0.003340277815741361
3802      0.005040499389710211
3407      0.003509016007434865
3873      0.0024226983425897916
3850      0.0037627071409638085
2965      0.007168544825948053
2110      0.004495274409534602
11019     0.0054585644233947975
338       0.0018895064928587607
4412      0.0023882442953176166
11170     0.0032283616366289266
10166     0.004168209654015492
8048      0.0024139864490062115
5142      0.0023548037507196353
1101      0.003380173016151667
4838      0.0018883528382549102
10755     0.004804434912356577
198       0.0037072377716707767
8232      0.007956581463811879
8613      0.004735510988999642
4869      0.005592471550220402
2447      0.002504263740470385
6388      0.0028663126885496563
199       0.00254248234929313
11115     0.006220710840089329
6194      0.005919536305739512
7368      0.0022985500443485924
6033      0.0016838083038753949
7679      0.005338780416691459
7981      0.003282943152265367
1538      0.002306417871939496
3837      0.003531984395674407
10740     0.0025232124549309067
10567     0.012253634109110569
10242     0.007168544825948053
6053      0.005592471550220402
2613      0.0009471391792032566
4966      0.0030446713216866223
11739     0.0044454577016012865
1879      0.0036699352124163996
11066     0.002562084499535407
8148      0.005744282929743143
7521      0.005744282929743143
3572      0.007956581463811879
11861     0.010917128846789595
10142     0.007956581463811879
6161      0.004345021490227781
9090      0.0060960882501803
556       0.011184943100440804
5676      0.004956246291879317
2622      0.007956581463811879
6863      0.007956581463811879
5397      0.005131499667875687
6749      0.005919536305739512
3569      0.002905746579743048
1161      0.0032462658893260615
6721      0.0023548037507196353
9596      0.0023223187821808395
6349      0.0024949065144015416
6646      0.0036543493264134816
8375      0.004089771896482918
8751      0.0035554263921480363
9364      0.0031264818826227236
9990      0.003981414081932591
9500      0.0013844741072500655
10988     0.001412898001460035
7802      0.005040499389710211
1379      0.005744282929743143
408       0.007168544825948053
265       0.006707572943603337
9476      0.005230422602141131
563       0.005592471550220402
4781      0.0054585644233947975
5089      0.004052493260057237
5803      0.0061268170545552844
10795     0.011184943100440804
5468      0.007168544825948053
3906      0.004735510988999642
9755      0.007168544825948053
7114      0.005744282929743143
8567      0.005338780416691459
7075      0.005131499667875687
7377      0.007956581463811879
1504      0.005744282929743143
11863     0.0018666970111188108
