t_index   tf-idf
368       0.006468939655109402
4016      0.012524553520571748
11217     0.02380217365523504
11238     0.0008955863588616996
9930      0.00474572884350905
7920      0.01596499100625409
4562      0.01753760305224405
10243     0.004453552926455965
4782      0.010375106061034086
283       0.020510237330228342
7207      0.0014350978505130092
5214      0.0037558783812029458
10822     0.004773334860572262
10907     0.013397695001397357
8769      0.0084068427467731
9543      0.003088959125192678
2686      0.011172137118497969
7426      0.011313567193616435
9264      0.0034872353458847856
11196     0.005424804415318679
7475      0.000845202286216615
2966      0.00766021615647656
6521      0.0037925111644857078
2150      0.0029589968183384887
448       0.004079189374087353
2787      0.0037379083295532678
6973      0.0023456521652874527
8213      0.007438364699975307
8659      0.0034191253920267664
3096      0.0032960119119589256
8684      0.007218144997243027
10101     0.004273195492374649
539       0.007597708963403495
10067     0.0035227999033625064
11984     0.006110686900505843
2417      0.0046584369367705155
11420     0.004801416192629365
6880      0.002379749255655327
2164      0.003194829794177551
8874      0.0014350978505130092
3888      0.001296025821799491
232       0.01833760688627927
1658      0.007438364699975307
7217      0.0016212876832171254
11165     0.007982495503127044
786       0.019675606247708703
8463      0.030646757567770654
8028      0.004624699903471102
4840      0.009385725410897378
8159      0.0043848823434607265
5183      0.04503921255776572
876       0.007551871084662407
10071     0.003991247751563522
9488      0.0026278449700445307
6079      0.010007647242546382
1726      0.0028981961417134453
6311      0.0018688237109118371
11913     0.004034541982017374
11912     0.0030238850168376775
8760      0.003244525248989202
7132      0.0044382172340382345
8349      0.004528474629916326
9500      0.0017397010163471215
2137      0.0033494237503493393
3848      0.0035227999033625064
2658      0.0026278449700445307
8558      0.0035538576541284325
10910     0.0016920043162476708
1192      0.0041191733887821404
7411      0.003257224001664327
11552     0.002241708132156853
2025      0.009490396731532583
8755      0.0031350470016493054
12177     0.0030553434502529216
8143      0.005288721528082817
118       0.00266949807421863
3653      0.002273385710947291
11033     0.004692862705448689
4896      0.0029798526671247355
5004      0.0037740773568607127
9597      0.00603715176486912
9267      0.0021331546449761775
5759      0.002664058217206615
5274      0.0027566348514989655
967       0.0018882607491043381
12084     0.00175299041701074
4348      0.0032194614434951493
10563     0.004353324919543875
667       0.007285430167033646
10902     0.0033358824141821275
8401      0.007438364699975307
10881     0.0026865054211465587
4749      0.008598818153639267
1686      0.014605199913971635
2069      0.01538832891809507
7135      0.0033091788279249585
7140      0.004458462389200949
3935      0.011665279171824361
7516      0.003022500618323313
9701      0.0024797921387117216
8212      0.004960313164914085
8822      0.0017178230961386936
9459      0.0034191253920267664
5963      0.0011000202626407934
1340      0.004247454250559003
7816      0.005718368827342618
3430      0.004528474629916326
3944      0.004409355640921441
12244     0.005237684499453677
7325      0.008297782031529562
5402      0.00534355516843855
6122      0.004801416192629365
6727      0.0038760855977419476
8255      0.004878656639502796
7368      0.0028883095952011916
7924      0.008297782031529562
10250     0.006293610189866362
11412     0.0030541202253189215
338       0.002374314079842258
3378      0.0031826714206250385
9493      0.0026865054211465587
12005     0.002908151584575906
2013      0.004247454250559003
8918      0.0026196581266113247
12111     0.0011400236838779837
8954      0.00603715176486912
7437      0.004467673953291282
10543     0.004273195492374649
11744     0.00595054341380876
3282      0.0038687212468936885
1008      0.0052896393257143084
6354      0.004467673953291282
9600      0.0021215869682563184
5186      0.0018833766408619332
9360      0.007139286906163238
515       0.007816814279322775
5877      0.0061293515135541305
7464      0.008017612262658468
233       0.0052896393257143084
1608      0.005718368827342618
5727      0.004079189374087353
7913      0.0061293515135541305
569       0.0029798526671247355
4283      0.0037925111644857078
11014     0.006859117137292146
4095      0.005237684499453677
1798      0.0024504864901794218
3204      0.004801416192629365
10825     0.005399585889816117
2177      0.003257224001664327
11910     0.0026034238579418765
331       0.0031826714206250385
2762      0.002579413204186944
11080     0.004467673953291282
7490      0.008085256886211336
12171     0.0009127838182750266
9160      0.003244525248989202
10821     0.0033630946706492
5646      0.004692862705448689
11178     0.004012730867217988
9042      0.004497750859343485
4970      0.0018833766408619332
2113      0.004692862705448689
7150      0.0025714985010097126
2845      0.006448134451080632
7199      0.0037201615141364717
4982      0.016789291126489473
12140     0.016501109002175923
1681      0.018015685023106288
6713      0.02316658576609616
2118      0.009007842511553144
7138      0.009007842511553144
7689      0.0047643076057553874
4980      0.013144877855381
11867     0.003433483304534826
3549      0.00999807276044782
7485      0.00999807276044782
5210      0.007698829325131968
