t_index   tf-idf
946       0.010891609770670477
11851     0.01268338761057612
7887      0.02386086344729318
8159      0.008436735648177601
10822     0.02755241387874622
105       0.013736349490339396
4562      0.013497294500967575
2686      0.021495757493818875
7426      0.013060725671617961
9371      0.006743276602832267
6017      0.01605774819663282
10101     0.016443688983315104
2417      0.017926137073142237
10907     0.05155568709398477
1880      0.014887231127287105
3694      0.017546855764567007
786       0.01892843132690964
8463      0.023586365317980452
4016      0.012048937564094342
7123      0.013120912290432933
4840      0.036117221834339276
10243     0.006855089061481587
283       0.03157018809311097
5802      0.010712525580021209
2150      0.011386519402213932
2724      0.026394577338440663
7319      0.015197025676441541
8898      0.022286842002826684
9848      0.014248104642942032
667       0.014017536523912839
967       0.014532437157663768
5111      0.029625874871393905
6138      0.014115630798914626
635       0.012200850098526662
313       0.014963058515757832
6011      0.007099337007370807
7541      0.014115630798914626
1061      0.027845439659684015
5897      0.027472698980678792
11217     0.022898293643010926
9488      0.010112213555614398
2882      0.01278519419608769
8659      0.013157140749065025
10544     0.0076765168139459675
384       0.009865097863178005
10578     0.011229440187254185
6900      0.0076765168139459675
2025      0.01460800307030838
12176     0.008344340221070013
5387      0.007516581213956198
7207      0.005522401855138668
200       0.023965646626555683
10988     0.00683198780452827
9543      0.011886627519728786
1942      0.0076765168139459675
131       0.012388813655981334
6588      0.010207822895999788
9500      0.006694545683158544
6521      0.014593967012704497
