t_index   tf-idf
11993     0.03465504013501984
6821      0.060666965823765545
4419      0.028682987912141418
6596      0.060666965823765545
1597      0.09149026377257014
2339      0.011180934044506758
3419      0.014923358752792215
10673     0.012602999978334166
8160      0.02677327926555505
9202      0.015821848468554552
12010     0.038701310633546614
11835     0.014538305561053622
497       0.030172630161747524
6983      0.04020125887542875
5346      0.041036852762602494
9539      0.046610207476413444
4322      0.014652394478227488
11784     0.019424075736142694
5582      0.022727008767028278
612       0.03228065230424842
3340      0.013631488128942361
2613      0.0090451791613911
2362      0.03593385319620437
10037     0.02437390324873047
226       0.021018925805542862
5759      0.010123421225385138
5963      0.00836015399607003
11912     0.011490763063983176
8036      0.023562602654202017
2402      0.027749879836546112
7097      0.02074747761583766
8822      0.013055455530654073
815       0.02955204056862172
5965      0.02088235341300531
8837      0.02840810330460484
