t_index   tf-idf
12093     0.004075151830233798
8326      0.005502064119447838
910       0.004928175378991192
9583      0.0022872440039466385
8278      0.005822883937876425
11942     0.007066446464976542
1237      0.005575442543977597
6148      0.02261206497247329
7008      0.006516161280427539
4569      0.013032322560855078
3276      0.004975800274480993
11936     0.002945325331775252
187       0.004216306372336324
1879      0.004380985159822077
23        0.03799267648970172
10988     0.006746587956971667
10008     0.00986852235853024
2077      0.009122690765995794
1560      0.005237606217848035
5458      0.01664804928847751
1985      0.012676353173892086
3873      0.005784192292933128
9739      0.0036028856062614227
2999      0.006017096146466564
6499      0.004458219570176255
8382      0.005784192292933128
2357      0.001326615322321883
6727      0.014729125271419403
9197      0.004526092225467618
11219     0.005735294176625664
10089     0.005575442543977597
4417      0.004620669897168807
443       0.005153564194552746
2660      0.00652361827861617
5023      0.006243816981305976
6011      0.0070105952947786725
4286      0.006353308904611352
9080      0.008007165201426483
4267      0.01805128843939969
12020     0.010358584386867837
10522     0.002300681442986401
8261      0.0021719432671594577
3340      0.010223616096706769
7497      0.004782851686952859
6227      0.008557450385975487
4272      0.013684036148993689
8917      0.00418888785887537
1889      0.0029025762777402757
8651      0.003656819998266128
11540     0.0033613321619705688
3993      0.0022030011500787697
10673     0.0031507499945835414
10385     0.009893010660179133
178       0.03799267648970172
1839      0.01899633824485086
8874      0.0027266859159747175
308       0.01899633824485086
2057      0.009345912967661634
9371      0.00416186602831054
341       0.003501050083750198
488       0.002334868899436441
1630      0.005303098244856034
1900      0.004084438622978652
8383      0.006516161280427539
11439     0.005025157359428593
4871      0.0033177828558977798
6210      0.006515829801478372
1686      0.003468734979568264
1454      0.0033911612804275386
3031      0.004561345382997897
8045      0.008007165201426483
9503      0.0071311923583435135
5015      0.0030007277285266014
9175      0.005076377410016623
3951      0.006857237747380876
3958      0.007616731649525546
9717      0.005653016243118323
7888      0.005554171694134766
7402      0.00430205089842051
3934      0.004634723807527656
10772     0.009431159659586132
1520      0.0020828191131438455
232       0.0024886752202807586
6020      0.0022477119783283848
10786     0.0071707469780353545
12063     0.0031690882934730215
2112      0.00319493993711674
7362      0.00949816912242543
10408     0.00518500899207666
922       0.004837663829193327
10054     0.008219614059845925
10881     0.0051043603001784624
5459      0.03015094415657156
9820      0.00430205089842051
4376      0.0021001818692191194
67        0.002956226356293444
5983      0.009856350757982383
9264      0.002760727982158789
10544     0.0037902801768858216
7049      0.00593443129835462
4103      0.014627775717750742
10336     0.012034192292933128
10223     0.0029025762777402757
12066     0.004458219570176255
6566      0.003261809139308085
10882     0.008542353274787681
2097      0.006516161280427539
12208     0.0029025762777402757
2365      0.0038969450927433856
11912     0.001436345382997897
208       0.0022607617928725606
9814      0.0042728633163763114
9848      0.0035175008337263143
9196      0.0023279621656704507
7771      0.0023628527827268364
11024     0.0044060023001575395
12111     0.003249067499052254
10289     0.002830860033768499
49        0.013180740596217662
506       0.005575442543977597
5963      0.0020900384990175077
8566      0.0029345111689330445
9027      0.005242769634870451
4102      0.0037715787702184405
11835     0.0036345763902634054
9562      0.0034528614622892796
9395      0.006125727728526601
4664      0.005487788230882265
6743      0.002850966627535405
6073      0.006093475812182617
11549     0.0034428962667230807
2261      0.00487089206994414
6900      0.0018951400884429108
9824      0.001583311688073873
4058      0.007313887858875371
12171     0.0008671446273612754
540       0.005735294176625664
3579      0.010808656818784268
7207      0.0013633429579873587
2063      0.003851051532745808
2744      0.0034216607719561518
12196     0.0034528614622892796
9389      0.006125727728526601
4758      0.010503150251250593
6114      0.0015557339850923633
7204      0.002762744005347111
3603      0.005025157359428593
2651      0.003568084462142799
3565      0.001695263972196632
6939      0.007616731649525546
635       0.00301208486807377
2361      0.004362379508406094
11057     0.00430205089842051
2738      0.0023914258434764293
3736      0.0024429235759592274
8247      0.0029131379672758403
5799      0.0020209911434889735
2613      0.0011306473951738876
3583      0.002881696323501165
5205      0.005025157359428593
10094     0.005742751174814296
758       0.001436345382997897
4966      0.0018172881951317027
7256      0.0023210904028581436
11001     0.0037308396881980538
10769     0.002528016243118323
1514      0.004561345382997897
8697      0.00949816912242543
11015     0.004458219570176255
637       0.004561345382997897
11784     0.0072840284010535095
2346      0.00710202582615121
485       0.002355802531776136
11681     0.0027915190109309347
8113      0.0038538567037257813
6311      0.0017753825253662453
338       0.0011277991879250727
3341      0.003551012913075605
2079      0.0033321445799263704
2034      0.008557450385975487
11502     0.008557450385975487
3096      0.0031312113163609796
11046     0.0036386026743263663
2992      0.008007165201426483
10493     0.011306032486236645
1171      0.004782851686952859
12180     0.0037916853639853466
5259      0.002568531796756972
6766      0.002520056277449948
6044      0.006125727728526601
2339      0.0013976167555633447
4347      0.005088155234064215
8932      0.005469132896198126
10904     0.00949816912242543
11814     0.003261809139308085
10850     0.01899633824485086
11514     0.005575442543977597
