t_index   tf-idf
5651      0.015012852645714041
6011      0.0037640780106194213
4283      0.00257924696645113
9081      0.0024169412233893592
4543      0.052246282686687316
3931      0.005288955806464737
5458      0.014897583255908287
1985      0.011343492773057795
11910     0.010623367151870207
9500      0.00118315236905934
4016      0.002129454289851125
11220     0.0034869920858660508
5587      0.004345540301700114
10903     0.005679795441756211
2744      0.004899022134344378
758       0.0010282562025935727
7497      0.0017119827067392781
5983      0.0035280002713136043
4272      0.04245010468293344
1889      0.0041558139099637055
11196     0.011068057330583077
12064     0.00358553922168833
10522     0.0016470202723840007
8261      0.004664576144235076
11784     0.013905378603055171
5965      0.001868666972081012
6930      0.002005367603852443
2335      0.013599168318461464
7151      0.0027290160707701757
987       0.00477924861786173
9264      0.0059290802301396805
4049      0.002735030537572028
5259      0.0018387699663584582
6766      0.001804067133744929
4806      0.003345293232272621
1698      0.006126138978774398
9303      0.017196596405748152
243       0.0030183848750506117
7426      0.0023082714274224136
2164      0.004345540301700114
5968      0.0033729611193215364
5373      0.0042355393366843375
10243     0.0024230516145729098
10769     0.005429296629515861
8259      0.0013309845254896567
2463      0.002268698554611559
8382      0.012422426400930206
3650      0.0031452923122965337
1668      0.002506344578971059
921       0.00510866679143488
3187      0.006799584159230732
2573      0.00446984660854119
10385     0.003541122383956736
22        0.016589615418443514
11937     0.002140109057851649
1879      0.0015681378648132714
4208      0.005452693798318064
10418     0.003597428087286689
8200      0.003562094156228004
10544     0.0027133996792023775
10848     0.004345540301700114
3341      0.005084224305074691
2361      0.00936886874288557
3541      0.004908984517140671
7837      0.003079767980972177
7774      0.0034632045309661397
4904      0.006799584159230732
2877      0.0033830554383560965
1649      0.002055570890313842
4347      0.0018212636184569894
4176      0.003938837848374291
940       0.006799584159230732
2363      0.00446984660854119
11723     0.004537397109223118
1350      0.0030183848750506117
2612      0.0037118632605470494
2210      0.0020629593367346146
7378      0.006126138978774398
1514      0.0032653926679179573
11773     0.003991368264145036
11936     0.002108510304626579
186       0.002743849580611368
2660      0.011675379469559141
12020     0.0049436942636804
3340      0.004879279867182947
9902      0.005058753621459717
6009      0.0035192889852180935
2346      0.007626336457612037
5356      0.0043075408654794185
6880      0.003236884893598297
3250      0.00174884909240929
2972      0.005235892874362681
10008     0.016484332649595628
667       0.0012386861134106423
6252      0.004046902008496338
7027      0.005732198801916051
2774      0.005452693798318064
6349      0.0021321125022402436
6727      0.0026360850597618615
876       0.0017119827067392781
6020      0.0032182005953694994
7475      0.001724439563824503
7055      0.006799584159230732
5759      0.002717696973257755
763       0.008471078673368675
10595     0.0041058034374053965
9589      0.0014910561883803813
872       0.007982736528290072
6108      0.003079767980972177
1204      0.005732198801916051
9446      0.004168507517048
8904      0.002494708798913323
3133      0.0070560005426272086
11881     0.005643234312270665
149       0.0027290160707701757
3873      0.004140808800310069
9739      0.00257924696645113
232       0.0017816019474045698
3846      0.00257924696645113
5645      0.006799584159230732
1729      0.0034632045309661397
3934      0.003317923083688702
4569      0.00466481344460137
11238     0.0018272365979460179
7888      0.0015904563240475393
4073      0.001349555866074678
7552      0.0016714945141379442
5274      0.003749516755506423
12036     0.010367789949846495
10608     0.0042355393366843375
2683      0.012252277957548796
9543      0.004201537244109952
6607      0.0016278752978084626
1567      0.0034950623365916657
9269      0.005452693798318064
2536      0.006799584159230732
3050      0.006799584159230732
384       0.0017434960429330254
338       0.0008073730204385308
10673     0.002255570465921103
2261      0.0017434960429330254
10094     0.002055570890313842
8309      0.0031011221597333186
11138     0.00118315236905934
7926      0.003597428087286689
8822      0.0011682734255618857
8450      0.0017276116124678375
564       0.002048238206284231
6680      0.00446984660854119
7641      0.006126138978774398
1343      0.005675893098586098
3694      0.0031011221597333186
8536      0.005288955806464737
8566      0.002100768622054976
7597      0.0017816019474045698
7425      0.002140101724953383
5351      0.001563691284868051
10250     0.002140109057851649
4069      0.0014910561883803813
9792      0.003373456828040004
1131      0.002506344578971059
3888      0.0017628270685773838
1349      0.0024169412233893592
2990      0.003432358256949063
2079      0.004770855774391223
7643      0.0035280002713136043
488       0.0016714945141379442
9202      0.004247476098940819
5459      0.007194856174573378
6114      0.0011137245530862556
6387      0.001604462694501606
4468      0.0023549046642279466
2891      0.00477924861786173
10014     0.005058753621459717
10674     0.0020854678960363954
4739      0.0016231474246241246
2357      0.0009497022441677908
1508      0.0021030881859556653
3692      0.001722373993195125
1095      0.005452693798318064
4610      0.003938837848374291
10392     0.005732198801916051
6022      0.0016764642232966868
11077     0.0031011221597333186
10633     0.0034632045309661397
11836     0.0016665500962294055
6435      0.002837946549293049
11063     0.002335075893911828
4417      0.0011026207062595215
10345     0.0017760658867158553
6303      0.0037532131614285104
4566      0.002998756409038296
10742     0.0026444779032323684
4196      0.0030384180800907155
7272      0.003058873067651946
777       0.003240155508164738
1900      0.0029239829068303546
4113      0.0032155573329936795
7192      0.006126138978774398
8136      0.0023854278871956115
4146      0.002506344578971059
3848      0.0023958191736514587
2339      0.002001062021388234
3385      0.0022239175400212076
5316      0.0026048162321799487
7264      0.005058753621459717
2504      0.004562447693906347
9359      0.0017017013830499064
4395      0.0026178577168795548
9924      0.0036340956850230855
10237     0.003737333944162024
8408      0.0018387699663584582
10655     0.005235892874362681
3419      0.0026708472040791434
4080      0.004908984517140671
11681     0.001998402871359953
7892      0.009419618656911787
2096      0.0034632045309661397
3019      0.004385308441003383
2581      0.003938837848374291
821       0.005732198801916051
9675      0.005235892874362681
5347      0.0037964014280848562
6767      0.003345293232272621
3857      0.0016567361135714329
10690     0.004168507517048
7180      0.0032653926679179573
5209      0.0023549046642279466
11649     0.004908984517140671
1520      0.0014910561883803813
8187      0.0011653247859021245
2651      0.00255433339571744
10676     0.004168507517048
8347      0.0022965926050804585
8959      0.0014951817827838945
1886      0.0029606505045667517
9196      0.0016665500962294055
8029      0.004562447693906347
2262      0.003373456828040004
7123      0.0011594542180583913
5956      0.002506344578971059
8106      0.00304062029904362
7771      0.0016915277191780482
1262      0.0036340956850230855
843       0.0029239829068303546
10549     0.003058873067651946
2366      0.0016864805596607682
4773      0.005058753621459717
324       0.002048238206284231
5261      0.005732198801916051
4088      0.006635846167377404
2049      0.0038890025134500133
9197      0.003240155508164738
5015      0.0021481719756789985
4124      0.002671848051816287
5471      0.004908984517140671
1814      0.010117507242919434
2149      0.0037118632605470494
443       0.0018446762217638462
670       0.002215203795315337
6408      0.003597428087286689
8932      0.0019576314617263985
3073      0.0031452923122965337
3555      0.0029606505045667517
11409     0.0028216171561353323
7049      0.0021241812253618327
2656      0.0022965926050804585
2205      0.003991368264145036
8800      0.002287205324110418
2508      0.0029606505045667517
103       0.0020337368024186376
704       0.0014158253663136063
10147     0.003562094156228004
1642      0.005732198801916051
2050      0.006799584159230732
8512      0.0031011221597333186
