t_index   tf-idf
12177     0.010635393994773529
1602      0.025125756631624585
2818      0.007784023355634112
4794      0.006227516583546053
11238     0.005195768188815967
6616      0.013415160025336022
6856      0.01726154861673659
9930      0.00825974180396995
1165      0.0333628027361442
1607      0.011862030983903935
3653      0.010551286353098877
10067     0.016350094207972548
9264      0.005395010407882824
11910     0.009062299841385464
5387      0.004532900121393432
5198      0.011925899728675379
11220     0.005949181154130246
672       0.009414001108337785
7201      0.00957316247454481
1195      0.014697014467598997
11549     0.010512660356406352
8034      0.007325271729333194
667       0.006339992664441494
11552     0.002601065924334669
2025      0.013214109647569031
10143     0.004422139415631091
2150      0.010300019459254588
448       0.00946621045589737
704       0.002415549384512145
338       0.002754929314015445
2814      0.017725791129868676
12062     0.014359743711817214
1245      0.007784023355634112
1572      0.007967778050218222
4725      0.01726154861673659
1743      0.0028773160693448983
12181     0.003137138072374927
3850      0.0054860844574357815
3326      0.00962796083047705
1617      0.003097432880009403
2158      0.015568046711268223
11196     0.006294429550598773
6174      0.005116198911603504
5107      0.007221316290182458
1913      0.002929666078777245
6387      0.0027373848261153357
5790      0.0049886273257754524
1192      0.0167282461284893
5897      0.004141876373041268
7097      0.006335107668958063
7426      0.006563596234464497
967       0.002190959037128698
10503     0.0035451313315911764
6397      0.006137596774874618
7227      0.005059825665035307
2825      0.0059629498643376895
7411      0.011338123242434606
5759      0.0015455604924252118
9267      0.0049502214662042595
5274      0.003198538148304143
8850      0.0074818048592691306
118       0.009292298640028208
4970      0.0021852919802367466
12084     0.0020340041479819273
9824      0.0058014474066828935
2613      0.002761886766836977
8390      0.004000717723220009
2813      0.00832079475214675
5395      0.003445395236716528
9509      0.003494513275607066
9738      0.005218764355879465
5073      0.005908597043289558
7123      0.001978152807145423
11420     0.005571108864730255
9500      0.004037168770759733
10672     0.011600817248763882
7328      0.006904447319839172
4263      0.0038863542752145008
6882      0.003735558316116509
1467      0.005328097109503625
9727      0.00672007831382942
5075      0.004034896511971637
10023     0.00977974375746746
717       0.005328097109503625
10821     0.0039022167170891476
8388      0.005254413311047951
12111     0.003968326716399699
2627      0.007004939452367223
10822     0.0027692629725457395
6727      0.002248721415483878
232       0.0030396033224803156
4016      0.0018165382968768184
7924      0.004813980415238525
2877      0.0028859270628724715
11178     0.004655993067306368
9360      0.004141876373041268
515       0.0045349456887674115
6570      0.004466345036050232
9904      0.006137596774874618
339       0.016307817802932775
78        0.007194687833344127
10958     0.0013227755721332331
9543      0.0035841357788495196
10885     0.006795381729166086
4840      0.02178061469399086
10243     0.0010334962516355827
283       0.004759627594190395
3461      0.009262132186834433
8143      0.003068265924689268
7140      0.005173177734034689
3251      0.00584165091536227
2433      0.003494513275607066
9488      0.0030491025606623565
6079      0.0116119265715042
9701      0.008631948208034696
7319      0.004582309268850694
5802      0.0032301126748918913
1288      0.018605756701131106
485       0.0028773160693448983
8659      0.00396722946250434
10578     0.0033859762396682464
7519      0.007004939452367223
7368      0.003351321057027337
9025      0.006635053906534946
11048     0.009302878350565553
5710      0.0035196290974060028
11867     0.003983889025109111
3682      0.004631066093417216
539       0.0029385541028939728
10250     0.0036512547666400267
2659      0.005328097109503625
6696      0.0030586565497990144
72        0.005804962516405533
384       0.002974590577065123
6571      0.004582309268850694
3903      0.0026083521449733376
208       0.0027612357775542726
3569      0.004236622875808566
6009      0.003002141558000931
9371      0.001016639029816315
10246     0.0039022167170891476
876       0.002920825457681135
5272      0.004087523551993137
8874      0.0016651517044120412
12135     0.005116198911603504
6832      0.009302878350565553
7887      0.0035973439166720636
