t_index   tf-idf
2055      0.0028721414648715713
1094      0.0016701389078706806
9949      0.002126231375923193
9141      0.003981414081932591
102       0.002513698620755268
1879      0.0064223866217286985
10786     0.0030034542316378448
10903     0.003323126390661029
5455      0.02071837707008829
8182      0.001895745434750835
1731      0.0028721414648715713
10385     0.002071834693231232
11910     0.014502842852618622
2266      0.0024781231459396584
1682      0.006895650133045777
22        0.00582373672150072
8322      0.007005791678296456
7655      0.0031902540940421135
4283      0.003018124068072396
9081      0.0014141004278207378
4543      0.024836645017370748
7475      0.002690486858741895
2613      0.0004735695896016283
2660      0.006831013904310125
12020     0.002892449392493637
3007      0.0019907070409662954
8261      0.004548572287244937
3340      0.00785059525750607
11955     0.0021959244543960006
9520      0.0019907070409662954
8187      0.000681806517406086
1845      0.001632228311096706
3563      0.0016231329446630307
2361      0.0036543493264134816
5963      0.0008754087954000032
12171     0.0014528077526471629
187       0.003531984395674407
2357      0.004445203174272278
7204      0.0011571702640197322
3642      0.002796235775110201
6727      0.005398108738216534
9196      0.0009750626871918119
8822      0.002734126812702424
11300     0.002104777951593128
7256      0.0038887378477204504
10008     0.01515584585603248
9500      0.0006922370536250328
4016      0.0012458979941930013
11220     0.0040803284355553
4286      0.0026610717925073728
3861      0.0009253608105504345
7704      0.008686926060023723
8136      0.005582650605112244
8980      0.004877808534346743
3838      0.0024022174561782886
8106      0.0035580033342211994
902       0.0015017271158189224
6212      0.0028721414648715713
6349      0.0024949065144015416
7494      0.001524022062545075
10522     0.005781817238918703
5983      0.0020641572268025933
4272      0.024836645017370748
8259      0.0023361914249759546
10243     0.001063256614902576
10769     0.0042354198837584464
569       0.0035571016131122494
1798      0.0019501253743836237
10201     0.0031264818826227236
10061     0.003978290731905939
2849      0.011934872195717816
9264      0.002543916884083491
564       0.0035951406212397304
953       0.0022227288508006432
6020      0.0009414500432789047
7771      0.00890708902389174
12111     0.0013608659681894257
8695      0.0017896809702099736
8932      0.0022907362916013093
1508      0.00430665113472204
7207      0.0022841347987222764
815       0.0030944545098033215
6403      0.0026261519586537334
11937     0.002504263740470385
7123      0.0033918588708907126
2210      0.0012069932245031057
2679      0.0021959244543960006
3927      0.0024389042671733715
3610      0.004550743778827634
6360      0.0029165533857903373
1538      0.0069192536158184876
1262      0.006378694127769578
5953      0.002562084499535407
8147      0.0025202496948551053
8135      0.0035554263921480363
7205      0.0027292822116973987
6900      0.0007937759532745176
6203      0.0017447699377121219
7907      0.0018402430151787312
2872      0.0026693902083457293
4049      0.002400311486180687
4124      0.0015632409413113618
2049      0.002275371889413817
488       0.002933866679920135
8640      0.0021311644959431265
3419      0.0007813276833922627
8558      0.0014141004278207378
8159      0.0008723849688560609
5458      0.012202758640768854
1985      0.009291567771439224
6696      0.001048911015768772
8662      0.003978290731905939
11077     0.0018144000070691015
9112      0.0016604216067198862
3281      0.0014664084120419678
407       0.002796235775110201
8769      0.002230087430208571
8495      0.0015164928362504527
927       0.0013381947380593675
3888      0.00103139227703415
10958     0.0004536219893964753
11523     0.0036543493264134816
10544     0.0023813278598235526
2738      0.003004932997038445
8320      0.0013604896847855198
2985      0.0035842724129740264
2870      0.0020641572268025933
186       0.0016053674902268085
8901      0.0013662027808620252
11936     0.0012336441180210481
8449      0.001588140466590721
872       0.004670527785530972
3502      0.0028721414648715713
580       0.0019852899265141613
8382      0.006056745856474479
6435      0.004981264820159658
3951      0.0028721414648715713
3958      0.0031902540940421135
11274     0.0030634085272776422
7697      0.0026152113010705657
3692      0.0020154481019848715
11970     0.0010655822479715632
12083     0.0022211929821386533
11235     0.003978290731905939
6022      0.000980863230122538
4026      0.0035842724129740264
10633     0.0020262466300286185
4321      0.002247637204767301
8379      0.0014141004278207378
6251      0.004804434912356577
8352      0.0025657498339378437
4267      0.0025202496948551053
3873      0.007268095027769375
232       0.002084754111229955
2463      0.0066368341224565894
10343     0.003193377444068766
2456      0.0017896809702099736
4146      0.005865633648167871
867       0.0039145185204865485
3570      0.0018144000070691015
7747      0.0026693902083457293
4284      0.010752817238922078
5587      0.00254248234929313
1886      0.0034644261139825604
7496      0.0018536188858353884
8768      0.0016141808183144633
2339      0.0017561676509696476
9509      0.0011983802070799103
9775      0.0011040765271818109
7202      0.0031902540940421135
7888      0.0023263546362868133
5759      0.0010600441073701716
11723     0.0013273668244913178
9824      0.0006631671991932452
11196     0.003237841378776594
6826      0.002008199137246376
6311      0.002230847152292664
6073      0.001276120588938768
11867     0.0013662027808620252
9396      0.001395662651278061
963       0.0013604896847855198
293       0.0035842724129740264
10994     0.003978290731905939
7447      0.0016522883609012763
10433     0.0017107596326612156
8743      0.0016604216067198862
3720      0.001579718856635996
9913      0.001229114625731118
6743      0.0011941221476588083
2244      0.0018271746632067408
12208     0.0012157387550744611
11884     0.0007284561983866275
10874     0.0024389042671733715
10223     0.0024314775101489223
6930      0.002346595075712152
10705     0.004252462751846386
110       0.001271241174646565
6114      0.001954848986503493
6387      0.0009387366812070916
6442      0.002126231375923193
6098      0.0018144000070691015
7430      0.0016141808183144633
4620      0.0012428128373517529
4966      0.0015223356608433112
5968      0.0009867235735188003
9429      0.003851341348453252
12126     0.0030634085272776422
737       0.002137951958189932
1399      0.0031765649128188346
6252      0.002367755494499821
3569      0.001452873289871524
338       0.0009447532464293804
3276      0.002084104827007746
9561      0.0017545080037174325
10250     0.002504263740470385
4112      0.0022211929821386533
9744      0.0041283144536051865
1672      0.0021959244543960006
7972      0.001632228311096706
7150      0.0010232140632289958
2390      0.0035842724129740264
710       0.002335263892765486
4569      0.0027292822116973987
3201      0.0031902540940421135
11178     0.001596688722034383
3852      0.001632228311096706
4772      0.002008199137246376
9198      0.002796235775110201
11063     0.0027324055617240503
1771      0.0019737371755679084
7481      0.0027292822116973987
9627      0.0020641572268025933
4641      0.0010758248363379986
11033     0.0018673170974560231
9615      0.0028721414648715713
11549     0.0007210253961723729
2573      0.0026152113010705657
2476      0.0033537864718016686
344       0.0035842724129740264
9129      0.002126231375923193
4111      0.0012616062274654533
4814      0.003978290731905939
5682      0.003978290731905939
4113      0.0018813535704819042
7497      0.0010016443323461483
6011      0.0007340937481443636
6009      0.0010295302201521518
10690     0.0024389042671733715
1536      0.0019105111551823652
11784     0.0010169673160284132
2346      0.0014873352515499916
67        0.0024764199843295867
3341      0.002974670503099983
3541      0.0028721414648715713
4073      0.0007895961677164675
6777      0.001286006895078095
10110     0.001632228311096706
8906      0.002008199137246376
2261      0.00204016421777765
8701      0.006913588422342833
10043     0.002791325302556122
4046      0.001389647269485981
4417      0.0006451197064110028
191       0.0032283616366289266
4787      0.001082757218288193
3864      0.0025202496948551053
9791      0.0023967604141598205
11681     0.0011692226223794491
2803      0.002552241177877536
3553      0.002959768152869756
8491      0.0009280109238572597
11272     0.0031902540940421135
3797      0.001596688722034383
8874      0.0005710336996805691
3931      0.0015472272549016607
7151      0.001596688722034383
987       0.002796235775110201
3730      0.0009306734499180621
11001     0.0007813276833922627
5608      0.001925670674226626
10317     0.0006152358763888628
9507      0.0011857005377040833
8653      0.002335263892765486
8959      0.0008747987655816766
10772     0.001316741313729303
4758      0.0029328168240839356
3041      0.0019907070409662954
3571      0.0013115021220360124
12012     0.0011187469742912806
4776      0.0027292822116973987
10885     0.0011651767101057032
5956      0.0014664084120419678
8566      0.004916458502924472
8882      0.0037705479311329016
7049      0.0037284385120552586
4891      0.0011651767101057032
449       0.0024324281571454684
7773      0.0016508676293095466
297       0.0018271746632067408
2341      0.0027292822116973987
10145     0.0010138694976002628
10768     0.0015472272549016607
5363      0.001256849310377634
12180     0.001588140466590721
10988     0.0007064490007300176
1835      0.0024781231459396584
6607      0.0009524348928277263
7325      0.0033017352586190932
1242      0.003978290731905939
5827      0.002796235775110201
5965      0.0010933169326180791
267       0.002104777951593128
7556      0.008179543792965836
8287      0.001271241174646565
6766      0.0010555209539057373
2779      0.001801906135464088
6388      0.0014331563442748281
2920      0.0013492329154636382
5351      0.000914882204628297
6881      0.0025202496948551053
4172      0.0015472272549016607
11863     0.0009333485055594054
3008      0.002959768152869756
9202      0.001656738059534508
2366      0.0029601707205564004
7775      0.0018673170974560231
2883      0.0014596005669034757
7476      0.0035842724129740264
320       0.0014462246962468185
140       0.002367755494499821
12146     0.0033537864718016686
8046      0.002304529474114278
230       0.0019572592602432742
1842      0.004209555903186256
10071     0.003176280933181442
7048      0.0033208432134397723
7892      0.0013778041687302256
11984     0.0024314775101489223
11238     0.0017817948500913395
10910     0.000673258261962424
6774      0.001895745434750835
3357      0.002008199137246376
7426      0.0004501733543009681
3251      0.0010016443323461483
8795      0.0016414715761326835
670       0.0012960681891439208
931       0.0012810422497677035
2149      0.002171731515005931
11647     0.002171731515005931
12038     0.002304529474114278
3860      0.0016231329446630307
5091      0.0028721414648715713
11224     0.002104777951593128
6247      0.0016800252140100078
8237      0.002171731515005931
9747      0.0009986286845587605
11082     0.0018144000070691015
5651      0.0021959244543960006
3019      0.0025657498339378437
2079      0.001395662651278061
443       0.001079280459592198
5107      0.0012382099921647933
9550      0.0011651767101057032
1900      0.0017107596326612156
5299      0.0012382099921647933
1526      0.003531984395674407
7598      0.0031902540940421135
4770      0.0016053674902268085
8222      0.003978290731905939
10519     0.002171731515005931
7519      0.0024022174561782886
944       0.00110770879688701
12084     0.0006975249826849019
1902      0.0017896809702099736
7176      0.0017107596326612156
10568     0.0016414715761326835
6132      0.0011004673196619301
10390     0.002044885948241459
9600      0.0008441916732328807
6721      0.0011774018753598176
2744      0.0014331563442748281
6973      0.0018666970111188108
723       0.0031902540940421135
6160      0.0033537864718016686
1350      0.0017659921978372035
11630     0.003978290731905939
1446      0.0033537864718016686
1572      0.0013662027808620252
1444      0.0017896809702099736
10974     0.0020641572268025933
7322      0.0015017271158189224
3546      0.0019737371755679084
4065      0.0033600504280200155
758       0.0018048318948664672
2876      0.0012201624993825508
9111      0.0033537864718016686
2705      0.003978290731905939
6437      0.008879304458609266
259       0.003978290731905939
3048      0.003978290731905939
9739      0.003018124068072396
1789      0.002796235775110201
12181     0.0010758248363379986
2637      0.0018720724185299596
11927     0.0008441916732328807
7552      0.0009779555599733784
5727      0.0016231329446630307
10556     0.0024781231459396584
10155     0.0019907070409662954
3736      0.0010232140632289958
10345     0.0010391380253429155
1021      0.001925670674226626
11814     0.0013662027808620252
10037     0.001276120588938768
9846      0.001895745434750835
4906      0.0006992986136861666
4193      0.0014331563442748281
5517      0.0016900865080758335
12212     0.003978290731905939
6063      0.003978290731905939
4489      0.003978290731905939
919       0.002275371889413817
10673     0.0006598429308028359
