t_index   tf-idf
3037      0.024266786329506216
3461      0.003033348291188277
12123     0.014199645626234242
9221      0.008490824210058456
10458     0.031001839243063885
5871      0.022733400019433136
11910     0.011871612792214957
3888      0.001969959249135226
10958     0.0008664179997472678
8837      0.0028408103304604837
1171      0.011478844048686859
10910     0.0025718465606964598
2436      0.005098535297940343
3471      0.006093385319620437
7475      0.0032117686876231375
7123      0.0012956900886802523
12107     0.003153157171981234
7135      0.005029951818445937
2939      0.008689503951715093
8028      0.001757385963319019
10099     0.0024852278509736995
2236      0.0034416407187364078
6107      0.0027129290243420308
4896      0.006794064081044397
2524      0.004893581394112627
11159     0.006093385319620437
6001      0.005851110287100296
5004      0.008604896373642425
1361      0.0024373903248730466
10555     0.0039806402195847945
3565      0.0040686335332719165
10145     0.0019364907404165017
7140      0.005082647123689082
7325      0.006306314343962468
3935      0.005910408113724344
2069      0.004678051991100902
9264      0.0026502988628724373
4022      0.005340810330460484
12104     0.005653157171981234
11901     0.006790864409002749
853       0.003707779046022125
9459      0.0025985352979403424
9847      0.00852243099138145
9220      0.004644122044384441
7328      0.004522412994494658
1985      0.002535270634778417
6033      0.001608036930201002
2365      0.0031175560741947086
8709      0.013581728818005498
7490      0.008193060311360821
11290     0.004733215208744748
1798      0.0018623697325363606
10201     0.0029857901979047008
11675     0.005401863634275218
132       0.0036490763063983175
6707      0.005340810330460484
6961      0.012186770639240873
5214      0.002854467569714239
2822      0.005111903899386784
2249      0.0016942157078963607
10881     0.002041744120071385
2696      0.0036780309877728554
7299      0.006931008027003967
2098      0.018245381531991588
9462      0.004522412994494658
12084     0.005329090867712651
12117     0.004522412994494658
3596      0.0033730450978690586
2813      0.002725060281328061
11001     0.0014923358752792215
9172      0.006405732161141187
10243     0.0013538800896426134
9202      0.001582184846855455
10769     0.002022412994494658
7201      0.0031352107104134254
485       0.0018846420254209084
4069      0.0033325105810301527
11238     0.003403228163674459
7368      0.002195115292352906
3321      0.0024658391892317935
7272      0.0034182906531010494
6184      0.0033730450978690586
3750      0.00684596030878039
9396      0.002665715663941096
3653      0.0034555462806398823
9042      0.0034182906531010494
7488      0.0030004071267293727
9333      0.003707779046022125
687       0.0038022504482456243
6403      0.0025079751205143155
9267      0.0016211975301818951
10250     0.0023915718721492178
5272      0.0026773279265555052
8874      0.002181348732779774
3326      0.003153157171981234
10089     0.0044603540351820774
10108     0.006979807213449749
2433      0.0022889061955226283
10571     0.0025877318634837366
6203      0.0016662552905150764
3449      0.004529376054029598
28        0.0026773279265555052
9216      0.003228065230424842
7769      0.0016480071936613278
11662     0.006456130460849684
5259      0.002054825437405577
9859      0.004733215208744748
7256      0.001856872322286515
1913      0.0019189312815990956
11958     0.0018405451543891207
6696      0.0020034200401183545
8822      0.0026110911061308145
3250      0.0039086777215347635
2613      0.00180903583227822
10345     0.0019847536284049684
3652      0.004813676917173251
6973      0.0017826956456184642
3791      0.0031175560741947086
7275      0.00434596030878039
232       0.001990940176224607
4951      0.005212929024342032
8388      0.0034416407187364078
9729      0.002631605962274731
8957      0.008207370552520498
3903      0.0017084706549575362
11348     0.00858597412221109
8034      0.0015993509942377473
10745     0.004148007193661328
11163     0.00465830715030114
2262      0.0037698380053347046
10237     0.0020882353413005307
7426      0.0017196622134296982
2579      0.0025664422361774126
1607      0.0019424075736142693
8259      0.0007436876036173457
11757     0.005708935139428478
8452      0.0029703894261426545
7516      0.002297100469925718
8676      0.006405732161141187
10496     0.002642857215341422
8408      0.002054825437405577
8675      0.006405732161141187
1508      0.0011751005239027282
4417      0.0012321786392450152
4628      0.00684596030878039
4641      0.002054825437405577
8918      0.001990940176224607
6000      0.004148007193661328
7153      0.004893581394112627
11912     0.0011490763063983175
9836      0.011506981056421733
10546     0.006093385319620437
777       0.003620873780374095
2561      0.004231447604108378
10485     0.0029857901979047008
8893      0.0024562731695991612
10740     0.002409667894459016
7332      0.006979807213449749
1340      0.003228065230424842
324       0.004577812391045257
505       0.0033730450978690586
8495      0.0028965013172383646
4721      0.004148007193661328
3578      0.0032088481587591146
5299      0.0047299621700695104
2625      0.002054825437405577
3169      0.005340810330460484
8046      0.004401651295558271
11062     0.0044603540351820774
11412     0.0023211313712423803
4624      0.012186770639240873
2093      0.005793002634476729
7437      0.0033954322045013745
9583      0.0018297952031573106
6028      0.0023649810850347552
2866      0.003707779046022125
1781      0.003870131063354661
9525      0.0044603540351820774
5640      0.003153157171981234
8882      0.0024005821828212807
8261      0.001737554613727566
7295      0.004733215208744748
12087     0.002225487516301893
7643      0.003942540303192953
11549     0.0013771585066892323
11032     0.00499505358504478
6387      0.001792987061105545
9855      0.004103685276260249
9596      0.0022178144369827016
7049      0.004747545038683696
1615      0.005212929024342032
2112      0.005111903899386784
6727      0.0014729125271419402
8038      0.00684596030878039
9371      0.001997695693589059
4937      0.0017229152521049357
8558      0.002700931817137609
10725     0.0035148641589913764
12111     0.002599253999241803
3778      0.006093385319620437
7227      0.001657092905299063
12171     0.0006937157018890202
10515     0.004194215707896361
128       0.0034899036067248747
5870      0.017553330861300887
8863      0.0040201258875428745
2160      0.0031352107104134254
10525     0.005485790197904701
2042      0.01738384123512156
4027      0.003791903759642048
7217      0.0024643572784900304
7580      0.006093385319620437
9738      0.0034182906531010494
2643      0.006836581306202099
10155     0.0038022504482456243
7150      0.0019543388607673818
6050      0.00499505358504478
2415      0.00684596030878039
10860     0.007885080606385906
7695      0.006405732161141187
9471      0.0022101952042776884
6721      0.0022488375819372515
9460      0.005340810330460484
3720      0.003017263016174752
11220     0.0019483568279776559
1743      0.0018846420254209084
5387      0.0014845247897563492
2779      0.0034416407187364078
8287      0.002428070643574939
6766      0.0020160450219599583
5098      0.005212929024342032
5782      0.005212929024342032
8686      0.0022101952042776884
6114      0.0012445871880738906
4978      0.0023649810850347552
5302      0.002700931817137609
7553      0.004242478595884828
7892      0.005263211924549462
10553     0.002545562050265498
449       0.0015486459267159483
6900      0.0015161120707543286
6361      0.0015002035633646864
443       0.0020614256778210983
12093     0.0016300607320935193
6068      0.0026542262847182234
2918      0.002910882139461093
2157      0.003017263016174752
3159      0.0033954322045013745
2145      0.003870131063354661
1649      0.004594200939851436
4513      0.002555951949693392
10582     0.003707779046022125
1339      0.0036780309877728554
9701      0.0018846420254209084
5395      0.002256733880049326
3643      0.0024188302796750295
5116      0.0038022504482456243
1045      0.0028965013172383646
3448      0.0040201258875428745
9175      0.004061101928013298
2793      0.0036490763063983175
12046     0.005340810330460484
11037     0.003083085362980625
667       0.001384231731736393
9600      0.001612406095874802
5145      0.0036780309877728554
7422      0.004813676917173251
3520      0.002774987983654611
11354     0.005653157171981234
