t_index   tf-idf
11618     0.08684040340503249
8028      0.020084411009360214
12176     0.03766873585511606
5387      0.016965997597215416
10259     0.02483292582231942
9471      0.02525937376317358
1970      0.04594429585763285
11552     0.019470836347876667
2025      0.016486174893633743
9500      0.015110545970557856
7516      0.02625257679915106
11817     0.04383611831017803
10768     0.03377376064985339
1192      0.03577796314827916
10907     0.029092137717319975
9267      0.018527971773507373
5759      0.011569624257583015
12113     0.029697546262175342
11915     0.08684040340503249
208       0.020669822106263412
6033      0.018377564916582878
4999      0.032940668400104435
4896      0.02588214888016913
9775      0.02410041333619724
2809      0.019525378913800413
3774      0.028181019305506212
10746     0.0532377960034416
9550      0.025434143043450205
2036      0.04383611831017803
3583      0.026346937814867792
9399      0.032466403776691244
6022      0.021410843080389114
10988     0.015420772473078095
