t_index   tf-idf
3037      0.012638951213284486
8313      0.003995479533479769
12123     0.004930432509109112
9221      0.011055760690180282
10458     0.009688074763457464
5871      0.01691473215731632
8708      0.004820160244110939
1804      0.004852403281563687
7337      0.024881584982539173
9444      0.007915140935354524
11662     0.01345027179343684
6000      0.0086416816534611
2441      0.003743109707937955
9459      0.01082723040808476
3957      0.003801121152498247
5963      0.0017416987491812562
689       0.003995479533479769
5214      0.0059468074369046645
6020      0.001873093315273654
2436      0.015932922806063572
10571     0.008086662073386677
4966      0.0030288136585528377
11238     0.0035450293371608946
3653      0.007199054751333088
9333      0.00772453967921276
10450     0.025648032976626555
2950      0.005714364789484063
8761      0.006672637667855402
639       0.0038941304031923476
9543      0.0024454259741108703
6727      0.010739987177076648
7426      0.0026869722084839035
3467      0.007270632514010155
2433      0.007152831861008214
6114      0.0012964449875769693
2877      0.003938087971211393
12044     0.0026844113213911965
6777      0.005117235769998252
9042      0.003560719430313593
7488      0.003125424090343096
5004      0.005975622481696128
7135      0.0026197665721072586
3620      0.004419248537380028
853       0.00772453967921276
5312      0.004852403281563687
8786      0.007915140935354524
7123      0.001349677175708596
2639      0.0031940124024304206
11958     0.0019172345358220008
670       0.005157271335968518
8893      0.007675853654997379
9267      0.011821231990909653
3759      0.0055633440942296705
3927      0.004852403281563687
11927     0.0016795896832029187
338       0.0018796653132084544
8558      0.0028134706428516757
8374      0.004419248537380028
3861      0.0018410824459909683
7904      0.00336256794835921
2236      0.007170084830700849
3583      0.0024014136029176375
3650      0.0036613168322826837
1171      0.005978564608691073
10572     0.0028011101349754734
4739      0.0018894450489765201
7140      0.001764808029058709
7325      0.0032845387208137854
3935      0.003078337559231429
11675     0.0028134706428516757
128       0.0036353162570050774
6707      0.0055633440942296705
6961      0.03173638187302311
9264      0.002300606651798991
4069      0.0034713651885730753
8082      0.004527041988312906
1567      0.0040684710011887355
2902      0.007131208654979572
5812      0.02507123394361068
7475      0.0020073554297644607
4073      0.004712902126057665
11984     0.002418813564783563
8957      0.008549344325542184
9824      0.0013194264067282273
8709      0.0035369085463555984
12084     0.0013877840801335027
944       0.002203878960473113
9359      0.0019808867662065317
8584      0.0037717435212230154
11212     0.006672637667855402
9132      0.0033228805354510414
8760      0.002568582488783118
8805      0.002225840334267027
8304      0.0033228805354510414
3741      0.00477941181385472
6646      0.010905948771015233
1568      0.008293000457468322
3730      0.0018516523847328108
3604      0.006094906549062808
8294      0.006094906549062808
9531      0.004930432509109112
5441      0.012694552749209243
10726     0.012189813098125616
7217      0.0012835194158802242
199       0.0025292402537238946
7424      0.0024276149727298665
4500      0.004646202119981331
1322      0.003229358254485821
4361      0.0058887053874804515
9848      0.002931250694771928
28        0.002788883256828651
3103      0.0054301344003562825
3791      0.003247454243952821
7409      0.005014246788722136
10555     0.004146500228734161
2317      0.007131208654979572
8019      0.0054301344003562825
1094      0.006645761070902083
5198      0.0040684710011887355
2024      0.0036099000140645664
12131     0.004106812815825992
1122      0.0055633440942296705
12137     0.003715182975146879
11549     0.001434540111134617
10958     0.0009025187497367373
3498      0.005104773107105501
7924      0.0032845387208137854
9497      0.009170106865746395
9849      0.0042267052841794975
9596      0.0023102233718569807
3321      0.002568582488783118
6973      0.0018569746308525668
7272      0.007121438860627186
7888      0.0018513905647115888
6311      0.0014794854378052044
2658      0.00208037726795192
7299      0.0036099000140645664
3520      0.011562449931894212
10910     0.001339503417029406
11138     0.0013772633046081379
3934      0.00386226983960638
10099     0.0025887790114309367
1402      0.004106812815825992
4721      0.0086416816534611
7275      0.004527041988312906
2098      0.011403363457494741
3497      0.00283860445971673
10504     0.00386226983960638
2793      0.003801121152498247
8379      0.0028134706428516757
11348     0.004471861521984942
5799      0.001684159286240811
3708      0.00254874030943366
6536      0.0037717435212230154
3852      0.006494908487905642
11872     0.005117235769998252
7332      0.0036353162570050774
687       0.007921355100511717
11912     0.0011969544858315808
3888      0.003078061326773791
10485     0.0031101981228173967
3312      0.004022095785276684
7878      0.005714364789484063
239       0.007915140935354524
12133     0.007270632514010155
2613      0.0037688246505796245
1110      0.005218685527268299
10501     0.005553574299877283
6765      0.005014246788722136
7153      0.00509748061886732
1292      0.006672637667855402
368       0.0012803109734070691
5330      0.0025990141510883126
9515      0.006672637667855402
5316      0.0030321688952719716
7331      0.009860865018218224
8706      0.00290399696123504
9488      0.00416075453590384
3736      0.002035769646632689
1046      0.0055633440942296705
5968      0.003926337552960226
3647      0.005014246788722136
11657     0.004646202119981331
10243     0.001410291760044389
2882      0.0026302873476326235
5353      0.0055633440942296705
3578      0.0033425501653740774
188       0.006672637667855402
8147      0.005014246788722136
5272      0.002788883256828651
2832      0.0033228805354510414
4020      0.007131208654979572
4970      0.0014910065073490304
11037     0.0032115472531048174
2069      0.0024364854120317195
8160      0.002788883256828651
8411      0.003926914588890317
9149      0.007131208654979572
633       0.00432084082673055
6623      0.003831282278930057
4027      0.0019749498748135664
1571      0.0033228805354510414
672       0.0032115472531048174
9220      0.002418813564783563
12093     0.0016979799292640824
9600      0.0016795896832029187
340       0.004527041988312906
8874      0.0011361191316561323
4757      0.002890612482973553
10713     0.0054301344003562825
10062     0.00336256794835921
6535      0.0015918732425712193
9792      0.003926914588890317
5299      0.00492704392715574
10860     0.004106812815825992
7049      0.0024726797076477583
5107      0.00246352196357787
3537      0.003229358254485821
717       0.0036353162570050774
232       0.002073896016900632
11603     0.005714364789484063
12000     0.0058887053874804515
2447      0.00498244140031087
4648      0.003801121152498247
69        0.011986438600439306
443       0.0021473184143969773
1520      0.0017356825942865376
8075      0.005014246788722136
1241      0.004146500228734161
4794      0.0014163275563273143
1339      0.003831282278930057
67        0.00246352196357787
9836      0.003995479533479769
2561      0.002203878960473113
8886      0.004106812815825992
8452      0.006188311304463863
4376      0.0017501515576825992
9396      0.0027767871499386415
5313      0.003078337559231429
8822      0.0013599432844431324
11572     0.004852403281563687
8910      0.00432084082673055
8675      0.006672637667855402
8408      0.0021404431639641427
9921      0.003743109707937955
8918      0.002073896016900632
5162      0.0054301344003562825
6964      0.0037717435212230154
3310      0.0030171888721232964
7516      0.002392812989505956
1436      0.002890612482973553
