t_index   tf-idf
2613      0.0025407806633121065
11031     0.0022815179370861225
6727      0.0008274789478325507
2870      0.00221491028269267
8136      0.0029951861392596584
11523     0.0019606200037780193
8901      0.002931963271288166
5458      0.0074822693431359595
1985      0.005697237381524532
4181      0.003175930995495075
11220     0.0010945824876278966
7475      0.0018043644312489534
449       0.0017400516030516274
10933     0.009816994442921613
2626      0.0018471042831114438
1900      0.003671405503801035
8495      0.0016272479310327891
11024     0.0019802257528797928
8814      0.006775493068892485
3546      0.012707319119105746
7658      0.004268840055022665
10164     0.0018471042831114438
9931      0.002305441166438342
1879      0.001968982094302057
10544     0.007665735189207279
11238     0.0022943111215782868
6349      0.0040156781818878745
8106      0.0028633931327370046
7771      0.008495650454748175
11401     0.0027531360577647645
7497      0.0010747981318995187
7425      0.0006717875498975859
4283      0.0016192744297804146
9081      0.0015173774253582073
4543      0.010250214343815497
10924     0.0035987259332253855
477       0.0016861868376950586
8815      0.006000910483663464
6011      0.0015754146729839713
359       0.003000455241831732
12020     0.0031036956964398013
10522     0.0031020423950378437
3007      0.002136095757441362
3340      0.0076581393982822245
5983      0.00221491028269267
4272      0.03280068590020959
10627     0.00221491028269267
8259      0.003342416196033014
191       0.0017320704286408004
8261      0.000976154277375037
7704      0.002330341120034454
758       0.0019366454602218835
9500      0.0029711747694917134
4016      0.0026737810886613847
9264      0.001985242593911938
12111     0.001460255055753822
4891      0.0025005477711257224
7207      0.003063692040421031
2803      0.0013693204072320487
1508      0.0046211818355725255
2357      0.004173621238765474
6360      0.0010431866979137723
11412     0.0026080127766768316
7123      0.00436749468094467
10243     0.0022818203758021576
7525      0.0040459250272268776
187       0.0075798766244248505
11413     0.009425203837969348
3659      0.0020500428687630994
4641      0.0011543963131492006
3578      0.0018027236846961316
5170      0.0022815179370861225
110       0.0013640846312218758
4046      0.0014911383622012492
4417      0.0013844703811741745
3250      0.0010979431802063942
4137      0.0009901128764398964
267       0.0022584976896308285
7556      0.024136547063232053
4049      0.0017170767560318772
8287      0.0013640846312218758
6766      0.0011326095628988529
843       0.003671405503801035
9202      0.0008888678914918286
5302      0.0015173774253582073
11784     0.005456201049478284
8756      0.0030819046055644388
4315      0.002356300959492337
356       0.00192038800736014
6930      0.005035951229899112
10568     0.0017613543316929354
4970      0.003216553364168695
3873      0.0025996369855879223
10742     0.004980680994711525
4196      0.005722638546912429
381       0.0023834149415083296
667       0.002332974828769201
6028      0.0026572821180165787
7747      0.002864345673000193
4284      0.023076270703754124
11623     0.00192038800736014
75        0.0024664216768010175
12036     0.0016272479310327891
6955      0.004268840055022665
4518      0.0031858689205305655
5186      0.0016082766820843474
564       0.0012859023570351844
4536      0.003191921719618521
11077     0.0019469123671359459
5023      0.0028062098792386407
5802      0.001188608877558533
3138      0.004268840055022665
12196     0.0015518478482199006
6616      0.0019745909700213697
1607      0.001091240209895657
6302      0.00635186199099015
6868      0.004268840055022665
1999      0.0035987259332253855
9090      0.0016353270446410634
3931      0.00332045399647435
6210      0.001952308554750074
11138     0.002228381077118785
297       0.0019606200037780193
2341      0.0029286118114281072
10145     0.002175832292602811
8795      0.0017613543316929354
5071      0.0020036941888432608
2339      0.0006281423620509414
12084     0.0014969356369979355
10772     0.0014129078141702069
2882      0.0028371638805924928
11884     0.0007816580555721676
9520      0.004272191514882724
8187      0.00219480412625667
10988     0.0007580435906709737
3369      0.0018245104349464793
22        0.004166043871934972
3137      0.002759857493931642
7888      0.0024962569411841645
8874      0.0018382152242526185
5759      0.001137463059032038
8449      0.0017041282534765601
2637      0.001004398404323658
11005     0.0015959608598092605
10910     0.0021672864275531964
7153      0.0013746015152001762
3251      0.0010747981318995187
3553      0.003175930995495075
10611     0.0020341987530191545
10786     0.0016114038152888436
10903     0.001188608877558533
5455      0.015879654977475375
2785      0.002505816873697796
1682      0.0012332108384005087
9396      0.0014975930696298292
8678      0.0025406814575812684
8980      0.0026170264889332244
9913      0.0013188814242395704
6743      0.0012813333157462494
12208     0.0013045286641529328
186       0.005167840291572815
7653      0.006574281221461007
4286      0.006662646042289059
2660      0.002931963271288166
1536      0.0020500428687630994
2346      0.0015959608598092605
10901     0.0025535964906773343
11955     0.002356300959492337
10317     0.000660168833653218
11300     0.0022584976896308285
7256      0.003129560093741317
5107      0.0013286410590082893
3129      0.00247283780649341
8701      0.00247283780649341
6107      0.0015241174294056351
3385      0.0027923908437906732
2504      0.005728691346000386
927       0.004307784184876503
1913      0.0010780512817972446
11507     0.002864345673000193
67        0.0013286410590082893
10805     0.0013188814242395704
8787      0.004268840055022665
4067      0.001907546182304143
1969      0.0026170264889332244
6943      0.01063643867133651
1856      0.0019746427859502116
5198      0.0021942315512029137
10674     0.00130927549091049
1623      0.00192038800736014
8686      0.0012416826990324092
12171     0.0019486396120478096
11503     0.00221491028269267
6852      0.0027531360577647645
11438     0.0030819046055644388
5963      0.001409014718438769
4806      0.0021002051612722776
5819      0.0027531360577647645
934       0.008259408173294293
3651      0.0030819046055644388
3042      0.0022815179370861225
151       0.00241179048376716
4801      0.0035987259332253855
5251      0.0034232501795620433
2366      0.002117575309461695
2261      0.0010945824876278966
3610      0.002441550735269882
7048      0.0178168835327808
8396      0.002577660304101422
1263      0.007517450621093389
6403      0.0014089747868057951
6361      0.0008428109906543181
7892      0.0073921515794234
8135      0.005722638546912429
11936     0.0013237417221461808
338       0.0015206281185506597
2738      0.0010747981318995187
8160      0.001504116812671632
5209      0.0014784303158846802
4871      0.0014911383622012492
3692      0.0010813218749413213
6114      0.00069920628543477
1842      0.004516995379261657
11638     0.004268840055022665
423       0.0019335060217620268
763       0.0026591096678341276
9507      0.0012722966443903365
7663      0.0022584976896308285
944       0.001188608877558533
11611     0.002356300959492337
2744      0.0015378250660477086
29        0.0035987259332253855
10162     0.003000455241831732
1902      0.00192038800736014
7176      0.003671405503801035
10496     0.0014847512445738326
4771      0.003846045117292354
11723     0.002848618690762266
4620      0.001333580067045982
2625      0.0011543963131492006
8822      0.0007334525579019141
3289      0.0018949691561062126
9039      0.0021178865198509577
9953      0.004268840055022665
2790      0.0021002051612722776
10385     0.003334722694442404
5101      0.003846045117292354
11109     0.004268840055022665
12168     0.00853768011004533
7195      0.0034232501795620433
450       0.0018705673357839899
3104      0.0018245104349464793
5796      0.002236314730103817
6166      0.0009844910471510284
1131      0.0015735056556180663
1520      0.0018721969556349171
8499      0.002704312874816433
9747      0.0021431244803452047
7712      0.0032871406107305035
9855      0.002305441166438342
1545      0.003846045117292354
8207      0.002356300959492337
4146      0.0015735056556180663
10912     0.002577660304101422
5521      0.0028062098792386407
3852      0.0017514359967386003
10493     0.0025406814575812684
7790      0.00158089925111295
10684     0.001184711329728797
2463      0.001424309345381133
9394      0.002704312874816433
3736      0.0010979431802063942
737       0.00114704725846707
12113     0.0014598512909777205
7447      0.0017729611063603582
12062     0.0017613543316929354
3861      0.0009929433416580504
4794      0.0007638620528506863
9370      0.00145378194577738
9522      0.004268840055022665
5820      0.0035987259332253855
6628      0.003175930995495075
4835      0.0018245104349464793
5299      0.0013286410590082893
9723      0.0018471042831114438
6566      0.001465981635644083
4739      0.0020380530865364713
1885      0.0017613543316929354
11836     0.0010462751306384048
9824      0.0007116007586848867
4395      0.0016435146059623046
7049      0.001333580067045982
3712      0.0038670120435240537
10885     0.0012502738855628612
1549      0.0017514359967386003
1828      0.002505816873697796
8743      0.00178168835327808
11224     0.0022584976896308285
488       0.002098758561291183
2877      0.002123912613687044
4838      0.0010131331238951904
8595      0.0020036941888432608
7426      0.000483051183547668
10992     0.00145378194577738
10769     0.0011361870755587967
11540     0.0015107110840317161
3993      0.0009901128764398964
10345     0.0011150301283173979
3846      0.0016192744297804146
443       0.0011581043133826394
6588      0.0011326095628988529
9371      0.0003741003171515092
3424      0.0027531360577647645
9600      0.0009058461212779787
8346      0.002441550735269882
7597      0.0011185057169801162
5806      0.002704312874816433
441       0.002704312874816433
9493      0.00114704725846707
10839     0.0035987259332253855
6540      0.0035987259332253855
10068     0.0013286410590082893
4374      0.004268840055022665
3680      0.004268840055022665
10993     0.004268840055022665
2508      0.0018587229993558118
3276      0.002236314730103817
4376      0.0009439019636939861
5142      0.0012633918999647481
11766     0.0021002051612722776
2969      0.0035987259332253855
4758      0.0015735056556180663
9545      0.0018135197923735066
4111      0.0013537460081230425
5187      0.0034232501795620433
7165      0.0010072961017446882
7967      0.0027531360577647645
8736      0.0029286118114281072
2762      0.0011013224916753244
9797      0.0029286118114281072
4978      0.0013286410590082893
4088      0.004166043871934972
2049      0.002441550735269882
1047      0.0020341987530191545
4027      0.0021302830110348585
8188      0.004268840055022665
9356      0.0026170264889332244
8932      0.002458037256718259
6042      0.002083021935967486
4787      0.0011618349926575552
9399      0.0015959608598092605
2651      0.001603633466131595
9991      0.004132619087385231
1955      0.0008793740942343895
10943     0.001447772398053679
3857      0.0010401138241101552
3341      0.0015959608598092605
2079      0.0014975930696298292
3019      0.0027531360577647645
8237      0.002330341120034454
3848      0.001504116812671632
11082     0.0019469123671359459
8685      0.0012998184927939611
2096      0.0021742309344689108
6740      0.002123912613687044
3524      0.0016435146059623046
6108      0.0019335060217620268
7322      0.0016114038152888436
115       0.0016435146059623046
5956      0.0015735056556180663
5423      0.0016950915821206472
11001     0.000838390941168102
10259     0.001220719668231994
4906      0.0007503709843486393
2647      0.0031470113112361327
447       0.004268840055022665
3626      0.00241179048376716
7847      0.001390724854643196
8104      0.0014975930696298292
3413      0.0034232501795620433
3796      0.0029286118114281072
4965      0.00635186199099015
1182      0.00635186199099015
10321     0.0026591096678341276
12147     0.003846045117292354
230       0.0021002051612722776
7325      0.00531430984041781
670       0.001390724854643196
9776      0.0028062098792386407
9056      0.0020036941888432608
2779      0.0019335060217620268
6388      0.0015378250660477086
2920      0.001447772398053679
5351      0.0009816994442921614
6881      0.002704312874816433
4172      0.001660226998237175
10143     0.0016272479310327891
8435      0.0030819046055644388
5110      0.00221491028269267
10718     0.0017041282534765601
704       0.0008888678914918286
384       0.0010945824876278966
7519      0.002577660304101422
1918      0.004268840055022665
11990     0.0030819046055644388
140       0.0025406814575812684
9814      0.00192038800736014
457       0.0015589820132891072
8157      0.001390724854643196
320       0.0015518478482199006
1349      0.0015173774253582073
11409     0.0017714366134726034
5298      0.0035987259332253855
3547      0.003846045117292354
12146     0.0035987259332253855
5939      0.002305441166438342
6646      0.0019606200037780193
