t_index   tf-idf
7207      0.009502905370525748
8259      0.0017671784640412175
6648      0.0044789271298910395
11027     0.0015338540518150508
8106      0.002691400541925739
9056      0.008475031262117237
4137      0.006979805624011943
4937      0.0027293706964038587
10285     0.003689748237862289
11723     0.00803254062504053
3993      0.005583844499209554
11036     0.0042303448162063235
477       0.002377356491958182
11936     0.0037326895293785375
187       0.0026717188894012345
7123      0.003078867537458025
1514      0.0028903574704145086
10237     0.004962143385268588
8959      0.00397037380339248
2077      0.0028903574704145086
1560      0.0016594395937736348
6403      0.0039730298938840634
5459      0.012737032514987326
11640     0.003689748237862289
4906      0.0010579487937747152
3888      0.0015603637616912684
10958     0.0006862716829681329
2613      0.0028657993382625265
10604     0.003400385790974689
737       0.0016172230654030771
2643      0.002707556952951326
10910     0.0030556592800353977
1900      0.012940795637160085
8933      0.003122804200548874
6166      0.0013880349021218462
3133      0.003122804200548874
22        0.011747418759674059
8498      0.005422542818835953
11558     0.002868018835939877
1454      0.002148854672746163
7488      0.0011882800501898504
7888      0.0035194751329170795
1572      0.0020668889595615585
10385     0.004701628828599983
10684     0.0016703256767661454
1520      0.0026396123414100217
1372      0.0036342458148915097
763       0.007498162706922372
5983      0.003122804200548874
4272      0.04624571952663214
6011      0.004442357414513218
2729      0.006916947658125369
11784     0.00769270326183869
3137      0.0019455629066131971
967       0.0011366955796588492
5759      0.0016037102931303188
3846      0.002283016621789416
10933     0.008304594110922997
8932      0.0017327945809736637
6943      0.007498162706922372
1856      0.005568101638006141
1444      0.008122670858853978
6424      0.003442344799033972
5170      0.0032167143984263746
6430      0.005073847256349455
4623      0.003360379085849368
8261      0.005505123528641793
7704      0.003285550252405012
10611     0.002868018835939877
8187      0.0020629710071217813
8136      0.0063343738549095354
11523     0.005528560169069109
4016      0.002827324953158771
5651      0.0033221510557594936
4283      0.002283016621789416
9081      0.002139351934366423
4543      0.01734214482248705
3934      0.0029368546899185147
3790      0.0019159051720198253
6871      0.001976280067362202
8838      0.005422542818835953
5458      0.010549258955074858
1985      0.00803254062504053
1077      0.004129052692548143
6854      0.003285550252405012
8375      0.0030936492365474747
2738      0.0075767947516084885
11412     0.0009192599490068833
9264      0.004898242122800545
10627     0.003122804200548874
193       0.003812813399741189
8795      0.00248333521616905
815       0.0023407556886037005
267       0.0031842581287468315
3153      0.003689748237862289
7556      0.024749193892379798
7497      0.0030307179006433954
3848      0.004241311566820602
449       0.0024533004779658586
3340      0.009717496487958908
2232      0.003442344799033972
944       0.0016758208333102487
7256      0.0014707899582467444
4146      0.004436974363564607
8566      0.0037189844517171258
8882      0.0019014512339178462
11927     0.00127715334326717
4049      0.0024209082184053396
9196      0.002950288685206116
7426      0.002724217367809423
6930      0.0035500963125625427
8901      0.004133777919123117
2966      0.002305649219375123
497       0.002389911299940398
1476      0.009114440440730086
9112      0.0025120041733346396
569       0.0017938122986255833
8382      0.0018326153799392087
3535      0.0026373147387687146
10243     0.0016085704035357783
5316      0.002305649219375123
11238     0.0005391252536513994
9720      0.0027260520544446797
4641      0.0016275845048757047
9349      0.003122804200548874
9775      0.0033406513535322907
9997      0.005422542818835953
9942      0.0029368546899185147
1522      0.0032167143984263746
11001     0.0011820482180429478
4046      0.0021023574532421574
12045     0.0017627623891500143
7773      0.0024975502352326605
5968      0.002985571525419261
10205     0.0026717188894012345
3461      0.0024026521118322985
4417      0.0009759830805901111
8296      0.005692491595438316
1436      0.0021980102840828603
6968      0.003400385790974689
2625      0.0016275845048757047
7771      0.005989012993842278
12111     0.0013725433659362658
3981      0.0027642800845345543
11513     0.0040384438003487864
6042      0.0029368546899185147
3634      0.001519945569583442
443       0.0016328124180761173
2063      0.0012201351390877806
3927      0.007379496475724578
10522     0.0029157150960619736
6349      0.0018872362148542353
1538      0.003489313374577772
11138     0.001047265562315891
1889      0.0018392562552017589
11681     0.0035377666673184122
7561      0.005208468315149893
10902     0.0020081351562601323
10544     0.0060044042406112025
843       0.0051763182548640345
10549     0.002707556952951326
2366      0.0014927857627096304
5186      0.001133755443211936
9493      0.0016172230654030771
4286      0.0013419530359575136
5806      0.003812813399741189
441       0.003812813399741189
758       0.003640637802450115
1508      0.0009307726922001806
9371      0.0005274444075482665
2150      0.0017812574906433676
9029      0.0014578575480309868
8450      0.001529192853016086
8028      0.0013919888818368466
8320      0.006174737341640418
6073      0.0019306061979192449
2357      0.0016812550619524852
4115      0.003749081353461186
11863     0.0014120361549453183
2762      0.0015527556714313485
10145     0.0015338540518150508
7967      0.0038816492537198264
8736      0.004129052692548143
3341      0.0022501467964043437
4173      0.003812813399741189
4111      0.00190864783719526
3712      0.0027260520544446797
7165      0.0014201877711727089
4322      0.0011605857012457416
2737      0.0022184871817823035
4088      0.0029368546899185147
4978      0.0018732523445819844
2049      0.003442344799033972
9197      0.002868018835939877
2656      0.004065651067211742
11958     0.0014578575480309868
4891      0.0017627623891500143
4124      0.0023649823349740206
8287      0.0019232242721385654
6766      0.0015968673441266997
6140      0.006018641820150767
5606      0.006018641820150767
11181     0.0029368546899185147
704       0.0012532157202815486
3626      0.003400385790974689
10988     0.0010687664090252146
10033     0.0026543447818616205
9500      0.002094531124631782
902       0.002271919834625063
6302      0.00447774825503464
9090      0.002305649219375123
1969      0.003689748237862289
1879      0.0027760698042436924
6020      0.005697170954970955
307       0.00220818778834506
12084     0.0010552655183589407
1902      0.002707556952951326
7176      0.0025881591274320172
12189     0.004634542801663601
12036     0.002294258469099695
11032     0.003956478087164182
7475      0.0005087950396234673
7769      0.002610704465206064
11066     0.0019380520372723276
3931      0.004681511377207401
12107     0.0024975502352326605
539       0.001524556782095487
6946      0.0054899073481219545
7048      0.0025120041733346396
7325      0.0024975502352326605
876       0.0015153589503216977
11143     0.004129052692548143
1842      0.0031842581287468315
10071     0.0024026521118322985
3546      0.0029860103012552116
4518      0.0014972532484605694
7904      0.002556883350831558
11884     0.001102060466470066
5799      0.0012806280513197453
2877      0.004491759745381708
6989      0.0012633932245437486
3250      0.001547991176845451
191       0.002442047812261881
5953      0.0019380520372723276
9374      0.003285550252405012
2769      0.003360379085849368
3873      0.0036652307598784174
10742     0.0023407556886037005
4196      0.002689451251090198
2463      0.0020081351562601323
4575      0.0042303448162063235
232       0.0015769823178016687
3378      0.005747715516059476
7516      0.001819485520733242
7300      0.005073847256349455
10201     0.0023649823349740206
2764      0.0029860103012552116
6022      0.002967839634905422
2915      0.004754712983916364
368       0.000973543393640227
2088      0.0019531399518667673
158       0.00220818778834506
2249      0.0013419530359575136
12115     0.004826443817521138
9509      0.001812995006354557
186       0.002428714381254023
10195     0.003400385790974689
10901     0.0018001591102596655
3251      0.0015153589503216977
11912     0.0009101594506125287
3982      0.0027449536740609772
6900      0.0012008808481222405
208       0.00143256192815687
6727      0.0011666633878352002
2361      0.0027642800845345543
8874      0.0008639004882296134
11196     0.0016328124180761173
11910     0.0015672096095333279
2339      0.0008856185381787531
5209      0.0020844403661582026
2164      0.0019232242721385654
11455     0.003582109302570026
10595     0.0036342458148915097
2941      0.00447774825503464
2079      0.002111457951636512
2660      0.0020668889595615585
10008     0.0020844403661582026
2744      0.0021681810832197396
8875      0.003152982352146372
7151      0.0024155845220480564
987       0.0042303448162063235
9924      0.0032167143984263746
7319      0.002377356491958182
8822      0.0010340954875765601
11366     0.0042303448162063235
11930     0.0016594395937736348
9202      0.0012532157202815486
8536      0.0023407556886037005
8488      0.004826443817521138
9199      0.0030654503472116127
11872     0.0019455629066131971
10543     0.0025723790686770164
8095      0.004345180354776001
