t_index   tf-idf
4397      0.004169809763258528
3565      0.012470907381676373
11412     0.0026679670933820463
10243     0.0031123680221669275
1334      0.005396802149761921
5387      0.023888904662745847
4906      0.0061409671362785195
12176     0.007577044568557828
10881     0.0046936646438422635
4395      0.006725186203707822
8506      0.00712685959610664
4937      0.00396072471748261
7153      0.005624806200129457
368       0.011302055489386542
201       0.025754851190806054
11930     0.004816189625607388
9029      0.004231138285952001
667       0.0031821419120376844
2025      0.006632369210082541
4838      0.008291388324291674
8332      0.008896853019206117
10798     0.010253687437200178
7769      0.007577044568557828
12093     0.0037472660507896992
12177     0.037366499207690904
12100     0.007605809054835276
10907     0.0058518667822195355
7123      0.002978597905012074
10076     0.012277724897610308
4412      0.005243157016157066
1958      0.00881761000492087
6210      0.0039943784223622205
2561      0.004863732878285491
10988     0.0031018795204467435
9493      0.0046936646438422635
10848     0.005581771594425146
3250      0.004492733013258349
2309      0.010708752069657792
3837      0.00775412666176795
10882     0.003927518747028819
4873      0.005560529378563286
1317      0.011265706167405243
11827     0.006759145166986675
7         0.023262379985303852
5582      0.010449199433116448
6738      0.025991527227499922
8874      0.0025072973939997403
11022     0.005875751608490556
8143      0.004620032599244759
1879      0.004028492100985818
118       0.009327901316809927
3774      0.017005787511943402
6973      0.008196301818935468
1575      0.014725821060094681
11178     0.00701074818180614
1450      0.010118738610478782
4275      0.011720770799862858
11062     0.010253687437200178
6022      0.00430677878053804
4155      0.016521311814346837
6360      0.004268672005256356
4376      0.003862403437644357
10259     0.004995128757363102
10716     0.015737839790299746
7140      0.0038947487537847373
9701      0.004332510403266456
7428      0.011482881804700643
10067     0.006154776842656333
10772     0.005781553814305674
7217      0.005665189145954093
9500      0.0030394776377558907
2137      0.011703733564439071
6946      0.007966675893108009
4417      0.0028325945729770464
324       0.01052370664608105
1520      0.003830471932218566
4468      0.006049668878792484
2631      0.006024069215423232
10684     0.004847784291763813
6079      0.011656416711624906
2281      0.00679357254451074
2351      0.013450828246207577
4520      0.007207380943479139
7426      0.007906492935308956
11238     0.0015647026039882568
11912     0.0026415547273524543
1617      0.004663950658404963
4348      0.005624806200129457
5209      0.006049668878792484
68        0.016398048993751742
5363      0.0055185797306236345
12036     0.013317247435578689
10578     0.010196847986127364
11739     0.004879784028769227
9256      0.007465812814263755
4970      0.006580994239333652
2036      0.00881761000492087
3583      0.005299671399542372
3865      0.013450828246207577
3888      0.0022643209760175014
12180     0.006973214462501786
356       0.007858139432416205
9543      0.005396802149761921
6648      0.00649959253044533
8259      0.0017096266749824039
320       0.006350090045589479
9284      0.008388681164134063
2109      0.008260655907173418
9645      0.01664769554194986
6009      0.004520466024116344
5259      0.00944747327542794
967       0.0032990302742972348
2339      0.0025703296654038523
3377      0.011720770799862858
2357      0.0024397523169138076
1508      0.002701380514718915
4729      0.00775412666176795
10822     0.004169809763258528
9371      0.001530801297769394
12045     0.005116063255866421
4193      0.006292709465666486
8372      0.00874080562815086
7030      0.007605809054835276
9267      0.003726890873981368
3117      0.007605809054835276
