t_index   tf-idf
12207     0.017641709936127837
2226      0.015427648789487866
2366      0.057110364406694196
446       0.030273052030574427
7769      0.009987922385826228
5963      0.0050667599976182
6900      0.009188558004571688
2244      0.021150930949847727
8261      0.01053063402259131
3340      0.02478452387080429
75        0.013303729044563065
10243     0.00410266693831095
9202      0.009588999071851243
7217      0.007467749328757669
199       0.014715579658029932
11023     0.09210345815685264
5381      0.03324721332063455
7497      0.023189583936741132
1889      0.014073097104195277
8259      0.004507197597680883
9913      0.014227932940281428
6743      0.027645736994282712
6232      0.013080649395764483
5116      0.023043942110579543
9196      0.011287089288099156
5107      0.014333218697180336
1913      0.011629886555146034
9264      0.0026770695584570074
4165      0.016974788284849444
10246     0.015490617876929649
12111     0.005251018180286471
8805      0.012950343763008158
5968      0.011422072881338839
10988     0.008177682372086869
4978      0.014333218697180336
6607      0.011025155426066406
5802      0.012822568497298114
10544     0.018377116009143376
487       0.016086219907383174
1361      0.014772062574988162
621       0.011320576482116079
1713      0.01689598231991296
11770     0.01588163702247943
5839      0.031108390741544395
2660      0.015814832190584653
12020     0.01674114648382681
9557      0.01848288157021619
10205     0.02044269756284278
6499      0.021615610037218205
8382      0.014022284346504552
2744      0.016589870409484373
102       0.014548982926189582
2357      0.006432074290045492
9824      0.007676662730055142
6880      0.010961269298776052
