t_index   tf-idf
9851      0.0037698380053347046
11859     0.008646925455027413
2561      0.008462895208216756
4957      0.013974921450903418
104       0.005308452569436447
6681      0.004577812391045257
3266      0.006991531121462015
12171     0.0013874314037780405
2809      0.005125411964872609
11552     0.01022218908263525
2025      0.011540322425543622
338       0.0018044787006801163
9488      0.0019971621772338437
8959      0.0050125969267830065
4906      0.002671320704281156
9018      0.004522412994494658
7995      0.01369192061756078
5954      0.0038022504482456243
11662     0.006456130460849684
10747     0.012186770639240873
8277      0.0040201258875428745
11549     0.0027543170133784646
11108     0.006495257148409467
6817      0.009742885722614199
4141      0.010197070595880686
9309      0.005340810330460484
9081      0.016205590902825653
7153      0.004893581394112627
10525     0.005485790197904701
5401      0.017553330861300887
6756      0.010254871959303148
7920      0.009100044873564831
4562      0.02132572531152877
1608      0.00434596030878039
10958     0.0008664179997472678
1753      0.005485790197904701
3227      0.012811464322282374
1584      0.014701746548463842
11913     0.003066251906333204
11016     0.010254871959303148
11062     0.008920708070364155
6914      0.003738365187064654
118       0.004057637072812318
4673      0.002609447311446468
7428      0.00499505358504478
8842      0.00684596030878039
7332      0.0034899036067248747
4770      0.006132503812666408
6107      0.0054258580486840615
9701      0.020731062279629994
1150      0.010324922156209223
6465      0.013974921450903418
10237     0.0020882353413005307
6721      0.0022488375819372515
11158     0.005601680134000316
758       0.005745381531991588
1985      0.002535270634778417
7475      0.0012847074750492549
7140      0.008471078539481805
149       0.0030496754590856713
2060      0.004242478595884828
8755      0.002382635721253472
7411      0.002475490241264889
3653      0.0017277731403199412
5897      0.0027129290243420308
10503     0.0023220610221922205
1165      0.004856141287149878
1110      0.005009938106177567
4896      0.002264688027014799
9775      0.0021087861669172587
5759      0.0020246842450770274
9267      0.004863592590545685
5274      0.002095042487139214
11238     0.003403228163674459
10822     0.0018138672470174595
485       0.0018846420254209084
7910      0.005212929024342032
9364      0.008957370593714101
12113     0.005197070595880685
2433      0.0022889061955226283
3587      0.007598535297940343
6614      0.003189965314033
9845      0.0034182906531010494
10233     0.023404441148401185
11679     0.005111903899386784
5402      0.008122203856026597
5400      0.008920708070364155
10706     0.02053788092634117
11836     0.007449478930145442
5965      0.0020882353413005307
6068      0.005308452569436447
4620      0.002373772519341848
9855      0.004103685276260249
571       0.004522412994494658
330       0.003620873780374095
9459      0.0025985352979403424
667       0.005536926926945572
3565      0.0013562111777573056
6263      0.007598535297940343
10571     0.0025877318634837366
7816      0.00434596030878039
11872     0.0024562731695991612
7256      0.001856872322286515
6535      0.004584594938605112
4873      0.0024188302796750295
4124      0.0029857901979047008
6311      0.0014203060202929963
3628      0.007598535297940343
457       0.002774987983654611
3873      0.004627353834346502
5403      0.005340810330460484
11854     0.005851110287100296
5021      0.004103685276260249
1422      0.005851110287100296
2436      0.015295605893821028
8488      0.006093385319620437
8548      0.004900582182821281
2441      0.007186770639240874
8143      0.0020097141806714705
8859      0.006931008027003967
3449      0.002264688027014799
8187      0.0013022504482456242
482       0.0044603540351820774
5181      0.006836581306202099
10174     0.005851110287100296
11412     0.0034816970568635705
10243     0.002707760179285227
1190      0.004900582182821281
10967     0.004194215707896361
7135      0.0025149759092229686
4016      0.0011898325844543161
8390      0.002620470108709106
2275      0.004733215208744748
3522      0.005098535297940343
8748      0.007598535297940343
5878      0.007598535297940343
7437      0.006790864409002749
3352      0.004900582182821281
6900      0.0030322241415086573
5968      0.003769284050841817
509       0.003033348291188277
10438     0.004813676917173251
6757      0.007598535297940343
6678      0.003738365187064654
4342      0.006405732161141187
9212      0.006405732161141187
5707      0.005485790197904701
5026      0.005340810330460484
11236     0.004733215208744748
4196      0.0033954322045013745
11212     0.006405732161141187
3433      0.0032675508983829216
6964      0.003620873780374095
12084     0.0013322727169281627
2592      0.003942540303192953
5962      0.005851110287100296
9600      0.003224812191749604
5004      0.0028682987912141415
10992     0.0025877318634837366
10273     0.0039806402195847945
1477      0.005851110287100296
9866      0.005851110287100296
1978      0.007476730374129308
7825      0.004103685276260249
9036      0.007598535297940343
4608      0.00499505358504478
4817      0.00465830715030114
8987      0.007598535297940343
1211      0.004061101928013298
2261      0.0019483568279776559
2613      0.00180903583227822
8942      0.003942540303192953
8046      0.004401651295558271
9333      0.003707779046022125
9849      0.004057637072812318
4567      0.00684596030878039
3197      0.011702220574200593
3192      0.007598535297940343
6697      0.012811464322282374
9582      0.011306314343962467
10674     0.002330510373820672
6349      0.007147907163760416
8674      0.007598535297940343
6740      0.005670846678544407
6114      0.002489174376147781
3228      0.0040201258875428745
5287      0.005653157171981234
11025     0.004292987061105545
11084     0.0032088481587591146
8932      0.0021876531584792505
4794      0.0013596744540742218
9264      0.0013251494314362186
4481      0.00434596030878039
9944      0.004292987061105545
10145     0.0019364907404165017
10043     0.002665715663941096
5799      0.0016167929147911787
3592      0.0036780309877728554
7204      0.0022101952042776884
3708      0.0024467906970563136
10673     0.0037808999935002494
151       0.004292987061105545
6071      0.004733215208744748
6017      0.0031714052688349825
1617      0.002028818536406159
593       0.00499505358504478
4001      0.0025250758537273188
2659      0.0034899036067248747
10459     0.005851110287100296
3791      0.006235112148389417
3952      0.00465830715030114
6203      0.0016662552905150764
8450      0.0019306059769328085
28        0.0026773279265555052
6880      0.0018086094342980486
2339      0.0022361868089013515
3903      0.0017084706549575362
11912     0.0011490763063983175
7426      0.0008598311067148491
7670      0.004292987061105545
7546      0.00684596030878039
3885      0.0038356603521405783
8686      0.0022101952042776884
2720      0.003707779046022125
9930      0.001803376960533439
6759      0.007598535297940343
3935      0.002955204056862172
4348      0.0024467906970563136
2252      0.004061101928013298
115       0.0029254559986129024
5186      0.0014313662470550692
10122     0.0028965013172383646
6090      0.005340810330460484
5435      0.0029402281476392034
6585      0.005653157171981234
2473      0.006405732161141187
8290      0.00684596030878039
11841     0.005212929024342032
10544     0.0015161120707543286
5180      0.007598535297940343
6774      0.003620873780374095
6820      0.004813676917173251
9707      0.005340810330460484
1402      0.003942540303192953
449       0.0015486459267159483
3694      0.0034655040135019837
2326      0.003566575656141004
1056      0.0031714052688349825
9371      0.0006658985645296864
