t_index   tf-idf
3720      0.0038807241365591666
2711      0.007917077703395978
8036      0.0030305598269070116
2402      0.003569116377690818
6821      0.005852118889752303
6855      0.003527839355565724
8936      0.003918575768244654
11729     0.01008106337753513
5273      0.0034346047141224976
5965      0.006714583090998491
10580     0.003352365932052753
902       0.005533695417133393
2261      0.003758887771017986
9539      0.0164859254739726
2738      0.02706694202262711
7372      0.0034346047141224976
4083      0.003527839355565724
4937      0.003323952254864828
10676     0.002995695916592373
8882      0.020069175804936754
2990      0.002466662605878185
10684     0.001356132583226533
9371      0.0017129223524879392
6535      0.0009827641883397883
12181     0.0026428622989139255
11027     0.001245331665862702
3340      0.006136361215601062
7256      0.0011941301107951865
2682      0.0028426947964986346
3888      0.0006334274112975004
5898      0.002466662605878185
4849      0.0020394889188649406
9099      0.002198257654727363
1942      0.002924975056117676
7207      0.004208389838160336
12191     0.0034738672889229696
6740      0.0024312311590758444
6387      0.001153046341546974
5592      0.006087736602887135
2321      0.006191224330769454
5540      0.008491931759919493
7475      0.0004130892202730723
11912     0.00443373494430219
8822      0.0025187374014123613
6403      0.002419268604997732
3137      0.0015795968936329011
9474      0.01482859670744251
2105      0.0054565641104628
815       0.005701358309058852
75        0.001411649705693187
10378     0.010583518066697172
7771      0.004862462318151689
3449      0.001456391014157427
10615     0.00376277188881048
3326      0.0020277538083480606
11884     0.0017895194069690783
5198      0.0025117248624702162
3418      0.00244517713713545
8519      0.019887085802203594
6774      0.0023285361931666203
6011      0.0018033685645732918
11008     0.004553584658450922
2599      0.0032122531093535566
9264      0.0017043722590819534
8686      0.004264042194747952
5363      0.001543782754225904
10882     0.001098694954956615
4787      0.002659892330457168
10988     0.0008677283545944266
6020      0.0011563791528377543
1720      0.003356202329834685
10673     0.0016209646274384778
758       0.000738955824050365
10068     0.0015208881575786207
2552      0.004886517876488966
12111     0.0016715459802198094
931       0.003146997681101368
6360      0.004776520443180746
4210      0.0018908219598965938
11238     0.002188571166350134
5735      0.0018908219598965938
7203      0.010583518066697172
10427     0.004886517876488966
9167      0.003527839355565724
10145     0.001245331665862702
4400      0.019097974386619802
9540      0.003635470850148703
1527      0.006825421390722231
2083      0.005480663016965564
12012     0.005496608928350729
10243     0.0013059936556038072
9875      0.0020514246392495175
3104      0.0020885071216750696
9768      0.002585289959834646
7495      0.0025117248624702162
110       0.0015614602209485138
4891      0.010018271777564793
6009      0.0037937029977310804
3289      0.0021691608346424813
2508      0.0021276700571404147
2685      0.0015379883422181463
7227      0.001065654601478497
11196     0.0013256756770553687
552       0.004886517876488966
2116      0.002488830265822933
8159      0.0021430936212412555
6365      0.004886517876488966
12064     0.0012883730161532825
5802      0.0013605940849223078
11927     0.0010369171034564644
7348      0.002346672865851008
9538      0.028552844864109167
5601      0.0022603628032098885
6099      0.002585289959834646
4406      0.0019612060830132933
11675     0.0017369336444614848
8261      0.002234796930839313
9202      0.0040699288665092094
6513      0.0028683948779305965
1985      0.001630399122043998
10805     0.0075485817850367695
2186      0.003095612165384727
4347      0.0026177004419622968
4414      0.011121447530581884
5582      0.004384631916468478
9166      0.003352365932052753
497       0.0038807241365591666
8868      0.004488622002218488
9596      0.001426247226355435
4308      0.003352365932052753
2651      0.0018356704628387389
12230     0.004119441904270859
6738      0.007270941700297406
6306      0.0034346047141224976
6523      0.004886517876488966
2112      0.0016436990030182584
11375     0.004886517876488966
7825      0.002639025901131993
2378      0.004119441904270859
11154     0.0025598972473214114
7351      0.0023844238238084404
8226      0.0020885071216750696
9095      0.002639025901131993
4436      0.003151499796026547
5932      0.002276792329225461
953       0.0013650842781444464
8113      0.011896149310536175
1043      0.004310109694019673
9488      0.003853046001094232
6772      0.003151499796026547
2133      0.0043383216692849625
6458      0.001784558188845409
2617      0.003352365932052753
8094      0.003635470850148703
89        0.0020885071216750696
6114      0.0016007552258185088
6229      0.0018356704628387389
4049      0.003931056753359153
8855      0.011554293632220053
3454      0.003918575768244654
8996      0.003918575768244654
5427      0.0026972448282291707
7883      0.002585289959834646
6964      0.0023285361931666203
10415     0.0016995866336600785
1713      0.003585642550206609
6126      0.003527839355565724
1706      0.004119441904270859
9013      0.005661287839946329
9341      0.003635470850148703
488       0.001201218726398169
2067      0.005278051802263986
217       0.004228740352332309
3962      0.002276792329225461
1052      0.0038807241365591666
7182      0.006869209428244995
2213      0.0030438683014435675
6549      0.003527839355565724
7488      0.0028942834019897484
341       0.0018011833228296838
1889      0.0014932868309917816
6873      0.006302999592053094
3369      0.0020885071216750696
10947     0.0109131282209256
10033     0.0021550548470098364
11773     0.0028683948779305965
7318      0.004119441904270859
2244      0.002244311001109244
384       0.0012529625903393285
4305      0.0015614602209485138
316       0.0027282820552314
6203      0.0010715468106206277
6028      0.0015208881575786207
3312      0.0012415472520468222
2749      0.0017068979322946774
1747      0.002667528741904391
9076      0.008724912529571688
10885     0.002862363365018512
11863     0.0022928561358436838
8160      0.0017217542936048263
10570     0.0052232822225251425
5963      0.0005376304820623813
10501     0.00514285980181562
1955      0.0020132294376041327
4232      0.006302999592053094
8259      0.0004782556936445953
6311      0.00091338007735884
11913     0.0019718661777062404
4012      0.004119441904270859
7325      0.0020277538083480606
948       0.0034346047141224976
10948     0.0032122531093535566
7775      0.002293617785299681
5142      0.0014461978018889077
7123      0.0008332412145853711
8374      0.0027282820552314
12045     0.001431181682509256
11681     0.0014361512596429244
9081      0.0017369336444614848
11039     0.004886517876488966
1710      0.004177014243350139
2883      0.0017928212751033045
5145      0.0023652932397253087
12005     0.0014213473982493173
9154      0.009131604904330704
10732     0.002293617785299681
12131     0.002535395693371674
3859      0.002293617785299681
6185      0.0028306439199731644
6900      0.0009749916853725585
1603      0.0034346047141224976
4978      0.0015208881575786207
208       0.0023261857675859147
12171     0.00044611942243666895
7447      0.0010147494435117164
3682      0.001950706296584101
9113      0.002585289959834646
3797      0.0019612060830132933
771       0.004119441904270859
10424     0.002228619944374266
4739      0.0011664741138375945
11827     0.0018908219598965938
5099      0.0025598972473214114
1571      0.0020514246392495175
11682     0.0023108587264440107
1522      0.0026116411112625713
10958     0.0011143639868132062
10910     0.000826960308905614
3721      0.002585289959834646
8408      0.0013214311494569627
5181      0.002198257654727363
226       0.0013516994087165828
677       0.003151499796026547
11659     0.004886517876488966
1766      0.0023108587264440107
7980      0.00376277188881048
8933      0.002535395693371674
3228      0.002585289959834646
8304      0.0020514246392495175
3656      0.001862701811728852
2137      0.0016370173956691304
10901     0.0014615439721561592
6232      0.0013879788747917297
10544     0.0009749916853725585
2613      0.0011633670947126815
9824      0.0024436964960625695
612       0.0041518523863985106
6596      0.001950706296584101
1597      0.007844824332053173
2330      0.00376277188881048
4419      0.007378260556177857
5759      0.0006510238730151214
6108      0.0022132737741070146
5989      0.0014719653990499218
8837      0.0018268876723218544
7097      0.001334242933494383
6880      0.0011630928837929573
11993     0.002228619944374266
5517      0.0020759261931992553
67        0.0015208881575786207
9105      0.0021835576877822344
12010     0.002488830265822933
7424      0.0014987204976338727
5033      0.0018813221856031528
8165      0.003527839355565724
2656      0.0016504451679597509
2249      0.0010895277864285278
3846      0.0018535745884303138
5072      0.003151499796026547
10579     0.002639025901131993
7910      0.003352365932052753
11001     0.0009597015275107534
8874      0.0007013983063600559
3419      0.0009597015275107534
2326      0.002293617785299681
10317     0.0007556916552429119
967       0.0009228798516522811
9029      0.001183630324365994
10881     0.0013130187267340096
11732     0.002639025901131993
3565      0.0008721615291043765
307       0.0017928212751033045
10956     0.003635470850148703
11063     0.0016781011649173426
2637      0.0011497293631486246
10426     0.003800905539372568
2392      0.0028306439199731644
10727     0.00376277188881048
3310      0.001862701811728852
10377     0.0027948297805661672
3857      0.0011906126089492452
9600      0.0010369171034564644
5203      0.0025117248624702162
6672      0.0028683948779305965
10117     0.003635470850148703
37        0.0032788008346883234
3116      0.0022132737741070146
2889      0.003918575768244654
3251      0.0012303155464830503
9751      0.0027948297805661672
2640      0.00376277188881048
10193     0.00376277188881048
9873      0.003527839355565724
4408      0.0034346047141224976
11138     0.0017005437587444534
6445      0.003095612165384727
1553      0.003918575768244654
4970      0.0009204927633794657
6607      0.0011698717976211942
11220     0.0012529625903393285
5352      0.0028683948779305965
6741      0.002995695916592373
2198      0.003635470850148703
1444      0.002198257654727363
6892      0.003352365932052753
1314      0.002995695916592373
9421      0.00440254682236681
8106      0.001092570155685288
7353      0.004886517876488966
3524      0.0018813221856031528
620       0.0025117248624702162
5885      0.0026972448282291707
7484      0.0021550548470098364
6007      0.002995695916592373
6983      0.002585289959834646
11266     0.002667528741904391
8418      0.001509716357007354
737       0.0013130187267340096
1168      0.005335057483808782
4095      0.0025598972473214114
2803      0.0015674535851273612
10118     0.0020635679477550577
4172      0.001900452769686284
7158      0.003918575768244654
976       0.00376277188881048
6361      0.0009647611339965828
304       0.003352365932052753
10484     0.002466662605878185
2762      0.0012606778361299534
5730      0.004886517876488966
