t_index   tf-idf
9202      0.0013610192231014668
1399      0.005219130308373311
11066     0.006314298573048551
6976      0.008771673630865106
4970      0.003693848379496953
9747      0.001640757666672888
11937     0.002057266126579972
513       0.008090866349454
3854      0.0045942454455574055
682       0.003946869110796156
2063      0.002650186001029373
7151      0.002623376738998427
11706     0.003242871402438456
4049      0.0013145791938652652
6491      0.004296820288210564
8881      0.002623376738998427
10068     0.00813756932485077
12176     0.012758765370281248
9600      0.0027740319929028855
12171     0.0011934893795940134
208       0.0015557930617617621
11065     0.003692892095574662
6751      0.005888998115079905
110       0.0020886629192042486
8516      0.005888998115079905
11656     0.0050332131501938035
7697      0.004296820288210564
11971     0.005510307235390268
3691      0.005241621780318655
6943      0.004071582975264299
7048      0.002728090553836544
8534      0.007136356462213037
8210      0.005510307235390268
9579      0.011020614470780536
1508      0.003032517481039298
3535      0.0028641805227488186
5423      0.025954950676772063
10243     0.0023292560682023457
6721      0.0038689678829027987
7323      0.004385836815432553
118       0.015706982217338007
10418     0.0034581728064884943
6724      0.00941697111328598
4518      0.014634443041404922
10156     0.004071582975264299
3993      0.0015160438022047446
7411      0.0021294539709805493
667       0.00595368486768341
11552     0.00146554682188319
2025      0.00620447442233528
9349      0.0033914325188756584
8143      0.0017287863919754586
1192      0.005385929936300089
5759      0.0026124958000993902
9584      0.0035681782311065184
12113     0.0022352991810239507
7552      0.0016067915006874433
12177     0.009987359235235358
8259      0.001279462543857799
297       0.003002067618688064
14        0.003091084145910053
9284      0.00941697111328598
2164      0.0020886629192042486
6607      0.004694582310454083
5556      0.007385784191149324
2814      0.0033291450007351922
8491      0.001524731926509562
2185      0.002595495067677206
628       0.003424206640503049
4016      0.0030705357018175903
5         0.003114730133655135
6727      0.003801064586172749
1526      0.0029015441702099428
9190      0.0050332131501938035
6965      0.006327795247781256
10568     0.002696955449818
10317     0.0010108391603464327
105       0.004667404773061558
2720      0.0031894873514168817
10110     0.002681768665973943
7889      0.005510307235390268
457       0.004774172875104707
368       0.003171867185731062
8994      0.005241621780318655
1726      0.0018947346818943816
9864      0.0045942454455574055
10659     0.004007145935742916
9507      0.0019481187329159562
6068      0.0022832054062092246
6954      0.0037863667058565765
3571      0.0021548120886785236
8447      0.0031894873514168817
4377      0.0037863667058565765
9264      0.0015198846525433332
5038      0.0045942454455574055
9255      0.0050332131501938035
4739      0.004680947734238605
1279      0.004484240020939382
9991      0.003163897623890628
7771      0.001626049226822769
9196      0.003204076959202341
6633      0.005888998115079905
7322      0.0024673537988938853
5209      0.002263747064322349
8283      0.004140797348106022
9499      0.005888998115079905
2357      0.0018258791533032365
374       0.0028641805227488186
11077     0.002981078721292029
9992      0.003242871402438456
516       0.003002067618688064
7880      0.003023539061497958
10988     0.001160703304425233
277       0.0050332131501938035
8339      0.004718959310025549
3226      0.004296820288210564
7475      0.0005525623548598945
6349      0.0020495791150567503
10385     0.001702023339385657
1974      0.005241621780318655
1317      0.004215554565867768
1985      0.0021808779654007887
9411      0.0028107964717272445
140       0.0038902477371997057
4174      0.004484240020939382
2509      0.005241621780318655
12063     0.0021808779654007887
825       0.0035681782311065184
6022      0.0016115688340077828
12045     0.0019143978634854994
3155      0.003836863686178131
10991     0.0050332131501938035
1094      0.0027440561841144085
9079      0.004718959310025549
11722     0.0033291450007351922
10395     0.0050332131501938035
10455     0.003114730133655135
8430      0.0029208018963452686
5186      0.002462565586331302
8408      0.0017675917741123244
5962      0.0050332131501938035
58        0.020132852600775214
569       0.013636831130411694
6403      0.0032360969296958905
967       0.002468951689151479
8822      0.0011230499381207804
1557      0.0035300518505464507
8034      0.0013757858014948365
6964      0.003114730133655135
10822     0.004680947734238605
876       0.00493713722524166
9589      0.001433337884314044
4067      0.005841603792690537
176       0.005921102311804573
10077     0.003299492776034906
5968      0.0032423948824445736
8959      0.0014373037782890341
11805     0.004071582975264299
4898      0.0036494439534493135
11836     0.0048061154388035114
4417      0.006359631686425885
12227     0.005241621780318655
21        0.005241621780318655
6703      0.04408245788312214
332       0.003114730133655135
7325      0.0027123932662204164
1885      0.002696955449818
3419      0.001283729785186427
9484      0.005241621780318655
8768      0.0026521164412736556
8985      0.0031389903710953267
324       0.0019689515660409706
4170      0.004071582975264299
4115      0.004071582975264299
3565      0.00349989981356724
7488      0.001290497688915859
11084     0.00276029949140569
3694      0.005962157442584058
497       0.002595495067677206
3675      0.0038902477371997057
5569      0.0022076922461741182
5144      0.003114730133655135
11657     0.003836863686178131
5989      0.0019689515660409706
10071     0.0052186637267755305
1955      0.004039447452225066
1865      0.005888998115079905
843       0.0028107964717272445
7257      0.005510307235390268
1444      0.0029404650779363867
7670      0.003692892095574662
939       0.005888998115079905
3701      0.003738460480671303
11138     0.0011373529225151076
8788      0.0045942454455574055
8322      0.003836863686178131
944       0.003639954928265271
9500      0.0011373529225151076
8157      0.0021294539709805493
7437      0.0029208018963452686
8015      0.004862930900629018
5753      0.0066582900014703844
4027      0.003261852696466278
11059     0.008431109131735537
10067     0.002303077786284305
338       0.0007761198712602651
1957      0.0033914325188756584
8800      0.0021986683438222727
7541      0.0023981394260521624
1061      0.007096095913274313
5897      0.007001107159592337
5790      0.0028107964717272445
492       0.004385836815432553
4818      0.0045942454455574055
7490      0.0017619484540560904
3378      0.004161428438150588
5724      0.003114730133655135
10712     0.003163897623890628
7888      0.0007644451363970431
11863     0.0015335016306395391
1101      0.0027768303057417996
10246     0.0021986683438222727
10673     0.0010841290303943367
971       0.0033291450007351922
2809      0.001469652176307558
8247      0.002004740106512406
4885      0.005888998115079905
9994      0.005888998115079905
9492      0.0023870864375523534
4729      0.0029015441702099428
11412     0.0009983360736526368
621       0.0016067915006874433
9701      0.0016211974412222868
12111     0.0014906116124684178
9047      0.00276029949140569
11739     0.0018259837010878401
8755      0.0020495791150567503
4073      0.0025946299876790585
6900      0.0013041824264553364
186       0.00263763604845867
10008     0.004527494128644698
10354     0.0029605511559022864
4835      0.0027936589885632114
7150      0.001681151708186995
4956      0.0067195392019633315
2877      0.001626049226822769
8893      0.0021129231566444397
670       0.0021294539709805493
1571      0.0027440561841144085
2270      0.0020419548553478263
2637      0.0030758351134556753
3616      0.005110347399815319
8550      0.0045942454455574055
7199      0.0024321055920376077
3653      0.0014862564647913472
10958     0.0014906116124684178
2836      0.004007145935742916
6150      0.002263747064322349
10718     0.0052186637267755305
9168      0.004718959310025549
4960      0.002581860276212649
4906      0.0011489551416263037
4794      0.0011696124336122338
1913      0.0016506935755691145
6756      0.0029404650779363867
4069      0.001433337884314044
7296      0.003836863686178131
6946      0.002981078721292029
3319      0.0033291450007351922
296       0.0050332131501938035
175       0.0038902477371997057
11666     0.003068022069798713
384       0.0016760058735291663
3318      0.003493421013344773
5075      0.002273425561584019
634       0.0024916140363340773
6011      0.0036183717650470565
747       0.0050332131501938035
12222     0.0050332131501938035
9543      0.002019448546362525
8462      0.005241621780318655
7201      0.002696955449818
54        0.004718959310025549
4639      0.005888998115079905
6815      0.01307274889968231
10544     0.0013041824264553364
9647      0.006536374449841155
6201      0.0032707530737596767
6138      0.0023981394260521624
10059     0.0028826755157852005
8968      0.004140797348106022
3888      0.0008472943007033232
442       0.004007145935742916
2613      0.0007780799278615999
6521      0.0024794051483949574
1828      0.003836863686178131
1011      0.0022260059040720313
10768     0.002542111016655632
5363      0.0020650169314591666
6696      0.005170116232563495
4873      0.002080714219075294
2513      0.005241621780318655
8912      0.004215554565867768
3167      0.0038902477371997057
2806      0.004385836815432553
758       0.0009884527366867248
