t_index   tf-idf
10848     0.01765869558963592
6989      0.011600246879901691
11678     0.055262074894111585
12208     0.01688771652503433
2226      0.018513178547385437
2366      0.02741297491521321
3634      0.01395586386617524
8805      0.015540412515609787
2813      0.019818620227840443
10988     0.019626437693008484
2658      0.029049631668855904
446       0.036327662436689306
7769      0.011985506862991473
8932      0.03182040957788
8686      0.01607414694020137
8261      0.01263676082710957
3340      0.01982761909664343
7426      0.006253317139744357
10711     0.055262074894111585
7217      0.008961299194509201
199       0.01765869558963592
9371      0.004842898651124992
103       0.016528733648747837
11910     0.014389833687533281
3993      0.01281746123682193
3385      0.018074384370717813
9588      0.026333627493629778
4757      0.02018173079021535
7497      0.04174125108613403
2110      0.031221724080767597
11784     0.028253201070753006
9027      0.030503386966518983
1520      0.0121182202946551
4966      0.010573313135311724
9264      0.003212483470148409
8259      0.005408637117217059
9913      0.017073519528337713
6743      0.016587442196569626
6182      0.018898438530475216
10958     0.006301221816343765
8904      0.020275178783895554
443       0.014992186747789805
11181     0.026965665789251816
1889      0.01688771652503433
1538      0.01601912049237977
12064     0.014570327564497122
4620      0.017263800140667983
