t_index   tf-idf
3037      0.02348398677048989
9900      0.008833497172619859
11682     0.00927325243773016
1522      0.010480263040034318
666       0.006010718903614374
6203      0.002150006826471066
9095      0.0052950777758196755
4896      0.005844356198747868
6399      0.006323331848801653
4065      0.01656179694843414
9497      0.01135910011756973
10526     0.0052950777758196755
10458     0.020001186608428312
5871      0.012571465448534453
10933     0.004509483898942057
631       0.0043812028445179025
1720      0.010101086366889554
8708      0.005970779141092261
1171      0.00987427445048332
7426      0.006656756955211735
9264      0.00455965395763
6505      0.003956454072688005
5351      0.0022547419494710285
2561      0.00818989858859686
7361      0.004269067017875284
8187      0.003360646318053224
11662     0.0083304909172254
2339      0.00144270116703313
8274      0.004116084276171612
4376      0.002167929671451994
12115     0.007862432670477983
11238     0.0035130097173413765
3653      0.013376308183122125
7475      0.0016576870645796838
4016      0.0015352678509087951
9930      0.004653876027183069
3259      0.003206745614159612
6332      0.007862432670477983
10874     0.006010718903614374
10273     0.010272619921509147
7571      0.006445230432315845
5004      0.007402061396681656
337       0.005319808200828641
1913      0.0024760403633536715
10885     0.0057431935904564985
2098      0.03766788445314392
10496     0.0034101383423760286
9577      0.004672095200482703
8932      0.0028227782690054843
9488      0.002576983454495282
7325      0.004068589899330625
3935      0.0038131665249834476
10145     0.004997395459139359
1567      0.005039654401472499
11757     0.003683183960921599
7144      0.027565472673344433
110       0.0031329943788063726
6535      0.0019718687907978975
3660      0.004864307103657683
3461      0.007827995590163296
9333      0.009568462054250645
687       0.004906129610639515
11033     0.00460203310469807
6114      0.004817756857060222
5759      0.0013062479000496951
2433      0.0059068546981229115
6607      0.0023472911552270413
5312      0.006010718903614374
6020      0.004640437632677956
9267      0.0020918677808798645
10571     0.003339008856108047
5272      0.003454616679426458
10298     0.006107374462896448
5214      0.011049551882764796
6076      0.003719107722592436
4069      0.002150006826471066
10450     0.0052950777758196755
7425      0.0030858886163037495
3055      0.006323331848801653
5812      0.031055980110795165
6388      0.0035320369258902214
12131     0.015261446334940464
3741      0.0059203036661942335
7337      0.011557897540276262
11995     0.0029746542694205572
2877      0.0024390738402341535
3044      0.007862432670477983
9975      0.008833497172619859
5963      0.0010787295478800038
11912     0.002965358210060174
6000      0.005352267346659778
10243     0.0017469420511517593
4049      0.0019718687907978975
2537      0.008833497172619859
7704      0.005352267346659778
7127      0.005755295529267197
1879      0.0022611536308759107
7944      0.006891368168336108
1436      0.0035806296563285303
5968      0.0024317961618334303
2613      0.0023342397835848
2011      0.012214748925792896
3155      0.005755295529267197
419       0.006010718903614374
3908      0.004568273641220118
9221      0.008216926654895281
7140      0.004372169568764802
10568     0.004045433174727
4930      0.004116084276171612
4536      0.0036655617167232046
2444      0.008265460853085401
3163      0.005352267346659778
11402     0.005352267346659778
6614      0.004116084276171612
1690      0.004269067017875284
8805      0.002757169962446898
449       0.003996505617331479
4084      0.006726360031409072
3604      0.007549819725290705
3001      0.005087148778313488
1094      0.004116084276171612
4086      0.007078438965038324
7227      0.002138184393934275
2592      0.005087148778313488
11138     0.0034120587675453224
1123      0.007549819725290705
9507      0.002922178099373934
7892      0.0033956205964835234
4937      0.0044462329086578985
10030     0.004352316255314914
8646      0.0044408267338534296
12137     0.00460203310469807
75        0.002832406828842459
2261      0.0025140088102937495
7535      0.009804561674761732
10769     0.0026095651541866555
6150      0.006791241192967047
7275      0.01121538144201391
4322      0.0018906315455777404
4480      0.004949239164052359
3578      0.004140449237108535
6229      0.003683183960921599
10958     0.0011179587093513132
4073      0.003891944981518588
4966      0.0018759103949746608
9701      0.0024317961618334303
12181     0.0026513876611684866
11958     0.004749793946810634
7097      0.0026770938859145364
3993      0.002274065703307117
11024     0.002274065703307117
2524      0.006314298573048551
3116      0.0044408267338534296
5298      0.008265460853085401
3251      0.00246856861262083
10345     0.002560972423748346
12084     0.0034381231404597744
3323      0.00547416593017397
8657      0.004823697015567296
7552      0.007230561753093495
8957      0.0052950777758196755
9047      0.004140449237108535
8428      0.006726360031409072
8264      0.003774781933694068
10504     0.004784231027125323
232       0.002568955066096267
11191     0.01289046086463169
11640     0.006010718903614374
10702     0.006445230432315845
1350      0.004352316255314914
3497      0.003516206814616853
9471      0.0028518647797131464
6973      0.0023002524459593086
488       0.002410187251031165
3128      0.009804561674761732
8822      0.0016845749071811706
6403      0.0016180484648479453
1148      0.006445230432315845
1083      0.0044408267338534296
3643      0.003121071328612941
2656      0.0033115383692611773
10237     0.0026944972145813303
4074      0.004140449237108535
3982      0.004471618081938043
10860     0.005087148778313488
1110      0.0032322181330177854
9589      0.002150006826471066
2042      0.005607690721006955
9617      0.005835371605799559
7135      0.0032451302054489917
3620      0.00547416593017397
853       0.004784231027125323
9459      0.003352948771535926
1649      0.002964000606355765
6372      0.006211196022159033
11037     0.003978174661910484
3650      0.004535308592246937
10910     0.0016592558456106192
5075      0.006820276684752057
9571      0.009804561674761732
9253      0.009804561674761732
8610      0.008833497172619859
604       0.009804561674761732
11855     0.0059203036661942335
418       0.008833497172619859
1225      0.009804561674761732
5186      0.0018469241897484765
