t_index   tf-idf
6822      0.010005587915011032
6114      0.002202809182431665
1508      0.0010399119680555115
10243     0.0023962479462701124
4254      0.006058371954672912
11936     0.0020851860755930988
8106      0.003006985118744465
9424      0.00867359678375448
7123      0.00114662839706217
3341      0.007541974328656152
4762      0.003110499255744581
6887      0.004122395708231097
9824      0.0011209286287248658
758       0.001016881687078157
12020     0.0024445036901163037
3573      0.004759408370931778
8261      0.0030753179004027716
3340      0.006031631915461221
7475      0.0034107278098652783
7981      0.0027745227525782525
127       0.006724367520301189
10306     0.005392376389044634
7151      0.002698827839898824
5093      0.005177973705398492
8259      0.007239436849372391
3233      0.006058371954672912
3325      0.005668789523133794
11074     0.003025035976195619
8706      0.002467112462642158
6566      0.002309245408359706
472       0.0023590404105673416
11675     0.004780410295818777
4406      0.029687106238887064
12100     0.005855799891775832
7111      0.0046132115259664
11082     0.006133635422127405
8882      0.019119681102116395
9056      0.003156261642602658
4414      0.005101430946918828
4305      0.0021487350828096803
1451      0.013855472450158236
6821      0.016106274112504124
8113      0.013641970632657633
6900      0.00268338419602536
3565      0.0024003737659421334
2738      0.011851313914573454
89        0.002874007587791799
10570     0.003593895511516193
9747      0.0033758951991278447
9202      0.0028003271625760265
7893      0.00433679839187724
8091      0.0033758951991278447
11238     0.0012046825358139675
953       0.001878500931428862
2241      0.0036315798904957954
5214      0.0025260774953223355
6009      0.0017401793986642565
4520      0.0027745227525782525
2613      0.004002291664332345
12171     0.001227815401573487
11882     0.006058371954672912
11785     0.005426994524483547
5710      0.0020401389900893204
9775      0.003732364897198688
3790      0.004281115539247839
7194      0.00433679839187724
6871      0.0022080120221635224
4937      0.0015247037629247217
7227      0.002932907796989492
10882     0.00302384186718148
11784     0.0034378895108217156
8822      0.003466050140881612
4421      0.004122395708231097
10881     0.0018068532036029953
3736      0.0017295034166083024
6185      0.0038952666332374075
5676      0.020943430127189147
1879      0.007753956035083322
6241      0.01628098357345064
4439      0.002698827839898824
1686      0.0024557415784554077
10807     0.004122395708231097
3656      0.002563275501980854
1527      0.003757001862857724
110       0.0021487350828096803
7170      0.00433679839187724
5239      0.006058371954672912
8536      0.002615224829081568
10769     0.0017897460128271311
12162     0.0037544058370662186
9791      0.002025580704002326
1053      0.006058371954672912
2085      0.003204313079977075
2575      0.006724367520301189
1538      0.0038984585269065818
10567     0.005177973705398492
9507      0.004008297392946547
11066     0.0021653015018197465
449       0.0027409662419751297
4137      0.0046789404957425194
9488      0.0017674001568441092
11739     0.007514003725715448
11912     0.001016881687078157
1747      0.0036708028262489624
10933     0.0015463938149026966
2053      0.008244791416462194
6513      0.003947215960338122
9538      0.005613106670504394
5601      0.003110499255744581
6099      0.0035576335287990043
2866      0.003281220394709845
1781      0.003424894746331558
11196     0.0018242705113461046
5394      0.006724367520301189
4700      0.010355947410796984
11184     0.010355947410796984
338       0.0007984419029558037
3563      0.0027435255967313173
10030     0.002984995661831025
9264      0.0027362967610777378
4347      0.001801116897013881
4790      0.010355947410796984
8863      0.0035576335287990043
2245      0.004511978139770215
10772     0.00222564239754245
11189     0.003799103593898712
11001     0.001320651217061258
9600      0.002853816098893455
5015      0.0021244090113462662
9446      0.004122395708231097
10544     0.00134169209801268
7776      0.005668789523133794
9371      0.0005892907650705189
5142      0.0019901217539267714
2647      0.002478619528318724
8659      0.0022995887592392413
1021      0.0032548946794450045
9739      0.002550715473459414
10673     0.0011153097325959439
6043      0.0038952666332374075
4419      0.002538317514348798
7425      0.0010582140166528343
4210      0.0026019718120700915
2261      0.0017242095822811113
2178      0.003204313079977075
8729      0.006724367520301189
6403      0.0011097235046523518
11691     0.0027745227525782525
8744      0.0046132115259664
10054     0.0029095978972905933
6102      0.0020183834531224106
5072      0.00433679839187724
6596      0.0026843790187506874
1597      0.01349413919949412
2877      0.0033456322587282635
8036      0.0020851860755930988
2402      0.0024557415784554077
5963      0.0007398366368203567
9539      0.0020623985609032496
5203      0.00345640014260282
5582      0.0020112397138963077
612       0.0028566948941812762
7097      0.0018360599660033324
815       0.005230449658163136
1955      0.0013852087502099232
11995     0.0020401389900893204
212       0.005101430946918828
67        0.0020929036150750045
497       0.0026701442621015507
3852      0.0027588991807032818
9474      0.002550715473459414
12012     0.001890979399023315
11220     0.0017242095822811113
2477      0.005392376389044634
6361      0.0013276137728891028
10553     0.002252709778996016
5436      0.0018420093874873613
10343     0.002698827839898824
4024      0.006058371954672912
1320      0.006724367520301189
12005     0.0019559249595377773
4469      0.00345640014260282
181       0.006058371954672912
1866      0.006058371954672912
11138     0.0011700644003750553
631       0.0030048072606206856
3700      0.0037116953167224426
5720      0.0037544058370662186
11856     0.0092264230519328
11414     0.0027134972622417735
10556     0.008377372050875659
217       0.0029095978972905933
7494      0.002576001893328401
5107      0.0020929036150750045
3993      0.001559646831914173
2637      0.003164299397692232
3419      0.001320651217061258
1617      0.0017954146339877514
8972      0.0036708028262489624
5764      0.0021653015018197465
3117      0.002927899945887916
3310      0.002563275501980854
1726      0.0019492292634532909
12013     0.0036708028262489624
7204      0.0019559249595377773
9509      0.002025580704002326
3972      0.006724367520301189
6989      0.0014115344654747634
3571      0.002216786772644941
11224     0.007115267057598009
2466      0.003799103593898712
2346      0.002513991442885384
5953      0.004330603003639493
7368      0.0019425799047370848
11927     0.0014269080494467275
1216      0.005177973705398492
4777      0.005392376389044634
9990      0.003364823405527101
2207      0.0038952666332374075
11077     0.0030668177110637026
10070     0.004511978139770215
8769      0.0018847199078311373
7165      0.0015867142133677388
10415     0.0023388116949924088
9213      0.00425989107714447
876       0.0016930448449390648
6022      0.0016579192650743783
10478     0.003593895511516193
891       0.005002793957505516
6853      0.003488973719639781
78        0.0020851860755930988
7153      0.0021653015018197465
3903      0.00151192093359074
6360      0.0016432498427314292
904       0.004726380823416357
5141      0.006724367520301189
5116      0.003364823405527101
8111      0.003133108028270435
1052      0.0026701442621015507
1942      0.00805015258807608
10901     0.0020112397138963077
1607      0.0017189447554108578
630       0.004002135393358104
8430      0.0030048072606206856
167       0.0030048072606206856
11970     0.003602233794027762
4970      0.002533391587708087
5351      0.0015463938149026966
3544      0.004854681591066107
8315      0.002309245408359706
5309      0.0040603852577880805
6311      0.0012569079825601737
1913      0.001698169275751412
8743      0.002806553335252197
11114     0.006724367520301189
11339     0.002874007587791799
1011      0.0022900281977732183
11884     0.0012312843707242994
4794      0.0012032517292692227
7754      0.0027904045769745435
10738     0.004726380823416357
8918      0.0035237879225214278
9992      0.003336139827729827
1802      0.002656117319555048
951       0.0046132115259664
8174      0.002965584324867518
6085      0.006724367520301189
11540     0.002379704185465889
158       0.002467112462642158
1536      0.0032292710676091302
8034      0.0014153548621572984
671       0.0026701442621015507
4322      0.0012966720777192466
8566      0.00207753003110304
2063      0.0013632040823878964
10522     0.0016288010215832927
3781      0.0038952666332374075
8965      0.004188686025437829
5543      0.006058371954672912
5467      0.005392376389044634
4902      0.005177973705398492
1668      0.002478619528318724
3424      0.00433679839187724
8686      0.0019559249595377773
10231     0.003204313079977075
1797      0.006724367520301189
12084     0.0011790024043612057
2803      0.002156982588383227
3404      0.005177973705398492
2660      0.002309245408359706
6387      0.0015867142133677388
10669     0.004511978139770215
635       0.002132449464123023
3011      0.006724367520301189
11500     0.006724367520301189
10317     0.0010399119680555115
3297      0.0040603852577880805
2144      0.003025035976195619
3898      0.0035576335287990043
3708      0.0021653015018197465
2744      0.002422414705809665
3429      0.003488973719639781
5801      0.0040603852577880805
5329      0.005177973705398492
2778      0.00425989107714447
2357      0.0009391966883694746
3634      0.001698169275751412
