t_index   tf-idf
3434      0.010721037457411419
1902      0.009645970096934178
5582      0.0048099489454028095
10891     0.012896053586498278
9264      0.005609098122481349
7490      0.004334952545693556
714       0.005360518728705709
1607      0.004110915499712739
5274      0.001477984117911262
2433      0.0064589945552666755
6513      0.003146634239987356
6399      0.0034572008344418204
10273     0.005616423590243096
9679      0.003988117934378295
6777      0.0017328205782004664
6645      0.009571244432792926
4623      0.008978790679121327
28        0.0018887674966881869
2809      0.001205270303321013
2025      0.01119431628580069
11802     0.004298684528832759
11872     0.0034656411564009328
3954      0.0025743042725914055
4891      0.0015700088298426053
7797      0.003150920929445852
3655      0.003767767428896285
6166      0.003708770505669483
8187      0.0009186952015842147
6132      0.004448449905934997
10874     0.0032862837039161477
1964      0.0029929302263737756
9949      0.0028649749051240197
8640      0.0014358110007941345
2659      0.014772078758623807
9258      0.007492935602001252
11934     0.002926283734505346
10882     0.001205270303321013
2876      0.004932297087451157
11814     0.007363519750113489
3342      0.004995290401334168
5432      0.0026594977109945005
12171     0.0009787875864395348
7447      0.0022263638584278217
9267      0.009149615690620925
4137      0.0074598980743408065
2787      0.002004098998561188
10910     0.0027215307520597454
9705      0.020375352030362965
5082      0.0029929302263737756
9196      0.001313841081154399
6973      0.0012576336124292516
12084     0.000939874932577187
7150      0.0027574446007299917
8893      0.0034656411564009328
4966      0.002051260043887636
5963      0.0011795631740486815
6900      0.001069567598415752
10503     0.0032762765745216514
1192      0.001104258121860468
118       0.0028625305628305594
4673      0.005522639812585117
12176     0.0011626153041702488
384       0.0013745021714128083
6607      0.005133405701025628
3940      0.0026823636319193117
4906      0.0037690591947529537
4817      0.006572567407832295
4907      0.00797623586875659
7135      0.0035484668913198848
232       0.0042136300025917605
10250     0.0016871759239147919
4480      0.010823732916093341
4138      0.002004098998561188
3730      0.008778203897992585
1327      0.0035238473263102506
716       0.004829601628769234
9870      0.003146634239987356
8036      0.0033245294750196847
587       0.0027659316193045184
4316      0.0021870786062126195
1184      0.005360518728705709
493       0.003767767428896285
6237      0.0033958920050604943
11967     0.004127767398307087
6616      0.0012397784573679146
12063     0.0017885507123657262
11823     0.002117398639222014
242       0.011610137984983494
7426      0.0012131655826664537
7140      0.005976069516389279
2890      0.004127767398307087
6847      0.002836067645532892
11927     0.0011374998912697016
12032     0.00451903503431477
9007      0.002379573261283286
2585      0.004298684528832759
9493      0.0014403838589568852
128       0.004924026252874602
11651     0.002926283734505346
1898      0.005032205511310058
1798      0.003941523243463196
10289     0.0015976635111215512
7484      0.0023640989679719897
10721     0.0034572008344418204
1753      0.0038700459949944977
233       0.002836067645532892
827       0.0035238473263102506
8048      0.00162635418610295
407       0.003767767428896285
739       0.005360518728705709
8584      0.0025544083106695554
9137      0.003988117934378295
6930      0.0047428535392700635
10918     0.003988117934378295
580       0.004012596571049786
4146      0.0019759012818343267
10920     0.0031904148109309755
3912      0.00451903503431477
9809      0.003596850298370612
2159      0.003767767428896285
814       0.00451903503431477
3888      0.0013897419746985724
1978      0.002637294664595876
5773      0.0031904148109309755
6145      0.012586536959949424
9866      0.004127767398307087
2418      0.0030659331984341375
6403      0.0008846473088233916
9364      0.010531887823297004
9701      0.009306874199609424
7411      0.0017463775952485988
3653      0.0024377751538905692
11033     0.002516102755655029
4001      0.001781358626968126
4896      0.0015976635111215512
12181     0.0014496123015206894
10094     0.001620529432046362
8410      0.002836067645532892
667       0.005859181933275736
2662      0.002395366634568871
116       0.0021750161290868607
2932      0.002926283734505346
2463      0.0017885507123657262
5313      0.002084800040114407
5436      0.0029368191998034826
10246     0.00360628141050214
7204      0.0015592206026650358
8386      0.0032862837039161477
8917      0.004728197935943979
6333      0.005360518728705709
11080     0.002395366634568871
3634      0.001353743408535517
11084     0.002263737678136941
10988     0.0009518995353751911
8959      0.0011787411938349221
11238     0.0014405198576399824
9553      0.0022772946951850736
6727      0.0010390917299061306
8974      0.0023489311165400366
11884     0.0009815529727819812
2822      0.00180314070525107
11958     0.0025968891067218633
3708      0.0017261310032143304
9589      0.00117548874110411
3993      0.0012433163457234676
8360      0.0034572008344418204
8318      0.0027302511910791256
9543      0.0016561615062761449
7887      0.0016622647375098424
3243      0.003146634239987356
4347      0.0014358110007941345
4165      0.0019759012818343267
10544     0.002139135196831504
537       0.005360518728705709
5387      0.001047283802297248
8962      0.004829601628769234
11466     0.005360518728705709
11845     0.0033391288950580227
2613      0.0031905393867340736
9507      0.0015976635111215512
8168      0.0033958920050604943
10958     0.0012224592589026705
4677      0.0019398498528351296
8491      0.0012504415270316513
2883      0.0019667281007306092
6098      0.0024448000095252088
217       0.002319467812302201
3565      0.000956762735631256
11766     0.002637294664595876
6246      0.004728197935943979
7475      0.002265798015959885
11794     0.002637294664595876
6696      0.001413347470982966
3096      0.0035343478703192713
8274      0.002250416447289594
471       0.002250416447289594
7557      0.0033958920050604943
10673     0.0008891005275720751
8918      0.0014045433341972535
7825      0.0028950160679084647
9017      0.010721037457411419
10100     0.003028562300603559
1165      0.010277547697671698
8418      0.0066246460251045795
332       0.0025544083106695554
6210      0.0012257880872857609
6114      0.0008780156529621802
4582      0.008047090895757935
8655      0.0035916219404098734
1045      0.002043387172654931
5764      0.0017261310032143304
4354      0.004127767398307087
9500      0.0009327497512690035
8212      0.0026594977109945005
7425      0.001687170142952667
7816      0.006131866396868275
9740      0.003146634239987356
9370      0.0036511207950387817
10099     0.0017532471611807403
3312      0.001361979525173057
2235      0.0025743042725914055
505       0.002379573261283286
6361      0.0010583446655130062
10553     0.0017958109702049367
704       0.0011161797861414145
1454      0.001913882909588734
5790      0.006915451636789252
7339      0.003970371311437109
11851     0.0017671739351596356
11276     0.00451903503431477
5710      0.00162635418610295
737       0.0014403838589568852
12111     0.0012224592589026705
8889      0.002033374592599039
457       0.001957663480532353
10822     0.0012796241601534103
6571      0.002117398639222014
5905      0.0031904148109309755
5588      0.0027302511910791256
10201     0.002106377564659401
7984      0.004127767398307087
8379      0.001905419271349283
2672      0.005360518728705709
12219     0.01608155618611713
6950      0.004350032258173721
2561      0.0014925741107966058
3252      0.0038700459949944977
10807     0.0032862837039161477
10119     0.0020638137556352044
11075     0.002084800040114407
10353     0.0018180140166035616
9266      0.0032368503289598102
10495     0.003146634239987356
1534      0.003028562300603559
11912     0.0032425433690252345
3461      0.002139928247751871
8685      0.0016322235747253974
6347      0.005985860452747551
10037     0.0068779973894124765
11001     0.002105588536549166
324       0.0016147486388166689
6036      0.0025544083106695554
11787     0.004127767398307087
6182      0.001833181868035515
11631     0.004829601628769234
1161      0.0021870786062126195
9529      0.0033391288950580227
3998      0.002211788860961852
10074     0.004829601628769234
2224      0.005360518728705709
9600      0.0045499995650788065
7372      0.003767767428896285
11666     0.002516102755655029
167       0.002395366634568871
4953      0.0019310960265008263
1996      0.005360518728705709
1328      0.004829601628769234
6327      0.004829601628769234
11552     0.0012019034782639918
6410      0.0032862837039161477
10992     0.0018255603975193908
449       0.0010925191722863832
11549     0.0009715403927260897
1579      0.005360518728705709
8938      0.005360518728705709
4794      0.000959205964073525
7951      0.003988117934378295
5711      0.0035238473263102506
6224      0.010721037457411419
3460      0.004829601628769234
6102      0.003218022295630792
3970      0.002462013126437301
208       0.0025518298896621493
1520      0.00117548874110411
10317     0.0016579901571819795
4083      0.0038700459949944977
6203      0.0035264662233123307
4758      0.0019759012818343267
5799      0.0011405946488826657
10571     0.0018255603975193908
1110      0.0017671739351596356
5759      0.0007141743368878404
12113     0.001833181868035515
3137      0.0017328205782004664
1600      0.003988117934378295
10282     0.005360518728705709
9233      0.005360518728705709
9408      0.005360518728705709
3879      0.004298684528832759
9157      0.003767767428896285
9029      0.0012984445533609317
967       0.0010124008249166117
2619      0.004298684528832759
4946      0.00451903503431477
5186      0.001009782184871301
4942      0.00451903503431477
2150      0.003172963078571078
3856      0.005360518728705709
7477      0.005360518728705709
8828      0.002305150545596417
11862     0.010721037457411419
5347      0.0029929302263737756
2088      0.001739569092932482
4790      0.004127767398307087
3425      0.003146634239987356
9892      0.007847151420152645
3573      0.0018970481337400032
7256      0.002619925675183795
2925      0.0035238473263102506
11817     0.0027059332290233352
2707      0.0027302511910791256
4767      0.0027813335472260687
11027     0.0013661310338035284
8315      0.0018408799375283723
7552      0.001317739061410337
2340      0.002305150545596417
9509      0.0016147486388166689
4664      0.0015485822168274466
4073      0.001063935576958344
6580      0.0018970481337400032
4998      0.0033391288950580227
5593      0.0034572008344418204
5604      0.00451903503431477
12036     0.002043387172654931
4322      0.0010336786228026446
4757      0.001957663480532353
9744      0.0027813335472260687
11995     0.00162635418610295
10868     0.005360518728705709
7290      0.003988117934378295
8595      0.002516102755655029
4667      0.00451903503431477
6871      0.0017601788959751535
