t_index   tf-idf
338       0.004893501561166417
11835     0.005913887007886218
8830      0.005451018152600508
3578      0.004350980554249647
2365      0.004227194676874181
2261      0.010567359066997455
2177      0.0033565969373083237
4970      0.013585849124590488
9539      0.03476015472817274
815       0.0040070563482876905
10958     0.0011748040674539224
346       0.007260550309303064
2883      0.0037801180783534082
11074     0.004634970377086168
9474      0.023449289369565866
12171     0.001881262920377004
7775      0.004836034787987802
11053     0.01546678148438898
1508      0.0015933566425799701
8882      0.0227851868199986
6360      0.0025177929793715457
4376      0.0022781633835597223
7148      0.008270306329723854
6148      0.012264170832527885
7063      0.01652443476507237
8874      0.0014788804967998468
2178      0.004909659363219111
8519      0.013977138270023315
113       0.0060479376748231554
3668      0.0058209994048888745
2898      0.009282658045803919
3152      0.006527019548709492
11015     0.014508104363963405
7256      0.0025177929793715457
4421      0.006316348678374426
3682      0.004113014632119698
3420      0.007933708863864809
5203      0.005295908015106694
6114      0.005062727544707351
5582      0.0030816283073936642
612       0.01313111280172817
6821      0.008226029264239395
1092      0.006913268200597076
8157      0.0033565969373083237
2625      0.0027862039829228166
6387      0.002431168896414298
6233      0.006229425003188387
11080     0.004603975870510338
11411     0.00868573852358127
1871      0.005200895392732987
7494      0.003946958833167583
4419      0.0038892186999513784
6596      0.008226029264239395
1597      0.004135153164861927
2877      0.002563094543974873
8036      0.0031949291734511207
2402      0.0037626955710570995
5963      0.0011335802028569532
6900      0.0020557451806838354
10317     0.004780069927739911
12012     0.017384190271699084
11995     0.0031259078763402467
9371      0.0018058266156737257
67        0.0032067540136064476
497       0.0040912040897284774
2656      0.0034799216761727627
10882     0.002316570379603439
12111     0.002349608134907845
5710      0.0031259078763402467
3846      0.007816429789855289
10386     0.0060479376748231554
7051      0.010303098709071652
11590     0.0058209994048888745
5072      0.006644857197045805
6166      0.0023761275443102787
7475      0.0026129643560323826
9596      0.0030072060162477307
11170     0.004180454729465254
953       0.005756490989870139
3565      0.0036778608210367605
8113      0.004180454729465254
9849      0.008252821165042001
7447      0.002139573402929788
12005     0.0029968748532578824
9154      0.006417918927111522
2711      0.005564319018657964
5030      0.009974321322773844
198       0.004800558741621141
5436      0.008466999082823261
3797      0.004135153164861927
11234     0.004800558741621141
1527      0.0028782454949350697
4436      0.006644857197045805
6772      0.006644857197045805
37        0.006913268200597076
6672      0.0060479376748231554
4408      0.007241776719268452
11863     0.0024172144347369006
1444      0.004634970377086168
6892      0.00706837833809089
2738      0.020752712404405623
3643      0.0032797698707458024
8311      0.004203639219398493
7049      0.003218674602497421
2682      0.0029968748532578824
3903      0.002316570379603439
8069      0.005892827537329342
7488      0.002034174323206354
3962      0.004800558741621141
4891      0.009052830574787361
329       0.006559539741491605
3603      0.005451018152600508
7203      0.007438359590379255
3634      0.002601940720812333
6229      0.0038704645013074427
2346      0.007703892421587752
4849      0.004300210534013535
1942      0.0020557451806838354
7207      0.0014788804967998468
12191     0.003662280430017097
1852      0.01413675667618178
9076      0.012264170832527885
2063      0.0020887059160655226
11729     0.008502266333324543
5735      0.00797350006139445
1571      0.004325376696993898
7484      0.0045438783553902315
5145      0.004987160661386922
11518     0.018565316091607838
3159      0.004603975870510338
5299      0.0032067540136064476
10362     0.005564319018657964
8097      0.010303098709071652
902       0.0038892186999513784
7165      0.002431168896414298
7981      0.0042511331666622715
6020      0.0024381960442884172
758       0.0015580695679977186
6068      0.003598950894533184
10910     0.001743624786912854
3137      0.0033305398909819137
11183     0.00622133605600072
2105      0.005752513350352308
10243     0.00367153922614946
1045      0.003927459413204562
1855      0.008262217382536186
11027     0.0026257501564969513
4873      0.0032797698707458024
5559      0.0045147252307735615
9104      0.00868573852358127
8373      0.0042511331666622715
5120      0.0058209994048888745
5198      0.005295908015106694
3031      0.0049479000764722945
10902     0.003437655098004633
9029      0.0024956544466293164
8247      0.0031600140661975215
10223     0.00314855731822674
3720      0.0040912040897284774
3573      0.003646190819764684
10901     0.0030816283073936642
967       0.0019458687041617588
9902      0.007665297860313536
3289      0.0045736204716868584
6403      0.0034006442312058513
1955      0.0021224215426945267
1171      0.002594089050550703
2339      0.0030321177069848834
2764      0.00511164475299621
10903     0.002868778036683646
11784     0.005267545962343781
3696      0.0033831235051454646
7771      0.002563094543974873
337       0.0027951534614523363
10740     0.003267346297571547
8648      0.004325376696993898
2729      0.003946958833167583
8707      0.00622133605600072
7217      0.0016707506972813767
1562      0.005397478263843789
8159      0.0022593292074780695
11224     0.005451018152600508
11901     0.009207951741020676
6210      0.0023560062559017845
6696      0.0027165017493130227
8556      0.007241776719268452
2613      0.0012264649710360812
7769      0.002234586025303495
6691      0.00868573852358127
4906      0.0018110648842584109
2466      0.0058209994048888745
904       0.007241776719268452
9979      0.006644857197045805
6965      0.004987160661386922
3266      0.0031600140661975215
11936     0.0031949291734511207
1985      0.003437655098004633
4978      0.0032067540136064476
3862      0.004765917503717121
