t_index   tf-idf
8882      0.03255026688571228
9429      0.003116975413366826
5142      0.0019057945609637725
11681     0.0037851105232961824
11196     0.003493941826815421
4049      0.0025901666319802894
4414      0.004885268618659556
4305      0.002057686986080457
316       0.010785962531910578
2682      0.013111327483003237
9538      0.010750526335033839
1747      0.0035152603336112945
9076      0.011497660155494893
11729     0.005313916458327839
11225     0.0046489747439870345
4263      0.004314511949602539
2738      0.03404741878847797
3022      0.0046489747439870345
1720      0.002211396026649549
8762      0.004079387217943433
2261      0.008255749271091762
9539      0.011850052748240705
12012     0.005432559459905965
11238     0.0023072733313047175
9474      0.03175424602128711
12005     0.0018730467832861765
9154      0.012033597988334106
2711      0.006955398773322455
3903      0.0014478564872521494
10806     0.005801661278627449
4739      0.004611526899196931
3859      0.003022521742492376
2083      0.0024074663817461725
10673     0.002136101691243079
11572     0.011843153771952051
3962      0.0030003492135132134
8949      0.01129540535568261
2190      0.0046489747439870345
6306      0.004526110449542783
6033      0.0027254863223745798
10275     0.003947717923984017
4848      0.003250559620458117
1936      0.0035953208439701923
8682      0.004790811162695961
6232      0.0036581477123748133
3252      0.009297949487974069
8959      0.0014159878324245781
4970      0.008491155702869055
8876      0.0025303306761904243
9747      0.0016164243961925698
7771      0.006407736359937182
10619     0.003683017210830839
4787      0.007010394192984571
7484      0.0028399239721188948
9654      0.004011199329444702
2244      0.00591509085885572
5723      0.004790811162695961
8855      0.012180967185154023
437       0.004233096258512526
7326      0.005163885864085116
6243      0.005163885864085116
3509      0.005163885864085116
3939      0.005163885864085116
6084      0.005163885864085116
4096      0.005163885864085116
539       0.0032622931142297492
7165      0.0015194805602589364
7199      0.0023960362294438296
4210      0.004983437538371531
9596      0.001879503760154832
8941      0.0046489747439870345
338       0.0007646096189322526
639       0.0031681060907327576
7475      0.0032662054450404788
7985      0.004320792625373172
1505      0.003250559620458117
9202      0.004022503847937598
10484     0.003250559620458117
6522      0.004526110449542783
6486      0.004526110449542783
927       0.002166060974316434
5963      0.0007084876267855958
10166     0.0033734239149023682
6229      0.0024190403133171516
8285      0.003947717923984017
9600      0.0013664458439616967
1955      0.005306053856736316
8519      0.01310356712814686
460       0.0038325533851649644
11936     0.0019968307334069504
1985      0.002148534436252896
3857      0.0015689852600983697
10690     0.003947717923984017
3634      0.003252425901015416
11910     0.0016767814678269714
11863     0.0015107590217105628
10243     0.0011473560081717064
10910     0.004359061967282135
4963      0.004417736461306806
4067      0.005754969838137923
2105      0.0035953208439701923
902       0.0024307616874696117
7426      0.0007286704294193636
3537      0.0026272745121240578
6403      0.0010627013222518284
4620      0.0020116716265608883
11784     0.009876648679394591
12111     0.002937010168634806
1623      0.0028968564856788554
47        0.0046489747439870345
815       0.005008820435359614
9264      0.0003743359975808527
10553     0.0021572559748012695
6203      0.0014120807546737935
2346      0.0024074663817461725
337       0.0017469709134077104
1092      0.004320792625373172
6821      0.002570634145074811
5965      0.0035393819344076796
4419      0.0024307616874696117
6596      0.002570634145074811
1597      0.0025844707280387046
7163      0.008835472922613613
5582      0.0019260176921210403
612       0.0027356485003600353
11024     0.0014935601017483182
449       0.0013124118023016512
11503     0.0033411358501635193
11220     0.0016511498542183525
3785      0.0019057945609637725
5626      0.0026272745121240578
7516      0.0019466953134963712
8113      0.005225568411831568
7488      0.0038140768560119146
3668      0.01091437388416664
4966      0.003696179379928887
6241      0.005197037129378312
10059     0.0028399239721188948
3659      0.003092437547795184
4999      0.002442634309329778
6132      0.0017812648987748187
4770      0.005197037129378312
11224     0.0034068863453753174
6068      0.0022493443090832402
2109      0.003045241796288506
11378     0.004079387217943433
4347      0.0017247983844285472
10958     0.0007342525421587015
12064     0.005093440779961918
487       0.0022493443090832402
1089      0.004320792625373172
758       0.0019475869599971485
10769     0.0017139093173683543
110       0.002057686986080457
2104      0.00388833503500045
1508      0.0009958479016124813
1538      0.0018666348031374735
6086      0.004958568039915505
10013     0.003947717923984017
341       0.0023735932771187782
11927     0.0013664458439616967
9729      0.004460349088601238
5932      0.006000698427026427
9113      0.0034068863453753174
9213      0.004079387217943433
1094      0.0027033604356211864
4794      0.0011522664865035778
3797      0.005168941456077409
7663      0.0034068863453753174
6360      0.001573620612107216
7892      0.002230174544300619
8706      0.00236257379897088
4073      0.0025561503056583945
12171     0.0011757893252356275
208       0.0015327198595746173
2023      0.0037799610467644726
7453      0.004958568039915505
7322      0.0024307616874696117
8347      0.0021749510476079766
11549     0.001167083480245112
9543      0.001989499097581725
2720      0.0031421856322221397
8106      0.001439785247534426
8072      0.004958568039915505
10967     0.0035544200914375936
10890     0.0037799610467644726
1603      0.004526110449542783
11786     0.0029368678080525287
1334      0.001989499097581725
7207      0.0036972012419996167
3429      0.0033411358501635193
5569      0.0021749510476079766
11624     0.004417736461306806
8743      0.0026876315837584598
9056      0.003022521742492376
198       0.0030003492135132134
1527      0.0017989034343344186
11234     0.0030003492135132134
1522      0.0034416118034011002
9581      0.0032426113131883783
11334     0.004011199329444702
8408      0.0017413774893267602
2137      0.0021572559748012695
4754      0.0024917187691857654
6514      0.0030003492135132134
3993      0.0014935601017483182
4376      0.0014238521147248266
6442      0.0034416118034011002
1958      0.003250559620458117
9824      0.0010734316529314393
5209      0.004460349088601238
3340      0.00808647600869462
2613      0.0022996218206926527
11570     0.004233096258512526
1649      0.0019466953134963712
2637      0.0030302189147391714
10611     0.0030685371020119446
11794     0.0031681060907327576
11892     0.004417736461306806
10880     0.004790811162695961
3137      0.002081587431863696
2226      0.0021572559748012695
8651      0.0024791999988244937
904       0.004526110449542783
7597      0.0016872374374784804
5342      0.002148534436252896
4518      0.0016019340899842956
8182      0.006137074204023889
6740      0.003203868179968591
3080      0.0028968564856788554
3736      0.0016562193735316793
6028      0.00200422125850403
11558     0.0030685371020119446
3262      0.004153035748153628
2685      0.002026755823855269
5203      0.006619885018883367
8226      0.002752227605258249
1571      0.0027033604356211864
10901     0.0038520353842420806
1726      0.0018666348031374735
9507      0.0019192271415379653
11425     0.0032797720875886957
5145      0.003116975413366826
10823     0.0030003492135132134
24        0.003250559620458117
4891      0.001886006369747367
3264      0.0034776993866612277
12191     0.0022889252687606854
4849      0.0026876315837584598
9099      0.0028968564856788554
1942      0.0012848407379273971
3888      0.0016694569907925647
5898      0.003250559620458117
7425      0.0010133744396760194
2581      0.003730212962337517
7814      0.002752227605258249
6979      0.004958568039915505
10805     0.00397899819516345
9013      0.003730212962337517
6007      0.003947717923984017
10725     0.0029786984398232005
329       0.0020498561692161264
3261      0.003194777970622631
5540      0.003730212962337517
5592      0.004011199329444702
2321      0.008158774435886865
5385      0.003194777970622631
836       0.004320792625373172
6882      0.0020735514381833168
3798      0.0030685371020119446
4095      0.0067468478298047365
5985      0.004790811162695961
1168      0.0035152603336112945
11867     0.002211396026649549
7981      0.0026569582291639197
11008     0.0030003492135132134
1992      0.010327771728170232
7445      0.004079387217943433
5727      0.0026272745121240578
8060      0.002557002556080298
4651      0.004958568039915505
10486     0.0030685371020119446
413       0.004958568039915505
3589      0.005163885864085116
1271      0.004790811162695961
1611      0.004958568039915505
5996      0.002504410217679807
