t_index   tf-idf
8882      0.03146241392950565
9429      0.0019281944890028075
5142      0.0011789449970837492
11681     0.0035122650727309264
11196     0.0032420849454591317
4049      0.002403457372794292
4414      0.004533119504601527
4305      0.002545814567313173
316       0.00889641645270737
2682      0.013904242438444172
9538      0.013300782254615916
1747      0.0021745778210544315
9076      0.004741717425420349
11729     0.008218114575133486
11225     0.002875905739399581
6028      0.0024796656199578037
2738      0.03410054151641356
6011      0.0014701117262969693
9371      0.0003490949224270964
12111     0.0036337321090317916
8762      0.0025235527744027525
2261      0.005107095224056764
9539      0.01343937830250453
3565      0.0007109888218911169
3857      0.001941182287723278
8932      0.0022937385672128444
12181     0.0010772348295704204
2063      0.0008075599544421091
10243     0.0028390670293947334
4937      0.0009032321111952481
12012     0.004480852887856033
11008     0.0037120965367712627
2599      0.0026186388388177093
10068     0.0012398328099789018
2551      0.0023075498272913607
6774      0.0018982300290296696
9264      0.0013894096266696917
1011      0.0013566091027437674
2339      0.0011723128749155185
10317     0.0012320844287315629
6022      0.0009821487651554641
4641      0.0010772348295704204
7475      0.0026940130538385424
9474      0.036264956036812214
12064     0.008402285882540935
5601      0.0018426548670990178
6099      0.002107536507230865
2186      0.005047105548805505
3340      0.0071462585210706996
11675     0.002831907540904439
8259      0.0015595021832080643
5582      0.0023829104867133188
9166      0.0027328592526039484
497       0.003163578522856883
10484     0.004021662230291563
2866      0.001943789801322215
1781      0.002028902261260635
1623      0.003584053109411323
10943     0.0013510012416962248
1295      0.0013028717436297246
11784     0.008146401357228914
4073      0.002371893075237409
12005     0.0011586868698703478
9154      0.009925484055034857
2711      0.0043026844312034065
3903      0.0008956595832018539
10805     0.003692176569037644
5203      0.010237830042309794
4739      0.0028527401001585202
3859      0.0018697644331014437
2083      0.0014892845769124423
9095      0.0021513422156017033
4437      0.003358181997977031
6772      0.005138225093390596
4132      0.0061348469589518175
612       0.003384603124953963
6821      0.004770665726639491
11927     0.0008452980843380352
10673     0.0019821231944955435
11572     0.009768402936411302
3962      0.0037120965367712627
8949      0.009782442803453565
2190      0.002875905739399581
6306      0.005599801132855029
5191      0.0029636472723361643
8959      0.000875945290831456
4970      0.006003108768776175
8876      0.001565289749884509
10501     0.001397491829064795
1043      0.0017568074899608366
1571      0.003344655637256094
338       0.000945991455140297
3727      0.003194435292068381
4787      0.004336705188844977
11238     0.0014273040791295238
9654      0.0024813710137587142
2244      0.005488708162607928
5723      0.0029636472723361643
8855      0.013186735117873164
437       0.0026186388388177093
7326      0.003194435292068381
6243      0.003194435292068381
3509      0.003194435292068381
3939      0.003194435292068381
6084      0.003194435292068381
4096      0.003194435292068381
539       0.0020180895804933706
8252      0.003358181997977031
9575      0.001913015101650494
7771      0.004954868220659158
9507      0.0035617636073627243
2579      0.0013454480923603736
3720      0.003163578522856883
9309      0.0027999005664275144
4281      0.003194435292068381
12171     0.0014547118257174738
11666     0.0037395288662028874
485       0.0009880167892114854
6232      0.002262969489175507
9081      0.0014159537704522196
9817      0.003358181997977031
11024     0.000923932330308265
7488      0.005505334177485087
7445      0.005047105548805505
7883      0.00421507301446173
10594     0.0029636472723361643
6203      0.003494113322181025
5427      0.0043976049361953975
8519      0.012159011175266023
9202      0.0024883641103886577
7165      0.0009399670045114258
7199      0.0014822137618577817
4210      0.004624212027741866
9596      0.0011626812251547584
8941      0.005751811478799162
639       0.001959824475525376
7985      0.002672888753835042
1505      0.0020108311151457816
6522      0.0027999005664275144
6486      0.0027999005664275144
927       0.0026798971949603062
5963      0.0004382780600823083
10166     0.0020868362881178476
6229      0.0014964443353678843
8285      0.004884201468205651
9600      0.0008452980843380352
1955      0.0032823819402090977
460       0.0023708587127101743
11936     0.0012352609517274976
1985      0.001329106492675448
10690     0.0024421007341028254
3634      0.002011985616355539
11910     0.0010372750364539063
3252      0.002875905739399581
11863     0.0028037153011037444
10910     0.0026965625800225005
4963      0.0027328592526039484
4067      0.0035600861908271293
2105      0.0022241041131768426
902       0.001503695303388803
7426      0.0004507633586971686
3537      0.0016252602486534146
6403      0.0013147969177008205
4620      0.0012444416877283606
47        0.002875905739399581
815       0.0030985101513626967
10553     0.002669003460304585
2346      0.0014892845769124423
3781      0.0023075498272913607
1092      0.002672888753835042
5965      0.002189499702543152
4419      0.004511085910166408
6596      0.0015902219088798307
1597      0.004796344103411278
11993     0.0018167779887297425
5517      0.0016923015624769814
67        0.0012398328099789018
3852      0.0016343675356197684
2625      0.0010772348295704204
5033      0.001533659763361941
3785      0.0011789449970837492
5626      0.0016252602486534146
7516      0.001204246642162893
8113      0.0032325927790098296
3668      0.004501165988052996
4966      0.002286496287452732
6241      0.0032149430210570945
10059     0.0017568074899608366
3659      0.001913015101650494
4999      0.0015110398348671759
6132      0.0011019096097270177
4770      0.0032149430210570945
11224     0.002107536507230865
6068      0.0013914685634171552
110       0.002545814567313173
10958     0.0009084330272579479
2109      0.001883819302553309
11378     0.0025235527744027525
4347      0.001066978817103898
487       0.0013914685634171552
2133      0.0017683067354490477
11786     0.003633555977459485
3846      0.0015110398348671759
7568      0.0018042677424568324
2366      0.0009880167892114854
1089      0.002672888753835042
758       0.001204798224270844
10769     0.0021204854463902053
2104      0.0024053658407866482
1508      0.0012320844287315629
1538      0.0011547203500404815
6086      0.0030674234794759087
4263      0.0013345017301522925
1913      0.0010059928081777695
11478     0.003358181997977031
9113      0.002107536507230865
9213      0.0025235527744027525
1094      0.001672327818628047
4794      0.0007128044320179407
3797      0.003197562735607519
9729      0.0013796099409041837
7663      0.002107536507230865
6360      0.0009734586224306763
7892      0.0013796099409041837
8706      0.0014615135427447647
208       0.0009481569773515326
2023      0.0023383245269630814
7453      0.0030674234794759087
7322      0.001503695303388803
7415      0.002672888753835042
5532      0.0018295693875359763
3207      0.006388870584136762
11074     0.0017920265547056616
2277      0.0022783540281941755
8106      0.0017813332551408888
8874      0.0005717821055779224
7305      0.0029636472723361643
7219      0.003194435292068381
1429      0.002875905739399581
8920      0.0014159537704522196
3379      0.0027328592526039484
6672      0.0023383245269630814
8347      0.0013454480923603736
11549     0.0007219703835854429
9543      0.0012307255230125482
2720      0.001943789801322215
8072      0.0030674234794759087
10967     0.0021988024680976988
10890     0.0023383245269630814
1603      0.008399701699282542
1334      0.0012307255230125482
7207      0.0022871284223116898
3429      0.002066862544268914
5569      0.0013454480923603736
11624     0.0027328592526039484
8743      0.0016625977818269895
9056      0.0018697644331014437
198       0.0018560482683856313
1527      0.0011128209973864293
11234     0.0018560482683856313
1522      0.0021290180487618863
9581      0.0020059142068478567
11334     0.0024813710137587142
8408      0.0010772348295704204
2137      0.002669003460304585
4754      0.0030828080184945776
7888      0.00046588071877408263
11053     0.001993316093444626
1822      0.0018697644331014437
10768     0.0015492550756813484
5363      0.0012584965571802258
7256      0.0019469172448613526
3419      0.0015647034078943346
6210      0.0009109067437628131
4193      0.0014350346618951094
9777      0.003194435292068381
8491      0.0009292271898125117
11958     0.0009648991635067475
3801      0.0014822137618577817
11220     0.002042838089622706
3768      0.0017683067354490477
4376      0.0008808102203802335
6442      0.0021290180487618863
1958      0.0020108311151457816
9824      0.0006640363567282299
5209      0.0027592198818083675
2613      0.0014225707724337246
11570     0.0026186388388177093
1649      0.001204246642162893
2637      0.001874525986575215
5932      0.0018560482683856313
10611     0.0018982300290296696
11794     0.001959824475525376
11892     0.0027328592526039484
10880     0.0029636472723361643
3137      0.001287692356277411
6033      0.000843007564980866
2226      0.0013345017301522925
8651      0.001533659763361941
904       0.0027999005664275144
7597      0.00104374321165117
5342      0.001329106492675448
4518      0.0009909736441318317
8182      0.0037964600580593392
6740      0.0019819472882636633
3080      0.0017920265547056616
3736      0.0010245551039409603
11558     0.0018982300290296696
3262      0.002569112546695298
2685      0.001253772934285304
8226      0.0017025575749435038
10901     0.0023829104867133188
1726      0.0011547203500404815
11425     0.002028902261260635
5145      0.0019281944890028075
10823     0.0018560482683856313
24        0.0020108311151457816
4891      0.0011667038093325782
3264      0.0021513422156017033
12191     0.002831907540904439
4849      0.0016625977818269895
9099      0.0017920265547056616
1942      0.0023844488661929147
3888      0.0010327440362438932
5898      0.0020108311151457816
7425      0.0006268843191704865
2581      0.0023075498272913607
7814      0.0017025575749435038
6979      0.0030674234794759087
9013      0.0046150996545827215
6007      0.004884201468205651
10725     0.0018426548670990178
329       0.0012680630561861229
3261      0.0019763239870693077
5540      0.0023075498272913607
5592      0.0024813710137587142
2321      0.005047105548805505
5385      0.0019763239870693077
836       0.002672888753835042
6882      0.0012827212042234933
3798      0.0018982300290296696
4095      0.004173672576235695
5985      0.0029636472723361643
1168      0.0021745778210544315
1052      0.003163578522856883
7182      0.0027999005664275144
5323      0.0026186388388177093
2081      0.0024421007341028254
6549      0.002875905739399581
6388      0.0014350346618951094
5120      0.002250582994026498
3312      0.0020242264502572044
4436      0.002569112546695298
922       0.002028902261260635
6458      0.001454777448835969
2617      0.005465718505207897
4783      0.0027328592526039484
4993      0.0030674234794759087
2762      0.0010277085374480093
10351     0.0015902219088798307
4063      0.0024053658407866482
685       0.0030674234794759087
11867     0.0013679933480715428
7981      0.0016436229150266974
1992      0.006388870584136762
5727      0.0016252602486534146
8060      0.0015817892614284415
4651      0.0030674234794759087
10486     0.0018982300290296696
413       0.0030674234794759087
3589      0.003194435292068381
1271      0.0029636472723361643
1611      0.0030674234794759087
5996      0.0030985101513626967
9414      0.003358181997977031
132       0.001913015101650494
4772      0.0020108311151457816
6726      0.003358181997977031
3031      0.003826030203300988
2357      0.0005563786410786402
912       0.0023708587127101743
7317      0.0031804438177596614
5575      0.003358181997977031
11806     0.003358181997977031
7668      0.0027328592526039484
7984      0.0030674234794759087
6601      0.002875905739399581
4705      0.0030674234794759087
2647      0.0014683303103539492
9123      0.0022783540281941755
5785      0.003358181997977031
6311      0.0007445903120802078
11484     0.0024421007341028254
11467     0.0026186388388177093
9341      0.0029636472723361643
3796      0.0027328592526039484
4525      0.003358181997977031
6668      0.0018167779887297425
4013      0.003358181997977031
7175      0.0014683303103539492
10303     0.002672888753835042
5435      0.0015414040092472888
5568      0.003194435292068381
5586      0.0024813710137587142
8584      0.0018982300290296696
