t_index   tf-idf
6821      0.030333482911882773
8882      0.04801164365642562
9539      0.06991531121462016
11835     0.014538305561053622
5387      0.014845247897563491
313       0.02955204056862172
11785     0.03066251906333204
4102      0.030172630161747524
1846      0.04522412994494658
1200      0.09044825988989316
83        0.02305357058800932
2666      0.0684596030878039
1763      0.04995053585044781
1955      0.015652858877372135
3340      0.013631488128942361
9370      0.025877318634837367
5582      0.022727008767028278
612       0.03228065230424842
6229      0.02854467569714239
9474      0.02882308485009138
5965      0.04176470682601062
2738      0.019131406747811434
6596      0.030333482911882773
1597      0.03049675459085671
9371      0.006658985645296864
8113      0.03083085362980625
7488      0.015002035633646863
11503     0.03942540303192953
6241      0.03066251906333204
2739      0.07598535297940344
10418     0.04020125887542875
813       0.07598535297940344
1259      0.04522412994494658
11934     0.04148007193661328
11867     0.02609447311446468
