t_index   tf-idf
10848     0.007708160773253774
5587      0.007708160773253774
322       0.02412233427917569
963       0.03299727362463927
12208     0.022114866878021146
8382      0.022035018258792866
2729      0.009240895680828866
8904      0.008850276453287741
8259      0.004721826054713305
9913      0.0074527267782426515
6743      0.021721650495507845
10354     0.010925843551544152
7762      0.03038062203840952
1399      0.025681434850725816
10988     0.0042835479091883595
11024     0.005594923555755605
9039      0.011967739699475252
8101      0.011318702511863264
8917      0.010638445355873953
10742     0.009381600180514831
4196      0.010779149855559918
3312      0.006128907863278757
4016      0.0075544925997099435
2463      0.008048478205645767
758       0.003647861290153389
10385     0.006281276609637543
9371      0.004227927393839278
10674     0.007398445631176736
2261      0.006185259771357638
341       0.00889155576825447
1913      0.0060918453384098264
6403      0.003980912889705262
109       0.009681509393922766
5299      0.015015752920855588
11138     0.004197373880710516
67        0.007507876460427794
8932      0.0069449306618388894
3340      0.00865491309774118
5963      0.002654017141609533
6900      0.004813054192870884
2682      0.007016492711992661
2744      0.008689932119253719
10317     0.0037304778536594537
6361      0.004762550994808527
11884     0.004416988377518916
10903     0.006716583498584726
10131     0.01857495329238189
9070      0.014356866649189389
1942      0.004813054192870884
6535      0.004851423215455145
506       0.014159854079943102
1617      0.006440693766368758
6727      0.004675912784577588
5362      0.015026080027761103
7888      0.011284666299194446
10144     0.013314970501258287
10958     0.0027505333325310087
11412     0.00368433550990854
10243     0.004298032030611471
10223     0.0073716222926737155
3580      0.028319708159886204
3846      0.009150185666695676
4113      0.011407572443239481
967       0.004555803712124752
2737      0.00889155576825447
9264      0.0014022745306203372
7497      0.006073462459622677
1538      0.006992473230800694
75        0.00696861997572351
11283     0.021733207329461553
8874      0.006924916611999282
1917      0.02049565225666566
12064     0.006360063619423347
7402      0.010925843551544152
338       0.005728503811682909
10415     0.008390022905845784
2882      0.008016113821356568
8491      0.0056269868716424315
11958     0.005843000490124192
212       0.009150185666695676
11835     0.009230670197494363
9563      0.009381600180514831
9029      0.005843000490124192
4116      0.02412233427917569
1828      0.014159854079943102
6011      0.0044511716157324905
3873      0.0073450060862642885
1444      0.01085171635905095
1430      0.012070636343636901
1798      0.0059122848651947954
284       0.019344080379747417
11713     0.019344080379747417
9202      0.005022809037636365
7407      0.014565826480319146
9848      0.008933335450733496
1726      0.006992473230800694
8601      0.015281514022772225
