t_index   tf-idf
10578     0.023401399335069274
1192      0.007507366368044189
2809      0.003277641544283043
2025      0.01383731705700674
11001     0.0014314972424740733
12177     0.008909586655893411
704       0.00758841653168084
5423      0.005788514179711754
6724      0.01400125201495757
953       0.002036168875313778
667       0.026556004445782117
11138     0.001268271244531235
449       0.004456535040909204
11859     0.008294412906501116
5500      0.01627809533193219
32        0.021048595483567197
628       0.003818359922863112
3653      0.008286681728153195
7681      0.0036161515638702202
9861      0.014672044022849908
4071      0.004890681340949969
7150      0.0018746655738775843
912       0.0043380460378845635
4417      0.002363891873851348
7426      0.014021226680242145
9264      0.009321594721533752
10933     0.005028561182273517
7256      0.0017811724914019327
78        0.011301008467243174
1520      0.001598326417760265
8491      0.003400481274949383
9645      0.003473260220982345
5259      0.009855277877244974
368       0.008252939799803842
5387      0.00996803216143352
7475      0.0012323333093997649
5145      0.007056174556878379
11649     0.010524297741783598
967       0.0027531475670394185
8390      0.007540921176141312
2417      0.006792157452173797
11549     0.0013210153541383521
5291      0.0037465056701594113
7411      0.0023745709748344257
5759      0.0009710715803726749
9267      0.001555105544538988
3888      0.0009448245799209718
8874      0.00209242084679115
7         0.006471069732122894
7217      0.001181945936925674
3565      0.0013009219930525712
10503     0.004454793327946706
1195      0.006156063613926358
7529      0.0033013340227687365
8034      0.006136598539041716
8755      0.0022855018908906205
8143      0.003855566773470447
118       0.0019461089078236535
230       0.0035859618101339603
10509     0.012289174409863187
10345     0.0019038404109400174
12176     0.006323288992465525
5488      0.0033960787260868984
4978      0.006805700964128792
1913      0.005522104407479412
11958     0.0035310218789239723
9553      0.006192930897697538
11739     0.002036168875313778
10718     0.0029096866102525437
488       0.0035834918360655205
7769      0.0015808222481163813
2282      0.015424943453401917
10822     0.005219761861920746
8064      0.011809166262619422
6737      0.005844973927693464
4899      0.0038955414177585593
7907      0.00337157233476391
5186      0.0013730131866235675
3988      0.0108453854618345
5597      0.005844973927693464
586       0.009611392050220751
338       0.0008654574103981373
2522      0.005000411534141037
201       0.005373314277218528
296       0.005612575814964313
7097      0.003980331437091157
219       0.0044684001441737545
8919      0.007288762875722151
3181      0.004069523832983047
1572      0.002503066965416276
11412     0.0011132524562313575
10243     0.001298685937307063
1533      0.004540254396877456
6138      0.008022552756217665
7541      0.0026741842520725547
1061      0.005275275139364597
5897      0.005204659998737708
9360      0.002602329999368854
3625      0.00337157233476391
83        0.002211373677506889
3378      0.002320220891774608
5724      0.003473260220982345
10712     0.0035280872784391893
2164      0.002329084550191788
12111     0.0016621928052705376
3583      0.002211373677506889
4891      0.0021347602074838303
9600      0.001546672514028587
3736      0.0018746655738775843
11507     0.004890681340949969
324       0.0021955934729233845
3785      0.002157158351978179
1430      0.0036472426362068335
7773      0.0030246111961450685
4322      0.0014055054655374088
2918      0.002792213083415916
68        0.0034211756893438882
10455     0.003473260220982345
5333      0.0037818132404728562
2915      0.002879052825992522
7174      0.002973797529310684
2466      0.004117973200101242
5075      0.002535114834859877
6989      0.0015300085812819976
10501     0.002557041404260044
12084     0.0012779594406984772
5953      0.004694082872050482
4842      0.0035280872784391893
4518      0.0018132203608455335
9796      0.0034211756893438882
3859      0.0034211756893438882
10544     0.0014543041446084684
7597      0.0019097747493761214
11927     0.001546672514028587
12171     0.0006654347260326333
9543      0.004503806110592682
131       0.007041124308075723
3251      0.003670293860491402
3708      0.004694082872050482
946       0.0020633984937241433
7502      0.00694652044196469
11156     0.009401596513805814
670       0.0047491419496688515
2816      0.004540254396877456
10958     0.0016621928052705376
5209      0.0025243222659709643
7490      0.001964762664594921
638       0.005262148870891799
10882     0.0016388207721415215
8659      0.0024925998061777863
3117      0.0031736469437442156
11181     0.00355662258611235
6114      0.001193848621653612
6535      0.0014658976622238568
7111      0.005000411534141037
725       0.00542269273091725
1421      0.00542269273091725
11238     0.0006528974894339488
944       0.004058942545907316
9836      0.0036792905056504343
485       0.0018078100963270104
7633      0.006144587204931593
8957      0.003936388754206473
8747      0.006566868401707808
5395      0.004329465477312855
6403      0.0012028657652346836
3931      0.002834728112098006
8959      0.0032054976350330976
8933      0.0037818132404728562
5963      0.0016038664740661928
6900      0.0014543041446084684
3419      0.0014314972424740733
7887      0.004520403386897269
4782      0.0037818132404728562
283       0.005980922924114548
876       0.001835146930245701
10919     0.002864067336119617
8769      0.0020429098281526956
3776      0.0023933367722252085
7207      0.001046210423395575
11881     0.0030246111961450685
5877      0.013405200432521266
5347      0.004069523832983047
6767      0.0035859618101339603
443       0.003954773482630404
10910     0.0012334995494947048
7888      0.0008524388211621703
9520      0.0036472426362068335
386       0.0037465056701594113
11165     0.005819373220505087
2357      0.0010180261466259052
11863     0.001710019803950565
8800      0.0024517524697298724
10101     0.003115231246239552
10907     0.004883572278686806
8349      0.0033013340227687365
7516      0.0022034536881781466
4840      0.0034211756893438882
6079      0.0024319142779649083
1508      0.0011271947471488998
2150      0.002157158351978179
2724      0.005000411534141037
6033      0.0015424814678187068
10522     0.0017655109394619862
1607      0.0018632206941144069
28        0.00256818026528106
7332      0.0033476293589687046
11108     0.003115231246239552
9701      0.0018078100963270104
7140      0.0016251469620108974
10988     0.0012943094401864108
4906      0.0012812089708782522
7317      0.0029096866102525437
8615      0.002973797529310684
7784      0.00542269273091725
6816      0.0020429098281526956
8859      0.003324224473383198
3634      0.0018407014691598038
2326      0.0034211756893438882
6740      0.0018132203608455335
