t_index   tf-idf
2262      0.006055964667204344
1649      0.007380242473656925
9836      0.0061617033769326545
9221      0.03068972606045225
7361      0.005314902713017421
10458     0.04482193625503212
5871      0.03130244408872032
1377      0.010997526600450424
10555     0.0063946027623852115
9220      0.007460437019091471
11027     0.006221656997322093
10008     0.008454958914938892
9371      0.003209149708576802
7128      0.07687721950749347
10317     0.003775423369968604
10578     0.0035627541156348615
321       0.03276167259720702
6727      0.011830622707967392
1798      0.01795055163890468
2749      0.004263817324848551
5395      0.010875825927948559
402       0.00857961498869154
5879      0.03661944721898961
4286      0.010886526637085048
10201     0.01918580046846394
11001     0.007191980121827574
8874      0.007008349342264334
10933     0.0028071084511486696
621       0.006001269460398884
8388      0.005528740110419932
1889      0.0037302185095457355
7299      0.005567074720485114
8918      0.006396594943693515
11080     0.010909019130928111
324       0.003676957743811451
3643      0.0038856711320080788
5303      0.015465628649552612
4137      0.0028311661366474143
2083      0.009127101463326855
128       0.005606270854176505
4551      0.012206482406329867
11642     0.061032412031649344
5436      0.0033437278841136034
449       0.002487784621230439
6203      0.0026767153261286363
6132      0.0033765342659506604
2750      0.009399373955181197
110       0.007801030180160445
109       0.004899077042707905
9264      0.005676677617932931
6588      0.009715879623903413
2882      0.004056346752975612
4283      0.004630214433749618
10143     0.004653014164238336
5799      0.00259725769444366
3592      0.005908483514494546
5440      0.009399373955181197
132       0.011723939940235557
6942      0.004585490071830103
3117      0.010629805426034842
2339      0.0017961339830532943
3357      0.0061617033769326545
4348      0.0039305874651507046
1913      0.0030826205326893097
3888      0.0015822965856507841
539       0.003091972590193658
1878      0.0058619699701177785
9493      0.0065598204660928024
6222      0.009081376983102383
9083      0.009788570794570982
6076      0.004630214433749618
356       0.005491229964820962
1371      0.018162753966204766
9738      0.005491229964820962
69        0.0061617033769326545
171       0.009081376983102383
632       0.008190418149301755
5181      0.005491229964820962
8259      0.00238935776262601
11757     0.004585490071830103
8452      0.004771709921514304
338       0.0014493804824739888
8685      0.007433500135496388
639       0.006005405922995428
1942      0.002435521398802134
6387      0.0028803004997679433
7135      0.008080243885053713
7425      0.001920934680831651
10094     0.007380242473656925
11016     0.005491229964820962
11918     0.007603558568264654
3116      0.005528740110419932
5004      0.009215417803097642
10496     0.004245553759584613
6360      0.002982927425359863
2561      0.006797506191338758
5764      0.0039305874651507046
2832      0.005124442271538955
4873      0.0038856711320080788
7384      0.011912543119749798
10882     0.002744531172622548
12111     0.0013918361441723176
9814      0.005491229964820962
3661      0.006458033554285742
7426      0.001381254789903372
5302      0.004338846292590536
6107      0.004358118914605671
2822      0.0041059469071379785
687       0.006108032848587347
3653      0.002775539181236853
28        0.0043009283960731
7332      0.005606270854176505
3037      0.004872848660543417
8708      0.003716750067748194
1171      0.003073318353062077
3736      0.003139500177939569
9701      0.0030275373902343907
3068      0.005606270854176505
2779      0.005528740110419932
8287      0.0039005150900802226
6766      0.0032386265413011373
5098      0.008374183171633784
5782      0.008374183171633784
6009      0.003158879872274072
4417      0.001979403436538177
2079      0.00428227415894152
5387      0.0023847787787250586
2939      0.004653014164238336
2759      0.010997526600450424
3854      0.00857961498869154
8709      0.0054545095654640555
7490      0.0032903856672131804
6535      0.002454937048784531
3583      0.0037033848334151517
2042      0.006981462343422312
4027      0.003045705831037789
11662     0.00518564695650577
11238     0.0010934066389315527
2613      0.0014530408291391324
6607      0.0029223303538971194
337       0.0033115271932869046
450       0.005348770855735745
8489      0.012206482406329867
8187      0.004183937183118471
212       0.004630214433749618
971       0.006217078013421142
7123      0.0020814298613337384
4124      0.004796450117115985
3227      0.010290332788981825
11946     0.006458033554285742
