t_index   tf-idf
8259      0.005832843949939966
1942      0.01783661259710975
2249      0.006643983168221022
5928      0.022169243811691112
11158     0.010983686537255523
11689     0.05094319332085856
10988     0.005291441534879739
11739     0.016648674921683246
1793      0.016092883436314702
6762      0.016266694877103246
1879      0.02061640075210389
5802      0.008296956086487015
9265      0.016637170964254225
1560      0.008215852890742016
758       0.004506181593718892
10068     0.01854887125517455
635       0.009449678017486337
8262      0.00937871322411458
9371      0.0026113669197242602
8901      0.010233126711554776
8839      0.023895628704393868
2090      0.012024517279738054
10676     0.018267871177651527
9750      0.021512902736881178
3563      0.012157584016887798
8309      0.013590211817654838
2737      0.010983686537255523
7716      0.025120518278985045
3179      0.012974615446483706
232       0.015615217068428288
485       0.007390753040866308
2720      0.01454030998440049
7475      0.0025190342648024606
10958     0.003397717646067717
11690     0.06795105908827419
4016      0.004666010135114965
8004      0.015610353802293312
6388      0.010734622029666359
1469      0.022169243811691112
11354     0.022169243811691112
9930      0.007072066511895839
8036      0.009240236334981182
3251      0.007502512450122131
10110     0.01222571009488121
10433     0.012813925091697731
10848     0.009521845661078191
4794      0.005332056682644006
3861      0.01386226782863788
8822      0.0051197864826094406
368       0.009639988505653228
6816      0.016703792124307334
104       0.01040873052830676
11836     0.007303410715828865
11238     0.002669198559744673
7123      0.005081137602667656
3571      0.009823408051328563
3096      0.009823408051328563
10881     0.00800683968655445
10992     0.020295936184186167
2166      0.013496630269554541
10740     0.009449678017486337
12084     0.005224598889914363
10033     0.013141608969020767
10947     0.016637170964254225
2579      0.01006447935755848
8028      0.006891709660074584
4417      0.009664146190156982
7424      0.009139256367924203
68        0.013986571200552956
3850      0.014091707135766419
5259      0.008058138970217949
634       0.022717657390104822
9471      0.017334864347275988
11220     0.007640615011677082
25        0.009982596275550972
4347      0.00798141997500269
329       0.009485608939902076
7689      0.01419950502107488
3068      0.013685896496960292
2339      0.00438468001745363
