t_index   tf-idf
8259      0.004311232484738236
1942      0.026367166447901366
2249      0.009821540335631077
5928      0.03277192563467382
11158     0.01623675401159512
11689     0.037653664628460676
9359      0.01102406548149722
11739     0.024611084666836106
1793      0.023789479862378254
6762      0.02404641851397871
1879      0.0304764185031101
5799      0.009372712549514078
9265      0.024594078816723635
1560      0.012145173838488198
758       0.006661311921149667
10068     0.027420070551127596
635       0.013969089243240671
8262      0.013864184766082421
9371      0.0038602815335054283
8901      0.015127230790994017
8839      0.03532397286736485
2090      0.01777537337004756
10676     0.02700467913218052
9750      0.03180168230669392
3563      0.017972080720616745
8309      0.020089878339141935
2737      0.01623675401159512
7716      0.03713467919502137
3179      0.019179866312193306
232       0.011541682181012213
485       0.010925461016932803
2720      0.021494371281287682
7475      0.0037237897827514634
10958     0.005022713042013146
11690     0.060269635017425806
236       0.04404947998805996
8004      0.023076175185998807
6388      0.01586857169602853
1469      0.03277192563467382
11354     0.03277192563467382
9930      0.010454359191498197
8036      0.013659479799537402
9264      0.005121350459656884
4659      0.020990572639849825
4137      0.01021681692790154
9645      0.020990572639849825
10496     0.015320911393283607
11836     0.010796346275573104
4348      0.01418429389597863
368       0.007125208895482821
8801      0.02067580090516524
6114      0.0072149981917326985
338       0.005230373045449613
6648      0.016390276815905616
6011      0.008128226428728895
2882      0.014638120891172862
5353      0.0309612193070173
5005      0.018279172011485413
9029      0.010669826981965917
