t_index   tf-idf
4659      0.0072659674522557085
11689     0.01086163402744058
6507      0.017051957518195125
6100      0.05590895536946072
1520      0.0011145520337893487
10967     0.005610990913573726
11766     0.0025005787204445845
3022      0.003669424881541606
10768     0.005930175364940813
6132      0.0014059482144175828
8055      0.0026890474164166385
4347      0.0013613793268399236
2918      0.009735391770772886
4677      0.0018392890745109005
3861      0.004728934175655731
7234      0.01222752906947245
11592     0.002871563251575615
4357      0.0029069968620604614
2024      0.002318062885285608
10737     0.0034869090463826293
4641      0.001374465175522125
8871      0.0029069968620604614
12045     0.002977240824484138
7829      0.007144896763157838
10072     0.0029442483582329568
6654      0.0045792376647360465
9930      0.002412544428807276
9069      0.004194261819951071
9264      0.005022862950817328
9503      0.005088030222229486
4848      0.005131318196843582
6233      0.0015365220534620187
9090      0.001947078354154577
1436      0.007424717013122705
6161      0.002775582289744168
11944     0.0045792376647360465
11220     0.001303248714366325
10095     0.0058884967164659135
7972      0.006255965366277007
8959      0.0022352717622220763
6422      0.02500713867105243
3159      0.0022711921100343644
2797      0.007562752069540111
1150      0.0023021008152082994
9059      0.0032198507807178933
12174     0.003669424881541606
8718      0.0018734716167225138
5928      0.0037813760347700557
1094      0.0021337560628983277
4460      0.00851333497501972
9847      0.005700622736710001
6114      0.0033299991654150915
9448      0.006439701561435787
4146      0.0018734716167225138
3682      0.0020289955125005195
6976      0.0034103915036390255
5761      0.00428477067634862
737       0.0013657151304825317
1508      0.0015720408346524789
8403      0.030495793837887666
7424      0.0015588698152646636
5963      0.0011184152503103718
8910      0.002774586751612928
2800      0.002421989150751903
11690     0.016226440196999255
11984     0.0015532180750449636
8799      0.001947078354154577
10317     0.0023580612519787185
6816      0.00997199630163498
12171     0.0009280477617244418
2877      0.005057611307508947
3846      0.0019279655418121323
11412     0.002328894352417104
10243     0.0009056054111321829
7287      0.002421989150751903
5799      0.0021629336652724796
6403      0.0008387876657238513
10008     0.007041086186688242
11268     0.003277981393191492
2085      0.002421989150751903
3537      0.0020737016216096243
1017      0.004835453968814078
368       0.006577115903522604
6655      0.0031159245152515983
5431      0.0030690537400003552
9846      0.004843978301503806
9132      0.0021337560628983277
7204      0.0029567828819768408
7165      0.00119932244890003
10143     0.0019374590750758291
9359      0.002544015111114743
6930      0.002997991033184087
8259      0.000497449902085181
1942      0.0020282435729154897
11057     0.0023021008152082994
3599      0.003277981393191492
7150      0.0013072500740918941
9471      0.013305522968895783
10740     0.0016118179896046929
9787      0.0033411729665851373
2924      0.0025005787204445845
8822      0.000873274617435055
9584      0.005549173503225856
11836     0.006228661312830637
2886      0.002256217456768601
7769      0.001102345948937343
6360      0.001242055065074592
7490      0.0027401539502878995
2282      0.0026890474164166385
4733      0.0034103915036390255
5186      0.0009574356167592436
7913      0.0031159245152515983
7425      0.003999270363938805
7907      0.002351079705010954
2769      0.0028377783250065733
11927     0.0021570650112037485
6727      0.003940903082654021
7924      0.002109135232094471
4080      0.003669424881541606
7368      0.00146830454337987
4417      0.00412099879346159
9589      0.0011145520337893487
9202      0.0021166352466293714
634       0.0038749181501516582
7525      0.0016057405905159068
8337      0.004454327568823414
11138     0.00088439650329352
11739     0.0014198702692405445
8347      0.001716683770018336
9645      0.002421989150751903
6740      0.0012644028268772368
3068      0.004668767366856019
115       0.0019568267549250184
5015      0.0016057405905159068
10903     0.0028303997351895502
337       0.0027577601041084924
8390      0.0017528228151900375
4794      0.002728443720550278
6184      0.002256217456768601
6871      0.0033378643278191037
6574      0.0034103915036390255
2034      0.0045792376647360465
6963      0.0033411729665851373
6514      0.002368168609997051
5313      0.0019767251216469377
3730      0.007134125575960529
8127      0.0034869090463826293
8912      0.003277981393191492
4111      0.0016118179896046929
5923      0.005082632306314611
3637      0.008151686046314966
10033     0.004483090685084007
11666     0.007157008005634122
635       0.0016118179896046929
6196      0.003277981393191492
6182      0.0017381507009634398
2647      0.0018734716167225138
3419      0.000998217976775399
9541      0.0019971840788660204
7976      0.0027449399841205676
10769     0.0013527846117021125
10250     0.001599713626855664
8777      0.004075843023157483
1343      0.0021213413169464766
5259      0.001374465175522125
4937      0.0011524516736487864
10030     0.002256217456768601
8828      0.0021856527748380745
4376      0.0022476862814385223
7694      0.005177432860675132
3762      0.0038749181501516582
6950      0.002062264456843227
4546      0.005967028809608131
7232      0.0045792376647360465
5016      0.009833944179574478
6232      0.00433105113772804
1360      0.007866831164252049
4930      0.0021337560628983277
2625      0.001374465175522125
12111     0.0023181752501599136
1334      0.0015703069800310605
4906      0.0008934182957462059
11706     0.005043261545598267
1677      0.007144896763157838
5968      0.0012606301173384003
4286      0.0011332546541112782
2063      0.0010303816810022228
12105     0.0031159245152515983
8615      0.0020737016216096243
6022      0.0012531429896548813
5648      0.005082632306314611
4149      0.005082632306314611
12084     0.0008911523190154934
2707      0.002588716430337566
4027      0.0012681952373384776
5939      0.005489879968241135
3437      0.005967028809608131
5316      0.001947078354154577
11930     0.004204098636399761
8028      0.0011755090055645611
10517     0.0037813760347700557
10129     0.005967028809608131
10684     0.0014105593089747549
11978     0.00201823613122057
10037     0.0016303614213197637
12198     0.0029069968620604614
3209      0.0028377783250065733
1361      0.0016303614213197637
758       0.0007686129139788077
8207      0.002805495456786863
8708      0.0015476099780423083
2959      0.003277981393191492
8676      0.00428477067634862
6107      0.0018146682437070439
1429      0.003669424881541606
4762      0.002351079705010954
7754      0.002109135232094471
6166      0.0011721699424273116
6204      0.0020510046196208723
3137      0.0016429920866884021
7888      0.001783279206143604
2463      0.0016958332005206802
10088     0.0034869090463826293
8150      0.0039137861452175895
2090      0.0020510046196208723
4817      0.0031159245152515983
1793      0.005489879968241135
6762      0.005549173503225856
9942      0.0024801197632255017
11881     0.002109135232094471
11827     0.0019667077910630122
10232     0.003669424881541606
9801      0.0029442483582329568
1350      0.002256217456768601
10939     0.00428477067634862
3342      0.002368168609997051
1948      0.003277981393191492
8495      0.0038749181501516582
9858      0.0033411729665851373
2456      0.00228648204220806
6036      0.002421989150751903
10621     0.005082632306314611
1709      0.0030250254143776973
6649      0.002565659098421791
4475      0.005967028809608131
10881     0.0013657151304825317
621       0.004997712694445894
3200      0.003669424881541606
4605      0.02747542598841628
11549     0.0009211762586550049
9505      0.0017987061736297355
11297     0.020921454278295778
6965      0.007380664189510746
7325      0.002109135232094471
5943      0.01222752906947245
485       0.0012606301173384003
2232      0.0029069968620604614
11001     0.000998217976775399
10353     0.0017237691428331429
1756      0.0039137861452175895
4138      0.0019002075789033336
3888      0.0006588492472024168
9488      0.0026717888658646734
2314      0.0039137861452175895
5587      0.0016241275207859122
569       0.001514841489642006
6471      0.003669424881541606
547       0.0029835144048040653
4345      0.00428477067634862
9791      0.0015310409334599521
927       0.0017096668559822019
9438      0.005082632306314611
4065      0.002146386728266966
8157      0.0016558463152273504
633       0.002774586751612928
876       0.001279692759050932
12148     0.005082632306314611
5749      0.005082632306314611
8392      0.0026125298736730347
3321      0.0016493907620279554
6616      0.0011755090055645611
6818      0.002172326805488116
11238     0.00045528135968889074
3736      0.0013072500740918941
2339      0.0007478885648499503
10772     0.0016822581332595107
4412      0.0015256008709219557
9029      0.003693401647603587
5149      0.0029835144048040653
12169     0.0027164561391393297
10958     0.0017386314376199353
7109      0.005082632306314611
5356      0.0032198507807178933
4129      0.002662635598384478
2360      0.0031159245152515983
670       0.003311692630454701
3993      0.0011788634916809469
10094     0.0030730441069240374
2729      0.001947078354154577
9877      0.00428477067634862
1465      0.004075843023157483
5746      0.005082632306314611
7475      0.0004296680518559381
1511      0.007827572290435179
10974     0.0026371507044768913
4292      0.005082632306314611
10673     0.002529030095986789
8920      0.001806643355944889
3790      0.0016179466753679125
6068      0.0017754021971359355
7810      0.0039137861452175895
449       0.0010358835630207013
2340      0.0021856527748380745
9507      0.001514841489642006
11884     0.0009306697919187013
6210      0.002324487777561961
3165      0.002805495456786863
7797      0.0014937894372874566
3746      0.003572448381578919
8091      0.0012758399916436337
2008      0.0027164561391393297
4519      0.005082632306314611
3852      0.0020853217887590023
2051      0.0030690537400003552
4263      0.0017027170904785939
11407     0.005082632306314611
10714     0.005813993724120923
2659      0.0023343836834280097
1008      0.0026890474164166385
12196     0.0018476850634323902
5609      0.0029442483582329568
4046      0.0017754021971359355
11053     0.0025433113366191465
4847      0.0045792376647360465
4322      0.0009800932761356179
1572      0.0017454497066531557
3565      0.000907164667396191
4947      0.0037813760347700557
2883      0.0018647739684184872
11134     0.0045792376647360465
946       0.0014388581469614845
2524      0.0016366492956898418
10382     0.0031159245152515983
10223     0.0015532180750449636
7597      0.001331732559347563
193       0.0032198507807178933
4891      0.001488620412242069
683       0.004075843023157483
7692      0.0026125298736730347
3498      0.003277981393191492
9468      0.005082632306314611
3251      0.001279692759050932
3708      0.0016366492956898418
11130     0.0045792376647360465
10786     0.001918594509173339
331       0.0016179466753679125
7447      0.0010554751736860995
11082     0.002318062885285608
3096      0.0016755645840058754
472       0.0017830874006294958
450       0.004454327568823414
110       0.0016241275207859122
6388      0.0018309890418494457
6882      0.0016366492956898418
3801      0.001891185786450648
2256      0.0039137861452175895
6203      0.0011145520337893487
8128      0.0026890474164166385
2357      0.0007098944868612082
6989      0.0010669123384524967
3634      0.0012835660746482243
4193      0.0018309890418494457
