t_index   tf-idf
8259      0.01369131989923147
273       0.010208118691500154
4163      0.06261200483738326
3143      0.007796329958662995
2320      0.009601000137955285
9379      0.010153467083475403
8904      0.02332918060908484
6880      0.0060539227926294506
11196     0.006900169632873968
8287      0.004063716558284416
6766      0.003374133927966457
3787      0.008359922318066577
9272      0.025079766954199733
9264      0.0029570977549483258
10522     0.0030804103002328377
8256      0.010494429156195565
2177      0.016572319606794235
5969      0.005277250497039722
443       0.010350254449310953
8538      0.009181238824945105
7929      0.020870668279127754
6360      0.003107736104245213
7217      0.0020622236640083936
8536      0.004945948212321626
10250     0.004002630748366891
2235      0.006107240680164547
5501      0.01547992650868933
12111     0.005800287864416855
4347      0.0034062963910053315
3647      0.008056363041294142
5799      0.0027059295645040643
11835     0.0024331892152390996
7396      0.007921699094133467
8320      0.004349013050946179
2738      0.0032019090791316203
7227      0.008320131742087344
3340      0.011407103036771848
49        0.005882617839316111
11106     0.008056363041294142
7932      0.005608552781757817
7888      0.001487309574998431
1520      0.00278871178328883
374       0.005572568799490379
4520      0.005247214578097782
8983      0.009792653200167858
580       0.0031731412214577805
4162      0.004920883929103269
5330      0.004175821899656536
1798      0.0031169367908558334
11758     0.005925375852628605
6897      0.023876657112241028
488       0.003126184300500674
6014      0.007796329958662995
11682     0.0060140340077329485
485       0.0031542125948467083
1315      0.0060140340077329485
7497      0.0064038181582632405
2179      0.005925375852628605
4016      0.001991351605781282
2658      0.0033425308405587335
9557      0.005104059345750077
10289     0.0037902728485603326
5640      0.005277250497039722
7207      0.0036507928582088264
3419      0.0024976332640656426
2647      0.004687598438493988
5406      0.00641951523370808
3897      0.0071849155834402415
9196      0.0031169367908558334
7319      0.005023284637819589
2226      0.008520709791683675
3888      0.003297002927422973
11675     0.013561163935418957
4092      0.0061557003979462
11194     0.025599340408068667
637       0.012214481360329094
4966      0.0024331892152390996
8959      0.002796427853156489
7411      0.004143079901698559
3708      0.0040950471917260475
647       0.006598393812875234
1043      0.005608552781757817
7718      0.013884542907652979
2109      0.0060140340077329485
2261      0.0065216964953226965
320       0.004623078108504474
9488      0.006685061681117467
9004      0.007568892040995243
6469      0.007796329958662995
5963      0.0013991889533171598
11912     0.0019231402617545061
11024     0.005899249941633524
6571      0.005023284637819589
8837      0.009508988553842622
10933     0.002924560687598405
5991      0.011938328556120514
10958     0.0014500719661042138
9824      0.002119915230893888
11582     0.0061557003979462
7725      0.0187700344120401
8160      0.004480883559088711
7488      0.005021601885739535
11884     0.004657242975459275
4513      0.0042777438488592326
6918      0.006107240680164547
5173      0.007796329958662995
7915      0.0071849155834402415
8106      0.0028434252587290756
6853      0.006598393812875234
4787      0.006922397613156312
509       0.0050767335417377015
6132      0.0035178118503000604
11989     0.004920883929103269
2447      0.004002630748366891
4906      0.002235414815298038
6022      0.0031354791121908743
671       0.0050498125793719695
7348      0.006107240680164547
618       0.00641951523370808
7680      0.0067968233104825065
3281      0.004687598438493988
2281      0.004945948212321626
4064      0.007796329958662995
10516     0.01283903046741616
6311      0.002377081205511291
11271     0.01019813442614299
2826      0.01019813442614299
1536      0.006107240680164547
8034      0.00803021419700961
11158     0.004687598438493988
11913     0.005131802353695738
10087     0.007273573738544585
10094     0.00768903922987688
8154      0.009792653200167858
6011      0.002346642776494953
5060      0.009792653200167858
368       0.0020570686769385547
9359      0.0031826799925661424
4417      0.0020622236640083936
8822      0.002185013477933736
11000     0.006868092512569453
11910     0.0033114680034072403
7174      0.005188592341935377
6176      0.0071003825872549406
3260      0.006728244163251672
3860      0.005188592341935377
8315      0.0043672758350568495
8659      0.004349013050946179
8344      0.008938594695331353
10259     0.007273241872645855
8349      0.005760068148512816
10108     0.005840842856443304
8506      0.005188592341935377
8159      0.00278871178328883
405       0.006868092512569453
4909      0.006868092512569453
