t_index   tf-idf
8259      0.0099413252925712
273       0.006271826136937112
4163      0.060908550549819494
3143      0.004790033059435619
2320      0.005898814994784867
9379      0.006238248413754811
8904      0.014333352610723079
6880      0.003719505263337889
11196     0.004239435841277323
8287      0.0024967307388945384
6766      0.002073054007156769
3787      0.005136301886935506
9272      0.01540890566080652
9264      0.0036336573955406165
10522     0.0018925914183949826
8256      0.006447734108819383
2177      0.010181965002631932
5969      0.003242320999466564
443       0.0063591537619159845
8538      0.005640915370596093
7929      0.022439992307828237
6360      0.0019093802799861335
7217      0.001267021737012869
8536      0.0030387702384186855
10250     0.0024591998685338998
2235      0.003752263554137087
5501      0.02219187407800964
12111     0.004454591258340708
4347      0.002092814492160088
3647      0.004949796315859383
5799      0.0016625119946438852
11835     0.0029898828917333926
7396      0.004867059340611565
8320      0.002672015730529915
2738      0.0019672397684124864
7227      0.005111854720716904
3340      0.007008477187116895
49        0.003614256204618382
11106     0.004949796315859383
7932      0.0034458717605144427
7888      0.0009137968854103471
1520      0.003426746098745658
374       0.003423763349815426
4520      0.0032238670544096916
8983      0.006016565847918042
580       0.0019495649149830578
4162      0.0030233708459014943
5330      0.0025656077995319074
1798      0.0019150331439962574
11758     0.003640526552129143
6897      0.029339439844861728
488       0.0019207147758860182
6014      0.004790033059435619
11682     0.003694997757964459
485       0.001937935244648749
1315      0.003694997757964459
7497      0.003934479536824973
2179      0.003640526552129143
4016      0.0012234782359427415
2658      0.002053637200240456
9557      0.003135913068468556
10289     0.002328728048344266
5640      0.003242320999466564
7207      0.003364548173953379
3419      0.0015345356044002276
2647      0.0028800412000001625
5406      0.003944123755414476
3897      0.00441438258211367
9196      0.0019150331439962574
7319      0.003086285420151367
2226      0.0052350890493891985
3888      0.003038497556506776
11675     0.008331923343355092
4092      0.0037820370054219587
11194     0.015728129453800543
637       0.007504527108274174
4966      0.0014949414458666963
8959      0.00171811377096247
7411      0.002545491250657983
3708      0.002515980151214718
647       0.008108052037414812
1043      0.0034458717605144427
7718      0.008530606053802216
2109      0.003694997757964459
2261      0.004006903502267673
320       0.002840400174633854
9488      0.004107274400480912
9004      0.004650296138297848
6469      0.004790033059435619
5963      0.0008596559378992318
11912     0.0011815694667334884
11024     0.0036244748998725254
6571      0.003086285420151367
8837      0.005842283455959863
10933     0.0017968380574190715
5991      0.007334859961215432
10958     0.0008909182516681416
9824      0.0013024671984155252
11582     0.0037820370054219587
7725      0.011532231939531066
8160      0.0027530364283347092
7488      0.004627877316292091
11884     0.0028613909283670092
4513      0.0026282282259058013
6918      0.003752263554137087
5173      0.004790033059435619
7915      0.00441438258211367
8106      0.001746988783640743
6853      0.004054026018707406
4787      0.0042530926209366545
509       0.0031191242068774054
6132      0.0021613291316753586
11989     0.0030233708459014943
2447      0.0024591998685338998
4906      0.001373429668010877
6022      0.0019264254699578895
671       0.0031025840783287938
7348      0.003752263554137087
618       0.003944123755414476
7680      0.004175940285874856
3281      0.0028800412000001625
2281      0.0030387702384186855
4064      0.004790033059435619
10516     0.007888247510828951
6311      0.0014604689154683766
11271     0.006265691845368058
2826      0.006265691845368058
1536      0.003752263554137087
8034      0.0065783074313120705
11158     0.0028800412000001625
11913     0.003152958258440312
10087     0.0044688537879489865
10094     0.0047241140769680575
8154      0.006016565847918042
6011      0.0014417676698773617
5060      0.006016565847918042
368       0.0025277090683203836
9359      0.003910850993436032
4417      0.002534043474025738
8822      0.0013424632936405215
11000     0.008439455580997941
11910     0.002034552320859461
7174      0.0031878497936312475
6176      0.0043624458569509784
3260      0.0041338055398898454
3860      0.0031878497936312475
8315      0.002683236309970661
8659      0.002672015730529915
8344      0.00549183581538353
10259     0.006702974836358713
8349      0.003538962178649262
10108     0.0035885898269664516
8506      0.0031878497936312475
8159      0.001713373049372829
405       0.0042197277904989705
4909      0.0042197277904989705
587       0.0020157882109841413
4137      0.0018122374499362627
4867      0.007039547875352586
11250     0.014079095750705171
1686      0.0028534580808787773
10068     0.002431857156848077
167       0.00349144699691658
1430      0.003909769098453084
2357      0.0021826061858252056
6003      0.00658687111685469
1726      0.0022649142084341578
8036      0.0024228897330798986
4027      0.0019495649149830578
6767      0.0038440773131770216
6204      0.003152958258440312
2024      0.0035635002709531963
2613      0.0009300955435877737
621       0.0019207147758860182
3276      0.004093203310627038
9814      0.0035149518283815414
2750      0.006016565847918042
6367      0.00658687111685469
11027     0.003982500237360414
226       0.004322658263350717
6028      0.002431857156848077
11484     0.004790033059435619
6402      0.0041338055398898454
313       0.0030387702384186855
6882      0.005031960302429436
5979      0.008186406621254076
10618     0.004650296138297848
704       0.0032538505847927095
4150      0.005640915370596093
6740      0.0038874698738950515
78        0.004845779466159797
6138      0.0028666705221446153
4049      0.0015714121469083502
10175     0.004526119584121614
386       0.004016177029451091
5387      0.0015265036398522868
10608     0.004867059340611565
2958      0.0037820370054219587
1657      0.00658687111685469
5427      0.0043128182086337894
11543     0.007039547875352586
12191     0.0027773077811183637
2803      0.0025063139587383513
2592      0.004054026018707406
8886      0.004054026018707406
12171     0.0021399970238221706
2685      0.0024591998685338998
1955      0.001609548470680939
8801      0.003667429980607716
5302      0.0027773077811183637
8388      0.003538962178649262
4842      0.0037820370054219587
3310      0.0029784075241525597
4794      0.001398122831952927
2682      0.002272694297457777
6034      0.0044688537879489865
8665      0.004867059340611565
11323     0.005360338328372268
7108      0.009899592631718766
11079     0.0043624458569509784
3692      0.001979180398350182
2439      0.0026175445246945993
2110      0.00441438258211367
8592      0.003538962178649262
2918      0.0029931950020165477
10243     0.0006960823082995441
10148     0.0043624458569509784
2637      0.001838384740047415
10177     0.0043128182086337894
11042     0.004867059340611565
9863      0.00549183581538353
8333      0.004867059340611565
11075     0.0030387702384186855
8187      0.001339075011049485
1229      0.0035149518283815414
5502      0.0038126262684032132
5110      0.004054026018707406
7754      0.003242320999466564
7981      0.0032238670544096916
2336      0.005640915370596093
10667     0.005136301886935506
9723      0.0033808181223016656
3133      0.004054026018707406
6119      0.003909769098453084
7447      0.0016225556654608933
6354      0.00349144699691658
10415     0.0027175909669320533
10943     0.0026499073198308983
10037     0.0025063139587383513
4865      0.006016565847918042
6166      0.0018019476235772037
9845      0.0035149518283815414
1360      0.0030233708459014943
5989      0.0023536310493805944
11680     0.004867059340611565
553       0.006265691845368058
356       0.0035149518283815414
