t_index   tf-idf
1052      0.0019948846387932246
1942      0.015035822189299126
11930     0.002770304115225407
3671      0.003240054335749607
6053      0.003531114268073047
12171     0.0018346200380536073
208       0.0035873244977812535
729       0.0020967968719570133
9747      0.002522156413232704
11412     0.005371213090478235
10243     0.0035805093279804652
3888      0.0006512261980612319
2166      0.011377324690037712
11689     0.027913501794817542
3857      0.0012240678392833563
2613      0.002392113497227398
8259      0.002458471416916845
2463      0.005028635969808431
1771      0.0074773646386804065
4659      0.011969830678922627
10522     0.004867557433095195
1879      0.0057930382278639034
368       0.006501017041828953
346       0.0017701341663176893
1508      0.0007769259662166797
9265      0.008414833578614533
10912     0.003033544027306136
6681      0.0015133264102628948
5107      0.0031272477157484367
902       0.0018963958950176142
12044     0.0017038247064697842
3041      0.005027769187762809
4417      0.0024439906894116008
3755      0.002742484094982696
3736      0.003876374599869187
7488      0.002975610373615907
2357      0.004911765821489285
1561      0.004526254749606869
2738      0.001264886396549516
4016      0.0015733323430800875
2090      0.0121636439259499
6011      0.004635104327126395
10902     0.0016762119899361434
2682      0.001461286085472852
8049      0.0021603642303358156
7794      0.0033709324283903094
4304      0.00502382499037378
3467      0.0023073742854379333
2882      0.005008414916483938
2365      0.0041223881972822585
367       0.001540833305005403
10210     0.0026850260681079655
7568      0.004550929876015085
11612     0.004028684508839958
2899      0.0038685026691572207
12181     0.0027171245453296885
10919     0.0019740761639039342
11739     0.002806884036382961
8075      0.009547788926624631
2639      0.004054547975316633
2207      0.00291018267474927
3358      0.0036269687258874053
10684     0.008365432728266812
6930      0.0014816517668132926
12196     0.0018263068891447426
3475      0.004526254749606869
1793      0.00542636069588132
6762      0.005484968189965392
11082     0.002291242322976518
4845      0.00291018267474927
8340      0.005370052136215931
3578      0.0021215525016589185
5395      0.0014920554578838517
11341     0.0033025147669717555
3592      0.004863512049947577
4376      0.002221679993884688
1799      0.004235194817283429
1668      0.0018517950856199394
8701      0.00582036534949854
3289      0.0022301124614010305
3573      0.0035557893944812625
11220     0.0012881698036215905
545       0.006873726968929555
2339      0.002956941234910878
7618      0.0031825963088748764
4363      0.00873054802424781
3281      0.007407180342479757
5328      0.003737624576516518
11884     0.0036796068467265016
7617      0.003531114268073047
320       0.0036526137782894852
8478      0.00255876433940804
1688      0.002631828244353583
8034      0.0010574221449505766
3967      0.004235194817283429
5302      0.0035714800887770037
12084     0.0008808414657376281
1399      0.0013371325583435756
3712      0.0022754649380075423
6038      0.00200551953136415
10647     0.003720992617495605
324       0.0015133264102628948
4111      0.0015931688558406716
11115     0.001963893835466218
3383      0.002873362187623398
5352      0.005897988806852334
4428      0.0034465646441930783
8106      0.00449308189643801
1917      0.004268516007173344
6403      0.002487248053402627
10385     0.002616333397733324
9507      0.0029946287960526266
4322      0.0019375067078647916
6646      0.0023073742854379333
2931      0.003531114268073047
1520      0.0022033127808463817
11881     0.0020847320145330472
474       0.0031825963088748764
6033      0.001063164912529588
4069      0.0011016563904231909
1041      0.004235194817283429
12066     0.0023580665495147135
12064     0.0026491504662722043
11836     0.007387912988573993
6232      0.0014269799340833982
7847      0.001636687762819761
8825      0.0023939661357845255
6871      0.003299244409976569
7771      0.003749320118045889
4749      0.0021603642303358156
5965      0.001380651465322665
9359      0.0012572901127657985
191       0.004076807091544628
10129     0.002948994403426167
3606      0.0027730351787744532
6009      0.0013001009722251966
4677      0.005454024131690175
6134      0.009052509499213738
5740      0.0036269687258874053
7960      0.018134843629437028
1798      0.0024626376628579974
5256      0.003531114268073047
6607      0.0012027442282981533
11690     0.009164969291906072
6012      0.002492454879560135
11867     0.0051757632623731595
7123      0.0017133092081722343
1343      0.0020967968719570133
10110     0.0020611940986411293
10433     0.0021603642303358156
9509      0.0030266528205257896
8687      0.003737624576516518
3784      0.003079872496066869
2032      0.0018263068891447426
11554     0.004526254749606869
9264      0.001168175807326694
4049      0.0010103790498303276
7817      0.00502382499037378
11001     0.0019733366945840947
75        0.0014513158957705163
11238     0.0009000272829552287
7773      0.0020847320145330472
6588      0.0013329223285685674
10317     0.0015538519324333594
3791      0.0020611940986411293
8649      0.004028684508839958
9990      0.0025138845938814046
2787      0.001878221706089576
947       0.00255876433940804
8325      0.0024716464046708455
3449      0.0014973143980263133
9005      0.00291018267474927
3789      0.0031293984851204944
2822      0.0033797711731482867
3861      0.003505664426085282
12045     0.0014713967049929872
10566     0.002492454879560135
9991      0.0024317560249737884
8292      0.00291018267474927
3282      0.0019439524943069113
4520      0.0020728665853973057
3565      0.0008966685472775574
9498      0.016114738035359833
8304      0.00421813595244033
4027      0.0012535219040139
9549      0.0033025147669717555
10749     0.0023238771299116537
2261      0.0012881698036215905
7475      0.0021234834298334794
11027     0.00128032445647372
158       0.003686396142526464
12036     0.0019150421932154476
3417      0.003079872496066869
9545      0.002134258003586672
9371      0.0004402635137386356
3310      0.0019150421932154476
6132      0.0013896810449945693
5750      0.0031293984851204944
4582      0.0025138845938814046
4139      0.00291018267474927
11958     0.0036506680748213966
5131      0.008057369017679917
5335      0.002451424162659256
1979      0.0022301124614010305
10358     0.00502382499037378
3007      0.0025138845938814046
9527      0.0023580665495147135
7888      0.0011750974823954547
8655      0.0016830162315804944
6568      0.002804944526204844
6203      0.0022033127808463817
7797      0.0029530118462740462
10475     0.004526254749606869
2966      0.0019245501748503093
6989      0.001054567898172881
10988     0.0026763324126829755
8820      0.0031825963088748764
6073      0.001611497735453254
12093     0.0032331783115904515
6460      0.004526254749606869
3085      0.002340768312030143
8187      0.0025829760956938004
2256      0.0038685026691572207
2267      0.002948994403426167
4787      0.0013673165533424451
11687     0.004235194817283429
10843     0.02009529996149512
1958      0.002535973786539225
10881     0.0053996538712631666
6538      0.005164604510599916
7322      0.0018963958950176142
898       0.004235194817283429
2069      0.0015464634681325294
4794      0.001797916633486574
9520      0.0025138845938814046
6114      0.004114337811814514
7256      0.001227684180024142
9319      0.002742484094982696
1000      0.00271318034794066
9500      0.0008741638164785537
1045      0.003830084386430895
8387      0.004526254749606869
5569      0.0016968213131751486
2411      0.0022156101071737493
10754     0.004235194817283429
6956      0.00291018267474927
9426      0.00502382499037378
9947      0.004526254749606869
7892      0.0017399047684461028
4522      0.003531114268073047
8613      0.0029900251203270464
1361      0.001611497735453254
8184      0.002873362187623398
6079      0.0016762119899361434
621       0.0012349719798672085
6696      0.0013245752331361021
6247      0.0021215525016589185
5188      0.003079872496066869
4970      0.0009463578492926077
10501     0.0017624566373164272
7384      0.002451424162659256
12025     0.003033544027306136
11664     0.0036269687258874053
5255      0.0044898277084315695
5205      0.002657934471102727
11736     0.00502382499037378
676       0.006159744992133738
10563     0.0021874558273410546
11158     0.0037035901712398787
8831      0.004526254749606869
5501      0.002038403545772314
3751      0.0038685026691572207
9975      0.004526254749606869
10769     0.0013371325583435756
11362     0.004235194817283429
10882     0.0011295673751785364
3312      0.0012764337037572287
9777      0.004028684508839958
3142      0.003033544027306136
9370      0.001710897099823958
6387      0.0011854459908135833
6107      0.001793672082209607
3375      0.00255876433940804
7319      0.001984405005684102
2915      0.001984405005684102
8800      0.0016898855865741433
587       0.001296101841442696
770       0.004526254749606869
8036      0.0015578580267241002
4165      0.0018517950856199394
8174      0.0022156101071737493
5389      0.003033544027306136
5963      0.0005527374542856218
5719      0.005609889052409688
10873     0.0038685026691572207
7447      0.0010432630642384917
9724      0.004526254749606869
6958      0.0033025147669717555
10111     0.0021471924457551954
6535      0.0010103790498303276
3096      0.0016561778863396915
4397      0.0011992510724082375
5240      0.009239617488200609
10792     0.004028684508839958
7647      0.004526254749606869
637       0.0024126124339823585
7212      0.003737624576516518
8245      0.00502382499037378
12111     0.0005728383469403423
2579      0.0016968213131751486
1955      0.0010348997604874136
7743      0.003737624576516518
1807      0.00255876433940804
1648      0.0022754649380075423
7159      0.004526254749606869
1560      0.0013851520576127034
8653      0.002948994403426167
11323     0.0034465646441930783
8028      0.0011619080749216654
5198      0.005164604510599916
3261      0.002492454879560135
4468      0.0017399047684461028
8923      0.003531114268073047
2082      0.0018016927479854949
338       0.0005965218845223525
11181     0.002451424162659256
488       0.0012349719798672085
9045      0.002038403545772314
6020      0.0011888724513472448
6740      0.0012497733726819628
1549      0.0020611940986411293
173       0.0036269687258874053
10768     0.0019538539218923448
7204      0.001461286085472852
11832     0.003079872496066869
1794      0.00502382499037378
1483      0.004028684508839958
7501      0.003240054335749607
384       0.0012881698036215905
226       0.0013896810449945693
8751      0.0022449138542157848
3308      0.004526254749606869
3276      0.002631828244353583
9081      0.0017857400443885018
6562      0.00502382499037378
2686      0.0014034420181914804
9493      0.0013499134678157916
2660      0.0017252544207910531
8472      0.00502382499037378
6571      0.001984405005684102
12012     0.0014127647741463444
6536      0.0023939661357845255
10958     0.0005728383469403423
8651      0.0019341857842068775
1822      0.0023580665495147135
3091      0.004235194817283429
8048      0.0015242030140832608
12003     0.002657934471102727
8354      0.004526254749606869
8920      0.0017857400443885018
6361      0.0009918701245386354
6068      0.0017548603535327096
10484     0.002535973786539225
3708      0.0016177128575578933
704       0.0010460726260201356
11837     0.0038685026691572207
12137     0.0023580665495147135
7207      0.0007211070191007517
4036      0.00502382499037378
1211      0.0026850260681079655
3419      0.0009866683472920473
5790      0.0021603642303358156
11189     0.0028383385527970544
10942     0.0036269687258874053
9727      0.00291018267474927
10343     0.0020163143531144933
12131     0.0026066382169870764
