t_index   tf-idf
3846      0.0480384747501523
8259      0.012394793393622427
485       0.031410700423681805
9594      0.06337084080409373
449       0.025810765445265803
2357      0.017688204297625104
10988     0.044977253046477775
273       0.05082792431809452
4163      0.051959267903245135
9196      0.031039495542272675
7929      0.051959267903245135
5963      0.01393358999345005
10786     0.047804979853569025
12171     0.011561928364817004
4468      0.043860099371245506
8264      0.048757599976881706
10289     0.03774480045024665
2320      0.047804979853569025
6076      0.0480384747501523
8904      0.04646395137976064
9550      0.037091458605031546
11572     0.077638452505019
5501      0.05138475604967708
