t_index   tf-idf
2177      0.012671613666438188
1913      0.001403240425300984
11884     0.004069766256434248
11196     0.010552087564714945
6011      0.0051265779120867805
11582     0.0026896021848430386
7725      0.021869778059610406
10484     0.0056097409172074265
273       0.0022301100249255365
4163      0.03647597600520317
8259      0.005982130632388155
7929      0.018237988002601586
11614     0.0046842648344725315
8106      0.007454244645370191
7497      0.004197017933706347
10911     0.005006186697462808
8187      0.0009522855197408587
3888      0.0014405552096052843
10958     0.0031678903098620393
2647      0.002048146301279823
338       0.000659772833886697
8247      0.001704212339174166
11784     0.005681630928304993
11958     0.002691839348283906
67        0.006917677762441697
8904      0.014270464043509668
10461     0.003000866746808226
3251      0.0013990059779021157
11912     0.0016805503567068629
131       0.0017892436541545255
11527     0.002627704072848583
2320      0.004194952528283937
9379      0.004436341193694007
8686      0.003232460993459142
6900      0.007760719923422523
11001     0.002182575320335242
8874      0.000797568092424049
11000     0.006001733493616452
3634      0.004209721275902952
8959      0.0036655187764409554
6203      0.0012184682197550832
2178      0.01323902661928371
1714      0.003355199518318487
3347      0.004278691251992904
6343      0.005556515757177582
803       0.0036526900073453605
4439      0.0022301100249255365
525       0.005006186697462808
4999      0.002107721012803757
10207     0.004011546762635979
4357      0.0031780331325633564
1667      0.005006186697462808
1668      0.002048146301279823
8882      0.0017554531501435327
9196      0.0013618791462788743
2613      0.003307195305810274
1635      0.005556515757177582
1209      0.0046842648344725315
3398      0.002499664097331663
10110     0.002279748500325198
7256      0.0027157182044409726
5963      0.002445383252963811
11664     0.004011546762635979
2475      0.0031392958399309285
9791      0.0016737888084260536
7430      0.0022545413988889398
4081      0.005006186697462808
3535      0.002434815252428155
12111     0.0025343122478896315
11138     0.0009668539469278336
2063      0.0022529003482242385
10992     0.0018923084924926776
4891      0.001627413174626613
7207      0.003987840462120245
8261      0.003811819993552247
3340      0.003987272578849684
7227      0.006058840604384143
509       0.004436341193694007
9998      0.003583606715042984
10144     0.0030670681593392033
9930      0.0013187400077026977
1687      0.008267871549515514
7771      0.009676033333287226
9507      0.001656078995988884
11425     0.0028300775600399713
3385      0.0036347025242759773
472       0.0019493350376168894
1582      0.004455857637748035
130       0.0038120139117674818
10243     0.0004950201424653066
8137      0.005556515757177582
5170      0.005939454373694038
5640      0.0023057822098583062
10492     0.0031780331325633564
9045      0.0022545413988889398
8868      0.002552031887915813
10068     0.0017294194406104243
367       0.001704212339174166
705       0.005879525978124862
12045     0.004882239523879838
1410      0.0037283621922781303
3873      0.0016919026816623408
6458      0.004058483339897055
2738      0.0013990059779021157
7495      0.0028561112695730797
2357      0.0023282462695228654
9509      0.0016737888084260536
3736      0.0028582652442667375
6727      0.0010770841149118392
2361      0.005104063775831626
10485     0.0021833931977365273
1886      0.002419398127132245
4417      0.0027031341263144756
12171     0.00101457506674811
7447      0.0011538832794593921
1520      0.0012184682197550832
12084     0.0009742396467481993
4466      0.014052794503417593
10504     0.0027113557923379343
9709      0.0031392958399309285
10943     0.0018844861927133812
9792      0.0027567371154184313
5342      0.0018539456195820233
10265     0.002939762989062431
10156     0.0034612177029212047
8346      0.0031780331325633564
8111      0.002588966780216155
2104      0.003355199518318487
4165      0.002048146301279823
10805     0.0034334317150222092
8160      0.0019578266373349216
637       0.002668428743252883
208       0.002645132627858206
831       0.004011546762635979
4264      0.005556515757177582
3496      0.005556515757177582
3458      0.0027567371154184313
6607      0.003990824084755299
3495      0.0031780331325633564
10094     0.0016797809652107627
3957      0.002668428743252883
7475      0.0009394570201457074
10793     0.004455857637748035
6076      0.002107721012803757
3771      0.0034612177029212047
2639      0.006726695224131342
10919     0.0021833931977365273
8837      0.002077375013133809
7425      0.0008744291325906419
4018      0.005006186697462808
6918      0.005336857486505766
5173      0.0034064403292878537
6973      0.0013036165598672498
7488      0.0010970409969760047
5387      0.0010855757146298714
8159      0.0012184682197550832
8372      0.0027804390846403104
3326      0.0046115644197166124
2226      0.0018614713347462509
4047      0.00517793356043231
2763      0.0031780331325633564
11238     0.0024886494798350704
11675     0.005925261756060568
8028      0.0012851085654983685
6132      0.003074065931340821
931       0.0017892436541545255
10627     0.0028830276440167846
11910     0.0014468754164795805
9264      0.0009690306628418418
10647     0.0020577701403883372
3419      0.001091287660167621
10988     0.000986703905955637
6419      0.008557382503985808
6493      0.005556515757177582
7676      0.005556515757177582
10036     0.005556515757177582
2035      0.0030670681593392033
2858      0.0039055285780332603
2203      0.0038120139117674818
4046      0.0019409332977829788
8913      0.0023465068802626067
11100     0.0025341894065828035
6020      0.0026298641062708706
7829      0.0039055285780332603
9849      0.001483596735946003
11213     0.004455857637748035
9589      0.0024369364395101663
6535      0.0011175124774174558
9161      0.005556515757177582
2447      0.001748864257513139
5351      0.001277824505184678
7393      0.0025341894065828035
10669     0.0037283621922781303
2925      0.0036526900073453605
1527      0.0015522530548552937
11149     0.003520056246561792
4102      0.002206408055703658
12044     0.0018844861927133812
10885     0.001627413174626613
3903      0.0012493386873546884
1009      0.004455857637748035
9575      0.002668428743252883
5395      0.0016502624351366186
5330      0.0018245364424459088
1798      0.0013618791462788743
11758     0.002588966780216155
6897      0.015648595200618665
3642      0.0039055285780332603
5636      0.005556515757177582
10571     0.0018923084924926776
670       0.001810230523776884
10822     0.002652822299111458
8667      0.004133935774757757
11836     0.0013618791462788743
3285      0.007456724384556261
3565      0.0009917449197494007
2339      0.0024528557318844804
6388      0.0020017028282010396
5710      0.0016858186901652153
11447     0.0039055285780332603
11684     0.0028561112695730797
1343      0.006957379017553892
9747      0.001394793994520828
1315      0.002627704072848583
6042      0.008134067377013802
10619     0.0031780331325633564
10714     0.0031780331325633564
8349      0.00251673909962443
1508      0.0008593056847551942
3931      0.004322053465246321
7718      0.0030332776553282106
11484     0.0034064403292878537
1043      0.002450537687093452
647       0.0028830276440167846
5737      0.005006186697462808
2283      0.005006186697462808
10446     0.0027804390846403104
6402      0.002939762989062431
6028      0.0017294194406104243
8822      0.0019093902055801204
5953      0.0017892436541545255
341       0.002048146301279823
4520      0.002292658654781298
10108     0.002552031887915813
5759      0.0007402867440866645
4049      0.0011175124774174558
320       0.006059866551732555
184       0.002910888643206431
5137      0.0034612177029212047
3185      0.0026080992001031107
2631      0.0019162487083796021
6882      0.0017892436541545255
5979      0.002910888643206431
6930      0.0016387556104607715
7222      0.0023326985843020107
4745      0.003000866746808226
337       0.0015074410806735635
4808      0.0039055285780332603
10881     0.0014930487166883984
10223     0.001698033654253909
2660      0.0019081881619352598
4092      0.0026896021848430386
11194     0.007456724384556261
11984     0.001698033654253909
12181     0.0015026145794556323
8648      0.0023326985843020107
9581      0.0027980119558042313
12031     0.002668428743252883
3357      0.0028048704586037133
9202      0.0023139814944869545
9488      0.0014604476615969605
9004      0.003307066175133205
6469      0.0034064403292878537
6880      0.001322566313929103
6033      0.0035276861357243184
7932      0.002450537687093452
10769     0.0014789126102337537
8319      0.0030332776553282106
6037      0.003583606715042984
6403      0.002750978194348426
8506      0.0022670449172258783
1983      0.002733722257451301
9802      0.0032187578029676564
426       0.002939762989062431
618       0.0028048704586037133
7680      0.002969727186847019
10516     0.0028048704586037133
6588      0.0014742559575575563
1367      0.0031023609476305866
10545     0.0032187578029676564
10347     0.004455857637748035
5501      0.0022545413988889398
4347      0.0014883086607866075
1476      0.0028048704586037133
4966      0.001063130205561508
7340      0.0032187578029676564
8974      0.002434815252428155
74        0.0037283621922781303
2682      0.001616230496729571
1372      0.003355199518318487
4518      0.0013822904761838894
7174      0.0022670449172258783
7847      0.001810230523776884
1399      0.0014789126102337537
9069      0.002292658654781298
9411      0.0023894339293476573
8640      0.0014883086607866075
411       0.004133935774757757
4841      0.0046842648344725315
6387      0.001311142275031477
8828      0.0023894339293476573
3768      0.0024665777680943756
4872      0.004011546762635979
6073      0.001782369524587237
9505      0.001966410039909656
8968      0.003520056246561792
11600     0.0046842648344725315
7410      0.0046842648344725315
2439      0.0037229426694925017
11115     0.002172131207416932
8130      0.004455857637748035
11706     0.0027567371154184313
7167      0.005556515757177582
8695      0.002499664097331663
3516      0.002499664097331663
11930     0.001532023756591747
667       0.001012235270008331
83        0.0016858186901652153
11606     0.0030332776553282106
103       0.0016619384838777531
4574      0.005556515757177582
11042     0.0034612177029212047
6408      0.002939762989062431
2366      0.0013781660149330226
2637      0.0013073705006918547
10177     0.0030670681593392033
1349      0.0019750872520201894
2581      0.0032187578029676564
3538      0.005556515757177582
7899      0.0034612177029212047
11409     0.0023057822098583062
8139      0.005556515757177582
1682      0.0016052031388321065
7165      0.001311142275031477
3646      0.002733722257451301
6114      0.0009101186018821869
8708      0.0016919026816623408
3544      0.004011546762635979
