t_index   tf-idf
11666     0.002681635831684965
6042      0.008363411382004792
11582     0.002765436832911921
7725      0.04778361517300685
10627     0.00296431601743831
11910     0.005950683103867147
5346      0.0030854776513234952
8259      0.003354981670454191
7929      0.016408189864182673
3419      0.0011220570490821213
2647      0.004211789574436328
705       0.003022651043265319
9196      0.001400277994388241
273       0.0022929890669817076
4163      0.028128325481456013
10484     0.002883955151985397
2682      0.001661800905471946
11238     0.0010235272672705139
10822     0.0013638099601635033
8667      0.008500988228543208
3708      0.0018396922534257996
8859      0.0026056421154150252
2357      0.002393892310956781
3423      0.005713184434541611
5307      0.0035588084276276296
7475      0.0004829727349809229
3500      0.0024720643789010303
1955      0.001176906682509183
449       0.0011643954336210138
7488      0.0011279726040335986
10988     0.0010145245048077693
11001     0.0011220570490821213
7681      0.0028344646656651915
2178      0.0027224614890030787
1714      0.0034498010084966398
11024     0.0013251134737315906
7379      0.0036193059527618423
7425      0.003596336357346475
8792      0.005713184434541611
2737      0.002105894787218164
10725     0.0079282650202813
5170      0.0122138403850024
6930      0.003369922251586624
7497      0.005753806540695168
6028      0.0017781812669434248
2177      0.011167625148563407
11784     0.0029209136445327356
6918      0.0027436663957882083
11385     0.003502486579173789
4891      0.005019896653312541
3993      0.0013251134737315906
9849      0.0015254274709820743
6900      0.006839603326711256
3674      0.003227809820380109
11219     0.0034498010084966398
10426     0.0022219579374903545
8187      0.0029374070261179493
2320      0.0064698468974755076
9379      0.0022807130008934413
9039      0.0028344646656651915
9930      0.0054236901068674855
6727      0.0011074530279262707
3251      0.001438451635173792
11912     0.0025919014430037237
10461     0.0030854776513234952
8904      0.004192236214715246
3771      0.0035588084276276296
9550      0.0016732988844375134
11000     0.0030854776513234952
8795      0.0023573012860251315
3768      0.002536124133736134
2990      0.002883955151985397
6033      0.0024181006469187996
11494     0.005147338578030368
7227      0.0024918690305249067
6132      0.001580370361319012
10485     0.004489910072037144
7763      0.004250494114271604
10095     0.0033095122522994514
8963      0.004581492721519125
7643      0.00296431601743831
7207      0.0032802236583154495
8261      0.005225728161586665
3340      0.008199391355754803
509       0.004561426001786883
7932      0.010078527179249008
5989      0.0017209821018967129
1549      0.0023440271234546678
9202      0.003568838000425838
9600      0.003637006231296546
2241      0.0030854776513234952
337       0.0015499441186624797
2063      0.0023164219745839443
4065      0.0024126677885406875
7335      0.0038334851864213104
279       0.0035588084276276296
11002     0.003502486579173789
6011      0.0021084497127153903
6311      0.0021357985267563854
10415     0.001987110688226633
5963      0.003771498043339863
8822      0.0029448395933806175
5256      0.0040156468650078825
8111      0.0026619639638688656
3888      0.0014811723677708468
103       0.0017087976516562613
443       0.0015499441186624797
5506      0.004124654284138872
7899      0.007117616855255259
2488      0.008500988228543208
4049      0.005745106439354777
9493      0.0015351459549408908
4286      0.001273846396914557
6232      0.0016227873310534883
12111     0.001954326315219401
6009      0.004435494858249496
1983      0.008432402677589445
1476      0.002883955151985397
8287      0.0018256170252443147
6766      0.003031646649563847
7755      0.003919495507024084
6166      0.0013175895217510006
9824      0.0019047358653520275
3656      0.002177820539276966
10563     0.0024876142397393572
497       0.0022686188091539487
9264      0.0013284706079561088
8959      0.0012562899565872197
10933     0.001313853391609058
1690      0.0024876142397393572
6855      0.004124654284138872
3821      0.0040156468650078825
1481      0.005713184434541611
1327      0.0037556793872517143
8718      0.002105894787218164
1150      0.0025876997885236146
11402     0.0031188024012491185
9096      0.004581492721519125
4949      0.004816339970782847
10385     0.0014876707759667867
3133      0.00296431601743831
6119      0.0028588349234929503
4073      0.0011339313386003404
208       0.0013598567175173296
10885     0.0016732988844375134
1607      0.0014604568222663678
10096     0.0040156468650078825
4423      0.004250494114271604
3908      0.0026619639638688656
11884     0.0020922576525089598
7704      0.009356407203747355
11802     0.004581492721519125
3465      0.004124654284138872
2463      0.0019062185223897871
1121      0.0026619639638688656
5775      0.0040156468650078825
944       0.001590769775980593
116       0.004636218590948308
7888      0.0013363420617467105
803       0.0037556793872517143
6648      0.002125806579506555
1729      0.005819745959931821
5659      0.003875240403812855
78        0.0017716242597144373
9694      0.004399331042932554
5631      0.0031188024012491185
6387      0.0013481105722598081
450       0.0025034660584176706
1834      0.0036193059527618423
10401     0.0020769091502491903
11017     0.0034498010084966398
8701      0.0033095122522994514
5313      0.0022219579374903545
9371      0.0015020268372850068
7915      0.003227809820380109
10553     0.001913956428771051
3426      0.0025876997885236146
9045      0.004636218590948308
10486     0.0027224614890030787
11675     0.0020307758023591044
6161      0.0015599607229953125
10958     0.0013028842101462672
7525      0.0018049490096400608
11100     0.0026056421154150252
4417      0.007411600837564002
3903      0.0012845644022237113
9399      0.0021359476168875814
7628      0.009632679941565693
3341      0.0021359476168875814
486       0.008249308568277745
10669     0.0038334851864213104
1743      0.0014170240792638407
4102      0.0022686188091539487
6535      0.0011490212878709554
338       0.0013567509027670047
3692      0.004341547979087711
8977      0.00335364965051284
10215     0.004581492721519125
3282      0.006632093566103466
9500      0.0009941148664840695
2282      0.003022651043265319
4081      0.005147338578030368
2339      0.001681343465339362
2883      0.004192236214715246
9617      0.003400310522176434
11758     0.0026619639638688656
6897      0.01608981499010979
5330      0.005627940417394241
1798      0.001400277994388241
10317     0.002650602685494875
1623      0.0025701433481962774
199       0.0018256170252443147
4047      0.0026619639638688656
2941      0.004250494114271604
7426      0.0025859582156837566
4170      0.0035588084276276296
11098     0.003022651043265319
569       0.001702772952642706
6403      0.0009428477896670358
11984     0.0052377316290050085
11027     0.001456008075501129
320       0.0020769091502491903
3565      0.0010197076524491018
4835      0.0048836519912853135
4092      0.002765436832911921
6177      0.005147338578030368
10902     0.0019062185223897871
7742      0.004816339970782847
2249      0.001273846396914557
7892      0.005935953298364054
5255      0.0025529565447378754
6203      0.0025056470534061295
3068      0.002623987674229229
11682     0.0027017934733988246
2036      0.002883955151985397
9543      0.0017651195001101019
1942      0.0011399338877852094
131       0.0018396922534257996
3537      0.0023309653566213444
1720      0.0019619904597341863
2656      0.0019296558166747462
10419     0.003502486579173789
8449      0.0022807130008934413
5387      0.0022323681048967655
8034      0.0012025195445396597
10259     0.0016337451198894354
5501      0.002318109295474154
6616      0.0013213428295631722
11606     0.0031188024012491185
83        0.0017333511720307759
5186      0.001076215223349676
6882      0.0018396922534257996
5979      0.002992962571116387
4566      0.002519631794812252
11042     0.0035588084276276296
5291      0.002936640722662546
11050     0.002765436832911921
8157      0.0018612708580939012
564       0.0017209821018967129
4016      0.0008946109657551249
1431      0.004581492721519125
9583      0.0013757858670355718
7165      0.0026962211445196163
8092      0.005713184434541611
8347      0.0019296558166747462
7516      0.0034542864209409292
1056      0.002384515239725551
8317      0.004399331042932554
8304      0.004796940321854135
4395      0.0021995909764006786
925       0.004250494114271604
2613      0.0006800886587512104
3838      0.0034498010084966398
10354     0.0025876997885236146
292       0.005713184434541611
4427      0.005713184434541611
8136      0.0020042974916850346
104       0.0019956588606903935
7771      0.00710632415857695
4322      0.0011016837953554501
10237     0.001570101760376339
5107      0.0017781812669434248
4111      0.001811780371773696
1910      0.0031188024012491185
7204      0.001661800905471946
3096      0.0018834353782622433
9921      0.0027017934733988246
8601      0.0036193059527618423
5342      0.0019062185223897871
8613      0.003400310522176434
4027      0.0028510554583774795
3084      0.01034940302548992
5385      0.0028344646656651915
1278      0.005713184434541611
3204      0.0027436663957882083
8106      0.0012774034526997163
1730      0.0027878037940015977
2694      0.0075113587745034285
814       0.004816339970782847
8686      0.001661800905471946
329       0.0018186693832143077
4511      0.010294677156060736
8326      0.006619024504598903
12171     0.0005215907533000152
5351      0.001313853391609058
2419      0.004581492721519125
8264      0.0021995909764006786
2524      0.0018396922534257996
10118     0.004825335577081375
8732      0.003022651043265319
4648      0.0054873327915764165
11612     0.004581492721519125
2882      0.0018985532734791869
11691     0.004714602572050263
8408      0.0015449815318838926
2644      0.0035588084276276296
8876      0.002244955036018572
4871      0.0019956588606903935
1687      0.004250494114271604
4787      0.0015549370578424424
1835      0.0035588084276276296
8218      0.0033095122522994514
2142      0.005147338578030368
11291     0.0036846482577603612
10345     0.001492295961206743
1668      0.002105894787218164
1913      0.001442805474886538
9429      0.002765436832911921
10343     0.0022929890669817076
492       0.0038334851864213104
3383      0.0032676393299100673
3867      0.007153545719176652
2872      0.0038334851864213104
