t_index   tf-idf
7475      0.0032117686876231375
10503     0.017415457666441654
1195      0.02406636119069336
967       0.003587695423298243
1607      0.004856018934035674
5963      0.0020900384990175077
6900      0.007580560353771643
667       0.006921158658681964
11552     0.004259245451098021
2025      0.014425403031929527
6138      0.013939185413928194
1192      0.019566073596715167
3378      0.012094151398375148
5724      0.018104368901870473
10712     0.018390154938864277
12177     0.023220610221922205
10067     0.020079959449166285
1955      0.003913214719343034
5387      0.022267871846345235
9264      0.004417164771454062
10933     0.004368562527100118
2185      0.015086315080873762
6311      0.0035507650507324907
2120      0.015233463299051092
9858      0.012487633962611952
11238     0.003403228163674459
10578     0.011089072184913508
488       0.009339475597745764
6511      0.007464475494761752
6387      0.0044824676527638625
11835     0.0036345763902634054
8491      0.00886250432283683
7088      0.014132892929953084
2588      0.014627775717750742
9273      0.015233463299051092
5759      0.005061710612692569
7888      0.0022216686776539065
9543      0.005869022337866089
5989      0.005722265488806571
3430      0.00860410179684102
7426      0.004299155533574245
11412     0.005802828428105951
10243     0.0033847002241065337
2662      0.008488580511253436
2074      0.007035001667452629
8874      0.0027266859159747175
8896      0.014132892929953084
9371      0.003329492822648432
9824      0.003166623376147746
946       0.005377732324268549
7368      0.005487788230882265
10905     0.015233463299051092
1617      0.0050720463410153975
3251      0.004782851686952859
3266      0.011652551869103361
186       0.01533125953166602
1580      0.006937469959136528
8034      0.0039983774855943685
7411      0.006188725603162222
1361      0.006093475812182617
9930      0.004508442401333598
1165      0.006070176608937348
5897      0.013564645121710154
3653      0.008638865701599706
332       0.009052184450935237
2825      0.009764330402852968
9701      0.004711605063552272
8755      0.0059565893031336805
8143      0.005024285451678677
118       0.010144092682030795
9267      0.004052993825454738
5274      0.005237606217848035
7797      0.005583038021861869
2362      0.008983463299051092
2613      0.002261294790347775
671       0.007543157540436881
5355      0.011470588353251328
9849      0.0050720463410153975
6349      0.0059565893031336805
10143     0.007241253293095912
2150      0.00562209395484313
448       0.007750459810765971
8262      0.005978929680373044
704       0.003955462117138638
324       0.011444530977613143
201       0.007002100167500396
4469      0.009764330402852968
9112      0.007928513172087457
337       0.005153564194552746
3686      0.012746338244850858
3982      0.00866376003375496
7048      0.007928513172087457
3675      0.011306032486236645
423       0.00860410179684102
6727      0.003682281317854851
8255      0.009269447615055312
516       0.008724759016812187
7880      0.008787160397478441
3524      0.007313639996532256
9360      0.013564645121710154
515       0.007425973565356636
918       0.010485539269740902
3253      0.01335202582615121
3993      0.0044060023001575395
7541      0.006969592706964097
1061      0.006874342915984492
3625      0.008787160397478441
6741      0.01164576787575285
176       0.00860410179684102
11836     0.004655924331340901
11666     0.00891643914035251
7516      0.005742751174814296
