t_index   tf-idf
4549      0.0014452320028517074
6817      0.0011557397061226808
2809      0.0006079966743621126
9266      0.0016328239648756339
118       0.004331996874888596
9849      0.0007219994791480992
11912     0.0012267718573647519
208       0.0006436332506398749
7887      0.0016770535696940937
3310      0.0010307833869175674
10673     0.00044850533730726564
2200      0.0021684645265553156
9047      0.0011419388465334927
6361      0.0010677605433200613
11549     0.001470275985789216
1011      0.0009209010190333581
7132      0.0012003719209498429
4673      0.0009286289364578177
516       0.004967834315622597
7880      0.002501682675438702
2764      0.0026831587226581527
9701      0.001341382224498867
9258      0.0012599331216888226
4417      0.006577466045791897
8809      0.0018144253729325064
11290     0.0016844182237525792
6253      0.003801288491430949
569       0.004835632797896368
7425      0.001702180553477157
7048      0.003385841924023113
1923      0.0068388599585137225
11142     0.005443276118797519
6011      0.0024948737703838694
6203      0.001185946825989378
10223     0.0024790687069667834
6138      0.003968451363395927
564       0.001629114729909344
5423      0.013958868046360063
6724      0.011687433009816674
4518      0.006054284710189759
3736      0.0006954942565008475
3774      0.01140779696085883
7426      0.005507814918458108
5387      0.0026415031846198384
10503     0.0008263562356555944
1192      0.009469701100189546
2025      0.0061603144620339615
7411      0.0008809573812330564
9267      0.000576938622840532
5759      0.0018013205027375692
5274      0.0007455667214018555
9371      0.002369745781244436
3583      0.001640823529395681
469       0.005053254671257738
6079      0.005413389255754628
7773      0.0011221199900289089
1021      0.0013089078248301974
6247      0.0022838776930669854
10578     0.0023677734202662295
337       0.0007336034440644477
586       0.0017828961231948638
8259      0.0010586300407364351
297       0.003725875736716948
14        0.002557569622505649
9284      0.02597207335514817
9500      0.0004705241183002891
8101      0.0012688225235718605
5436      0.0007407368711248108
3724      0.0013899402708687496
3068      0.0012419585789056491
4794      0.002903219474891577
6196      0.001743979424491559
946       0.0007655134981165193
201       0.002990220712099813
5727      0.0011032683004649068
7488      0.0010677605433200613
340       0.0015466050920926655
8159      0.001185946825989378
667       0.0024630457860078166
6535      0.0010876856319347833
5395      0.0016062162847326161
8187      0.002317171616095417
3848      0.0019055714779754483
5299      0.001683260558743598
12176     0.008210711996889178
1955      0.0011140824823752408
10943     0.0027512827777959594
7541      0.0009921128408489817
1061      0.009785541517415647
5897      0.009654551688049932
11835     0.0010347548442031047
10822     0.004518530508584418
3692      0.0006849654581478833
11695     0.0018144253729325064
12177     0.020658905891389863
2750      0.0020822456537723474
5799      0.0005753711440538002
11958     0.001309996551166634
7769      0.002345917713396908
10544     0.0016186249865704576
12044     0.0009170942592653197
6616      0.0043778298018623246
2416      0.0016328239648756339
6166      0.0024945111230303637
8379      0.0019223714000979422
876       0.002042498941047484
176       0.006123915869637737
12171     0.000987495661051986
7447      0.00112308568303254
10037     0.002602196076376918
1229      0.002432947084057686
9360      0.004827275844024966
2229      0.0013899402708687496
1057      0.0018551348841074843
8640      0.0021728776800274225
10903     0.0015058532398962198
8712      0.005332797421755993
4898      0.00301955771949098
11836     0.003313825146861852
3888      0.00035052655678562746
10077     0.001365003684035793
11165     0.004317933510588294
5968      0.0040241466734966015
7920      0.0010794833776470736
4562      0.0009486532611890021
331       0.00086079369383453
11884     0.0009902856504757712
6648      0.0020123293599599423
8346      0.007733025460463328
9311      0.006278067219158441
1560      0.0022367001642055666
5186      0.0025469150303470984
11027     0.0006891426122478653
2069      0.0016647871854451606
2357      0.0015107363101174466
11937     0.0034043727717426586
5330      0.00266375827584852
8874      0.0027169824073769427
4263      0.001811787936132027
6882      0.0008707440203047379
9541      0.0010625587892899291
758       0.0008178479049098345
175       0.01931279570602701
10426     0.002103348083175923
3419      0.0005310803826616446
1508      0.0012545557194691046
513       0.014504533535720471
7904      0.0011487776620728975
11234     0.0012599331216888226
6403      0.0008925178364819627
7296      0.0015873146032676431
296       0.004164491307544695
3319      0.0013772708410514807
5403      0.0019006442457154746
5597      0.0021684645265553156
10023     0.0022796199861712407
10491     0.0027041050882349975
10645     0.0019006442457154746
3445      0.0016844182237525792
230       0.00133037907012977
2090      0.0032735785476866947
9202      0.0005630551056425106
9553      0.0011487776620728975
10243     0.0009636157221655611
11238     0.0009688905804055397
6632      0.0022796199861712407
9197      0.0012885671816277916
7683      0.0019522385045924202
2491      0.0019006442457154746
1885      0.0011157333489015748
3857      0.0013177242753851077
2682      0.000786546336041882
5953      0.0017414880406094759
7368      0.0007811798193426711
4046      0.0018891290282691982
11412     0.0008260253990186407
9714      0.001250841337719351
8985      0.0025972073355148163
9583      0.000651172670162744
1467      0.0012419585789056491
1334      0.0016708960392501318
1045      0.0020615667738351348
10800     0.002577134363255583
2994      0.0021684645265553156
2137      0.001811787936132027
488       0.000664731359270161
4521      0.0016093996421689173
8338      0.00133037907012977
2749      0.0028336935424037976
2918      0.002071802234491881
68        0.005076976022976518
5355      0.004898471894626902
5735      0.002092689073052814
622       0.0017775991405853309
5291      0.0013899402708687496
7153      0.0008707440203047379
2112      0.0009095914411720255
9747      0.0006787831984011503
919       0.0015466050920926655
3829      0.0018551348841074843
9861      0.0018144253729325064
6114      0.001771654360247531
6009      0.0013995748900289037
1617      0.0007219994791480992
6098      0.001233275449644834
7597      0.0014170392713342397
5963      0.0005950287541686853
4782      0.0014030392538053212
2658      0.0014214677418034473
11140     0.0030042711747128663
8311      0.0011032683004649068
5500      0.00150977885974549
4620      0.0016895178073607457
3137      0.0008741185656936517
6946      0.001233275449644834
5569      0.0009133246392090435
3250      0.002086482769502543
1195      0.0022838776930669854
7201      0.0033472000467047246
9543      0.0025063440588751983
2339      0.0011936940261039243
7392      0.004164491307544695
8966      0.0013415793613290763
3159      0.001208338862811877
7743      0.0020117997053313995
11178     0.0032558812730452006
5747      0.003801288491430949
11065     0.003055506805057327
6727      0.0010483363182504913
867       0.00133037907012977
2845      0.001743979424491559
9584      0.001476159143651718
8274      0.0011352189729654802
8491      0.0018923496774740562
3570      0.001233275449644834
4787      0.0007359666501531844
3616      0.0021141561751905013
313       0.0010516740415879614
2219      0.0020117997053313995
12045     0.0007919884399650865
4347      0.0007242925600091408
368       0.0030618112958346994
396       0.0027041050882349975
6631      0.0016093996421689173
10501     0.0037946130447560084
6696      0.0007129608683695212
2191      0.005408210176469995
3451      0.0024362848073951563
8287      0.0025922462386921055
6766      0.002152361233409208
13        0.0016328239648756339
5685      0.001743979424491559
5417      0.010665594843511986
12155     0.0024362848073951563
3304      0.0012787848112528245
1068      0.0027041050882349975
2376      0.0010737590804892356
10919     0.0010625587892899291
10803     0.0018551348841074843
1648      0.0012247831739275472
8106      0.0018138219844383873
2458      0.0027041050882349975
8932      0.0015570485113731317
2795      0.0032656479297512677
5157      0.001128613974674371
8800      0.0009095914411720255
3584      0.0027041050882349975
213       0.0036011157628495286
7140      0.000602923739464897
8755      0.0033916522722469353
8396      0.0016328239648756339
5256      0.0019006442457154746
6725      0.004872569614790313
457       0.002962620623118802
3838      0.0016328239648756339
8906      0.001365003684035793
9492      0.0009875402077062672
7174      0.0022065366009298135
356       0.002432947084057686
847       0.001476159143651718
1173      0.0037102697682149686
1017      0.0008575330585263401
8313      0.001365003684035793
9029      0.001309996551166634
11867     0.0018572578729156354
7475      0.0020573607251678457
6789      0.0022796199861712407
10769     0.0007197199268664263
8803      0.0020117997053313995
9509      0.000814557364954672
3295      0.0016328239648756339
11097     0.0020117997053313995
10768     0.0010516740415879614
8794      0.0019006442457154746
7308      0.005408210176469995
49        0.001250841337719351
320       0.004915105284397551
8048      0.0008204117646978405
8743      0.001128613974674371
9594      0.002706228077043149
8835      0.0032656479297512677
6965      0.0013089078248301974
2790      0.00133037907012977
5557      0.005408210176469995
11857     0.0020822456537723474
9264      0.0012575558068196617
2236      0.0012247831739275472
9824      0.00045076489340181437
5587      0.0008640820795640351
12169     0.002890464005703415
9484      0.0021684645265553156
2656      0.0009133246392090435
7049      0.0008447589036803729
50        0.0018144253729325064
10647     0.0010014237249042887
193       0.0017130522836915482
6073      0.0008673986921256394
6215      0.001476159143651718
1649      0.0008174734768418925
11170     0.001097183403195952
11101     0.0015277534025286636
4838      0.0019253134809965541
110       0.0008640820795640351
2255      0.0019522385045924202
7287      0.0012885671816277916
8034      0.000569164054888878
2134      0.0018551348841074843
2232      0.0015466050920926655
9818      0.001566423948597249
8659      0.000924745657630015
12111     0.0009250014232177236
5802      0.0015058532398962198
471       0.0011352189729654802
5107      0.000841630279371799
631       0.001208338862811877
12093     0.001740278361665679
6205      0.0020117997053313995
10571     0.0009209010190333581
8104      0.0028459597835670068
8615      0.0011032683004649068
5476      0.0011557397061226808
4664      0.0007811798193426711
3318      0.0014452320028517074
5596      0.0017775991405853309
341       0.0009967402373666043
8558      0.0009611857000489711
2639      0.001091192849228898
3369      0.0011557397061226808
6020      0.0019197540028427487
3661      0.0014306497820437275
7574      0.0024362848073951563
11213     0.0021684645265553156
7797      0.0023842155253502645
3358      0.0019522385045924202
4871      0.0009445645141345991
627       0.003055506805057327
1015      0.0021684645265553156
927       0.0009095914411720255
2361      0.0024839171578112983
5061      0.0024362848073951563
4630      0.005408210176469995
9739      0.0010257325569427538
2625      0.0007312546040589242
9488      0.0007107338709017236
3321      0.000877522843142987
6900      0.0005395416621901525
10486     0.0012885671816277916
220       0.0027041050882349975
4325      0.0027041050882349975
10506     0.0020822456537723474
10317     0.0008363704796460697
2803      0.0008673986921256394
670       0.0008809573812330564
226       0.0014960089541311645
7779      0.0018144253729325064
8174      0.0011925659384698561
3426      0.0012247831739275472
10289     0.0016118775992987893
9280      0.0020117997053313995
2306      0.0027041050882349975
6311      0.0015163409469320245
983       0.005408210176469995
6279      0.0027041050882349975
3524      0.0010410875439903567
7692      0.0013899402708687496
4016      0.0004234279659979773
3461      0.0010794833776470736
5646      0.0012692440057441294
8963      0.0021684645265553156
1688      0.0014165979429127382
3042      0.0014452320028517074
1886      0.0011774117220118665
8320      0.000924745657630015
75        0.0015623596386853422
5005      0.0011221199900289089
931       0.0008707440203047379
4877      0.0027041050882349975
5076      0.0018144253729325064
8814      0.0014306497820437275
2254      0.0020117997053313995
1248      0.0016577605517085906
5372      0.0020822456537723474
3656      0.0010307833869175674
2113      0.0012692440057441294
9848      0.0010014237249042887
10958     0.0006166676154784824
324       0.000814557364954672
11859     0.0030771976708282613
7888      0.0003162517690610543
11115     0.0010570780875952506
6588      0.000717453744469736
102       0.0017085994183781358
1360      0.001046344536526407
6862      0.004559239972342481
222       0.005408210176469995
8595      0.0012692440057441294
4286      0.0018087712183946913
8261      0.001855040512876405
359       0.0019006442457154746
9056      0.0012692440057441294
677       0.001743979424491559
1443      0.0021684645265553156
6387      0.0019142210616785178
11460     0.0024362848073951563
8706      0.0009921128408489817
3859      0.0012692440057441294
1743      0.0006706911122494336
6740      0.0006726983011321954
10543     0.0011557397061226808
3847      0.0016577605517085906
10071     0.002158966755294147
7642      0.0020822456537723474
2769      0.00150977885974549
1933      0.0027041050882349975
902       0.0010207469007879506
1879      0.0006236277807575909
8686      0.000786546336041882
11472     0.0020117997053313995
497       0.0010737590804892356
4739      0.0012910087167384051
4536      0.0010109645304129835
4783      0.0018551348841074843
8268      0.0027041050882349975
219       0.0016577605517085906
6678      0.00266075814025954
8940      0.0016093996421689173
10415     0.0018810371639440726
6472      0.0020822456537723474
9845      0.001216473542028843
10720     0.0024362848073951563
7116      0.0027041050882349975
3705      0.008112315264704992
11666     0.0012692440057441294
10319     0.0027041050882349975
10510     0.0020117997053313995
1340      0.0011487776620728975
2049      0.0015466050920926655
3500      0.0011700518234656122
3625      0.001250841337719351
4067      0.001208338862811877
6607      0.0006473845712814794
2342      0.001250841337719351
10633     0.0013772708410514807
160       0.0024362848073951563
1171      0.0006808329803491613
8959      0.0005946141075661929
105       0.000965455168804993
3850      0.0012787848112528245
8091      0.0006787831984011503
1238      0.0020822456537723474
2651      0.0010158247579054231
4960      0.0010681183527036313
1054      0.0027041050882349975
9162      0.001097183403195952
10024     0.0019006442457154746
338       0.00032108161933809895
2241      0.001460386219309697
3708      0.0008707440203047379
2825      0.0027798805417374992
11930     0.0007455667214018555
8239      0.0020822456537723474
2927      0.0021684645265553156
4999      0.0010257325569427538
967       0.0010214079496934497
3174      0.0016093996421689173
6232      0.0007680808364060995
4641      0.0014625092081178483
3650      0.001250841337719351
5484      0.0020117997053313995
7083      0.0027041050882349975
1457      0.0011628295012038865
449       0.0005511195468740029
10        0.0022796199861712407
6593      0.0027041050882349975
12238     0.005408210176469995
5965      0.0007431442495731426
10858     0.0024362848073951563
9411      0.0011628295012038865
11414     0.001091192849228898
3717      0.0018551348841074843
3860      0.0011032683004649068
10433     0.0011628295012038865
7322      0.0010207469007879506
186       0.001091192849228898
6681      0.000814557364954672
3266      0.000829363122356111
5109      0.0027041050882349975
9276      0.0027041050882349975
5305      0.001743979424491559
7525      0.0008542997091890679
295       0.0022796199861712407
83        0.0008204117646978405
1372      0.0016328239648756339
6501      0.0020117997053313995
11706     0.0013415793613290763
10882     0.0006079966743621126
2613      0.0003218924968466583
2260      0.0027041050882349975
4111      0.0008575330585263401
1580      0.0009875402077062672
9503      0.0006767442332947581
704       0.0005630551056425106
10094     0.0008174734768418925
621       0.000664731359270161
7913      0.0016577605517085906
9600      0.0005738099985319581
6570      0.0010410875439903567
8155      0.001460386219309697
1607      0.0006912482468378182
1496      0.0018144253729325064
8337      0.0011849145401051607
944       0.0007529266199481099
3646      0.00133037907012977
9545      0.0011487776620728975
2762      0.0006976348879651521
2787      0.0010109645304129835
9256      0.0011557397061226808
4729      0.0012003719209498429
11187     0.0014452320028517074
3530      0.0027041050882349975
9654      0.0016844182237525792
3597      0.0012787848112528245
9249      0.0020822456537723474
5038      0.0019006442457154746
5382      0.0020822456537723474
5877      0.0016577605517085906
547       0.0015873146032676431
8273      0.0015277534025286636
11863     0.0006344112617859303
1726      0.0007838537607481205
10674     0.000829363122356111
5142      0.0008002980718637906
2501      0.004336929053110631
2242      0.0015466050920926655
12181     0.0007312546040589242
3565      0.0004826374298068703
8449      0.0010794833776470736
4682      0.00150977885974549
634       0.0010307833869175674
1520      0.000592973412994689
6249      0.0014452320028517074
6989      0.0005676277387852251
2116      0.0013772708410514807
8889      0.0010257325569427538
6233      0.0008174734768418925
11138     0.0004705241183002891
10054     0.0011700518234656122
10801     0.0027041050882349975
7413      0.0022796199861712407
