t_index   tf-idf
11238     0.00591865767595558
6349      0.020718571489160627
10578     0.05785602879085308
1192      0.027222363264995015
11552     0.014814766786427899
2025      0.012543828723416979
2339      0.019445102686098708
1743      0.016388191525399203
10043     0.023180136208183443
11196     0.0179254406767052
75        0.01908795906393831
635       0.020953633864861005
8262      0.020796277149123632
7217      0.010714596863000133
199       0.02111365777021686
8512      0.030134817508712903
12177     0.020191834975584525
10067     0.023281112404830478
9371      0.005790422300258142
5387      0.0258178224305452
12117     0.039325330386910065
8491      0.015413050996237965
4641      0.017868047281787626
1617      0.017641900316575296
8373      0.02726270182968196
3616      0.02582947327080569
2270      0.020641500168189983
667       0.01203679766727298
3653      0.015024114263651661
118       0.017641900316575296
4673      0.022690846186491025
5759      0.008802974978595772
9267      0.014097369827668653
5274      0.018217760757732297
449       0.013466486319269116
5963      0.0072696991270174175
6900      0.013183583223950683
10822     0.015772758669717037
8932      0.01902307094329783
5351      0.01519500009426128
2220      0.03878568726245284
