t_index   tf-idf
4049      0.01880859461991841
9493      0.012564579200439291
4286      0.010425942817823759
4730      0.021064493257785817
7899      0.043691217311489984
2780      0.06319347977335744
10627     0.012130893240593701
7207      0.010067763382060496
8287      0.014941973191230393
6766      0.01860964635655346
7929      0.047962401141457056
497       0.009283886203614622
5346      0.012626723926954613
8259      0.009153078198367331
11582     0.022634036847832956
7725      0.02300532422809018
6009      0.006050469909201877
2357      0.003265514639561558
3340      0.012582912119023718
9399      0.008740954862955334
509       0.018666758715004783
6570      0.01800280614531017
273       0.00938361679718668
4163      0.02877744068487423
7561      0.010116448073656524
2177      0.015233786100091625
6918      0.011227927096610208
11385     0.014333252770157354
9196      0.005730368407804187
8959      0.010282250106221552
2249      0.010425942817823759
1581      0.010311108575693218
8106      0.005227527975663455
1890      0.03478865951988452
6476      0.03015742881736173
8874      0.006711842254706998
7932      0.010311108575693218
1560      0.006446284575812967
6119      0.035097696445344224
3324      0.01800341626800091
12171     0.0021345098519662165
7447      0.004855185798956058
4590      0.023380108609047212
4047      0.010893575605986437
637       0.011227927096610208
9112      0.009758170057953793
1690      0.010180082888779524
1686      0.00853842456509111
11412     0.003570971340372893
7123      0.003986738734400776
8584      0.011141150093458754
338       0.00277612107796941
4891      0.006847653896313518
8157      0.0076168930500458126
4027      0.005833698091756997
9525      0.013724166262098702
1582      0.018748877906524422
4794      0.004183613704843759
8247      0.007170801150217452
4111      0.007414362752181588
3712      0.010589663749958178
3321      0.007587197505328596
6900      0.004664960217705626
10958     0.002665901537683901
67        0.007276864877030016
10110     0.00959248022829141
9264      0.0013591276219858653
8296      0.01105657021421673
1476      0.01180203185274024
3458      0.011599501554876015
8320      0.007995493224431823
5117      0.01800341626800091
11106     0.01481131359130231
6011      0.004314212489094568
11001     0.004591802693166835
11000     0.012626723926954613
10317     0.003615693919700702
2210      0.007093406334772099
11958     0.005663215859658834
9202      0.004868261067247554
2749      0.008166850106825304
313       0.009092935559575913
2320      0.008825534742197359
9371      0.002048918660091343
1798      0.005730368407804187
159       0.01568780091673952
11756     0.023380108609047212
6893      0.01800341626800091
1101      0.009932508401307206
9928      0.023380108609047212
7097      0.006383839266411587
11761     0.009815277889332308
7217      0.0037913188899846625
