t_index   tf-idf
11766     0.008353888686177998
367       0.005207844410772451
8256      0.0070060574534378224
2882      0.005642627606094568
8091      0.0042623034357703515
11691     0.0070060574534378224
11989     0.006570342229361348
11605     0.011649003406350908
5436      0.004651330967286522
7227      0.007406001811392461
3297      0.010253039868828003
3656      0.012945257283746882
8104      0.005956906511600215
11412     0.010373771491586057
10243     0.004538145551874682
4417      0.011013887278167735
11582     0.00821906365982761
7725      0.05012333211706799
4739      0.008106669260413226
5346      0.009170246427397204
7929      0.034833028761952045
9525      0.009967271586999057
4049      0.006829936593825121
7123      0.008686190538638562
9493      0.00456255669289695
4286      0.003785956889153879
4730      0.030596470653767107
7899      0.010577017226245246
2780      0.015298235326883554
8287      0.0054258561867596405
6766      0.013515385622077932
9808      0.016979967146235404
3282      0.006570342229361348
2878      0.013075106786816304
4237      0.009372549067924828
8913      0.014341220821269785
5631      0.009269289818237604
5005      0.01409232255634071
9029      0.008225900131348026
3643      0.005405207328882748
5659      0.005758737136392288
8259      0.013294973919416236
7932      0.007488514608045354
2177      0.005531821768189696
1835      0.010577017226245246
8868      0.007798667277597485
2772      0.012258749045597097
273       0.006814917227007087
4163      0.02786642300956164
1582      0.013616503507531703
9581      0.004275174692248365
8261      0.0038828036060951196
3340      0.006092285197292675
509       0.013556863871232522
4500      0.009967271586999057
8187      0.0029100568675879874
1350      0.00753753094495879
2320      0.006409606237350037
9379      0.006778431935616261
5395      0.005042980737540393
5330      0.01115107747506047
159       0.011393374967464454
11758     0.007911535356302998
6893      0.02615021357363261
443       0.004606537827533181
5501      0.006889576230124301
10289     0.005060755367630836
7497      0.004275174692248365
5991      0.00797000146623688
67        0.0052848739330385594
8904      0.0062298035369511475
11784     0.004340575583495574
5313      0.006603807948295356
11572     0.010409624916874055
2226      0.00568840681623575
4513      0.005711624468588586
6918      0.00815436046122529
5173      0.010409624916874055
10099     0.005553581789885362
8373      0.0070060574534378224
5387      0.0033173738318577634
11930     0.004681659189137909
4835      0.007257270556882086
7412      0.006472628641873441
6403      0.002802206838563481
12171     0.0015502026857855203
8408      0.004591788686939838
9583      0.008177855656568986
9747      0.0042623034357703515
2082      0.006089520181738684
1884      0.013616503507531703
6012      0.008424219006334535
2178      0.008091338056701888
6011      0.003133226947387116
6607      0.004065141106817782
2858      0.011934771688179852
2738      0.00855034938449673
8751      0.02276267399665726
6394      0.011649003406350908
6009      0.004394196023442704
11063     0.005831167176416688
8701      0.00983609228057714
6210      0.0038828036060951196
4065      0.007170610410634892
12084     0.005954291472304638
131       0.005467688708505729
10544     0.010163879803939633
7774      0.00864833757174226
5223      0.008353888686177998
7771      0.004224094360182054
4111      0.01076946545009616
3712      0.015381634497145958
3341      0.006348179509408902
8320      0.005806782788693503
11786     0.007744143046931808
10389     0.008496649046358938
7775      0.00797000146623688
4113      0.008029911328760754
7049      0.005304519596294632
338       0.002016177319195661
5214      0.006378698479808356
7165      0.004006674996883899
5632      0.010951021637589455
9500      0.0029545760277627097
7888      0.001985849097344274
2346      0.006348179509408902
5316      0.006504764557454956
