t_index   tf-idf
9913      0.001633119259232303
6743      0.014279624151829507
3385      0.0034577083143981905
8408      0.0014294437825430103
5963      0.0011631518603227868
11912     0.0015987148610759202
6166      0.001219056740124404
2051      0.0031918158896003697
3340      0.0037931097402274395
8259      0.0025867394908429416
9991      0.005117260504727451
7771      0.007889873639713958
9562      0.024980702057605917
9550      0.0015481652287317519
6161      0.002886605581333935
9711      0.005285937598567195
6233      0.003195965871200999
10126     0.004762407171325489
10988     0.0009386557157525798
2210      0.0016037266496006484
10119     0.002035099825122019
4016      0.004138548119841099
10907     0.0017708257740977377
6068      0.0036928365700427458
3585      0.004762407171325489
8066      0.004762407171325489
10030     0.0023464661550393453
10317     0.0032698449360771564
3073      0.0024451228932113925
11339     0.0022592198777076408
8506      0.002156649686474009
4873      0.0016826645423826292
9556      0.002377941323896382
9561      0.009324828624974735
11784     0.00405372015362978
11770     0.001822935727797639
5839      0.03749237353720047
827       0.003474819885248543
10992     0.0018001612963365124
8418      0.001633119259232303
7447      0.0021953883612670874
8768      0.004289510070233913
7301      0.003626385408237935
3634      0.0053396348705366135
5956      0.0038968209627828288
7497      0.0026617609388259384
2466      0.00298642578163864
2646      0.004724079588871478
4322      0.003057891021543128
7892      0.003661364817077886
3565      0.0037738050163681545
9543      0.0048993577776969095
7426      0.0017944301357527288
967       0.0009983152482221198
2712      0.002622496003711099
8977      0.0031028549809962278
3696      0.0034713789009318684
12208     0.009692080788280573
6973      0.003720408303899404
7207      0.0037936499700517807
10205     0.0023464661550393453
4834      0.004070337591026293
3152      0.0033486448119466094
3312      0.0013430302448228233
3785      0.004693226257956004
11101     0.00298642578163864
3671      0.003409100648919152
8136      0.0018544108966546756
4817      0.0032405614958616624
2737      0.0019484104813914144
3425      0.0031028549809962278
8106      0.002363751780299997
8187      0.001811826710602608
8651      0.002035099825122019
6098      0.004821570801394065
75        0.0015270367251150648
7493      0.0029177152750583376
8113      0.0021447550351169566
1983      0.01560361121557421
953       0.0014766650800101663
4210      0.0020453761027055327
1045      0.0020149574380788626
6360      0.0025834745353551514
2651      0.0019857165702359923
3038      0.0037153463168420756
1419      0.004070337591026293
10365     0.004238876744083782
320       0.003843184931939372
9056      0.0024810961086198288
12245     0.00302327673654288
3052      0.034606290740480855
1295      0.0017288541571990953
477       0.004175878359787415
12044     0.0017927199085464687
12171     0.0009651696721934195
3571      0.0017425871673661104
9824      0.0008811473742324163
8904      0.001939364927155227
7411      0.0017220801678364444
4978      0.0032904084661353116
11936     0.00819568787972244
11158     0.0019484104813914144
4794      0.0018917209795815259
8374      0.002951289458006836
7319      0.0020879391798937076
986       0.005285937598567195
11937     0.004991106515789672
6011      0.001950774342894935
8390      0.001822935727797639
8493      0.007737973661263566
226       0.0014621861429942862
10589     0.004238876744083782
2447      0.0033274043438597813
7902      0.002769141022319857
11686     0.01057187519713439
6588      0.0014024661022330144
7525      0.0016699702141365434
9500      0.0018395447268505219
2281      0.002055794126512815
3554      0.002331207156243684
9904      0.002796609313073304
9200      0.005285937598567195
4480      0.002668285462358663
6114      0.0017315995660158478
10231     0.002518868716781979
700       0.004456161503402565
5578      0.005285937598567195
4606      0.005285937598567195
671       0.002098965576469393
6274      0.003409100648919152
4930      0.002219106305414261
4047      0.0024628953543969333
1743      0.0013110553220319363
6727      0.0020492696029800906
4027      0.0026378460936640337
8800      0.0035561070604429802
232       0.0013850018617214657
11078     0.0028547375834853906
10647     0.001957565681378123
6989      0.004438355327962387
3368      0.002622496003711099
9563      0.006167382379538446
4417      0.004285838745200053
2261      0.0027107573258819562
3577      0.0035468071637845865
6102      0.001586624905758834
5186      0.0019914660828592268
8101      0.0012401361012998012
9492      0.0019304264234119033
8776      0.003292671449561564
931       0.0017021152675174356
8287      0.0016890926216173489
6766      0.0028049322044660287
337       0.0014340352541364163
10484     0.002668285462358663
2729      0.00202496148832076
7368      0.0015270367251150648
9474      0.0020050841634846176
7763      0.003932631076160858
6150      0.001830682408538943
6442      0.002825114384704903
5954      0.0026450437900839125
7475      0.00044685477393017564
25        0.0017708257740977377
5255      0.002362039794435739
3569      0.0019304264234119033
6038      0.004220310666001081
3469      0.004762407171325489
11984     0.004846040394140287
3626      0.00298642578163864
10032     0.0017220801678364444
2036      0.002668285462358663
5095      0.004456161503402565
6349      0.0016574857191328503
2225      0.004070337591026293
7769      0.0022928795737896736
8925      0.004456161503402565
3980      0.005285937598567195
5832      0.016645589267274673
270       0.012411419923984911
8392      0.002717031068619956
9202      0.002201300656494546
11412     0.0016147000843425255
7123      0.0018026992538160032
7128      0.009511765295585528
6028      0.0016452042330676558
11165     0.0021101553330005406
5198      0.002717031068619956
3653      0.001201929141092133
564       0.0015922825707983502
6724      0.0076154635959617065
5250      0.0035468071637845865
5759      0.0007042379982876618
8103      0.003292671449561564
6896      0.008753145825175014
9845      0.002377941323896382
8881      0.002121513362842206
8262      0.0016637021719298907
5209      0.003661364817077886
2803      0.0016955758781725542
3720      0.004197931152938786
5333      0.0054852734653119345
444       0.004762407171325489
758       0.0007993574305379601
5988      0.005285937598567195
9507      0.0015754351492276862
457       0.0019304264234119033
233       0.002796609313073304
1608      0.00302327673654288
8135      0.002362039794435739
9629      0.004762407171325489
8394      0.004238876744083782
4165      0.0019484104813914144
10544     0.0010546866579160547
6521      0.0020050841634846176
11863     0.0012401361012998012
11835     0.002022720773711808
8822      0.0009082056021324572
3888      0.0006852032170905135
12111     0.0024109022601663103
6022      0.0013032687092410767
8314      0.005285937598567195
5149      0.0031028549809962278
3533      0.0031918158896003697
5571      0.004762407171325489
9488      0.0013893302102496302
1302      0.004456161503402565
2411      0.002331207156243684
2442      0.003292671449561564
8769      0.0014815537362429115
8883      0.005285937598567195
10191     0.005285937598567195
3085      0.0024628953543969333
1234      0.0031918158896003697
4821      0.004238876744083782
2679      0.0029177152750583376
3041      0.0026450437900839125
6300      0.004762407171325489
902       0.0019953382895402725
2063      0.0021431938964846233
9264      0.0009218430827382391
3555      0.0023015839574631967
2915      0.0020879391798937076
963       0.003615353458003955
7765      0.005285937598567195
4225      0.002232242197397645
4546      0.0031028549809962278
331       0.0033653290847652584
6132      0.0014621861429942862
2738      0.003992641408238908
10138     0.0029177152750583376
5500      0.002951289458006836
105       0.0018872549734553258
4170      0.003292671449561564
4376      0.0011687968663480317
6210      0.00120873364433222
7707      0.004762407171325489
3101      0.003474819885248543
2088      0.0017153663925090737
6696      0.00139368350616929
8230      0.0031460264309528057
2631      0.001822935727797639
338       0.0006276447654539535
4871      0.0018464182850213729
8315      0.003630535389838564
11238     0.00047349261407644643
6616      0.0012225293657871436
3032      0.005285937598567195
8497      0.003292671449561564
6753      0.0025384878653205685
8765      0.010673141849434652
3347      0.004070337591026293
3476      0.004762407171325489
11452     0.004762407171325489
11465     0.004762407171325489
12100     0.0023015839574631967
9645      0.002518868716781979
6403      0.0008723391723528054
132       0.0025384878653205685
7526      0.004762407171325489
9862      0.0033486448119466094
3776      0.0017356894504659342
8331      0.005285937598567195
5206      0.004456161503402565
8495      0.0020149574380788626
3449      0.0015754351492276862
2987      0.0037153463168420756
281       0.003932631076160858
10952     0.00891232300680513
9878      0.004238876744083782
12132     0.003474819885248543
398       0.0025384878653205685
10513     0.004762407171325489
7155      0.005285937598567195
1083      0.0023941848478166317
11379     0.004238876744083782
7762      0.002219106305414261
1641      0.005285937598567195
1621      0.005285937598567195
6871      0.0017356894504659342
10823     0.004925790708793867
8258      0.005285937598567195
11589     0.004238876744083782
11138     0.0018395447268505219
8396      0.0031918158896003697
7638      0.005285937598567195
7430      0.0021447550351169566
11331     0.003292671449561564
7214      0.002622496003711099
4139      0.0030620182925622753
3426      0.0023941848478166317
3651      0.00381620187680327
11723     0.0017636665285415075
1508      0.0016349224680385782
9791      0.0015922825707983502
11890     0.002769141022319857
11438     0.00381620187680327
10943     0.0017927199085464687
2357      0.0007382902663356565
11836     0.0012955615530687726
8151      0.003474819885248543
7815      0.004238876744083782
11851     0.0017425871673661104
6238      0.005285937598567195
2685      0.0016637021719298907
11341     0.003474819885248543
9509      0.0015922825707983502
10909     0.0023941848478166317
2339      0.0015556082148878967
11549     0.0009580233090012051
569       0.0015754351492276862
10705     0.002825114384704903
1219      0.004574393911566429
12244     0.002769141022319857
7847      0.0017220801678364444
213       0.0023464661550393453
825       0.0028855702216774456
1361      0.0016955758781725542
5608      0.0025586302523637255
3854      0.0037153463168420756
8908      0.002600601869262368
7227      0.0011527602819471742
11220     0.0013553786629409781
2443      0.0022730788858315977
3708      0.0017021152675174356
5569      0.0017853511208190697
11540     0.0018706544205749252
9462      0.0031460264309528057
3243      0.0031028549809962278
7194      0.003409100648919152
8844      0.0031460264309528057
8347      0.0017853511208190697
2389      0.0035468071637845865
9493      0.001420343735701833
10243     0.00047091481378873514
6312      0.0024628953543969333
274       0.002377941323896382
1718      0.0022592198777076408
1192      0.0010888945305998006
1527      0.0029533301600203326
7496      0.0024628953543969333
8200      0.002769141022319857
639       0.002600601869262368
8788      0.0037153463168420756
3847      0.0032405614958616624
208       0.0012581630847290773
3578      0.002232242197397645
7797      0.001553541014778955
471       0.002219106305414261
9371      0.0004632337840206514
10882     0.0011885013251878513
1021      0.0025586302523637255
