t_index   tf-idf
477       0.005242642045584636
3962      0.006184125889861295
2244      0.006095901496462663
7217      0.004304554198235861
11022     0.022322724451470672
449       0.0027050583872767655
6360      0.0032434451044305937
2137      0.004446396594350215
11863     0.0031138788569754832
4520      0.005476350585874978
10907     0.044463965943502146
10822     0.00950498120707839
367       0.0040707604782893834
11027     0.010147549731440183
7123      0.004526428257398261
9500      0.006928416274709934
7426      0.01051321877205929
953       0.0037077834978421205
7541      0.009739168848159436
1061      0.009606068703559114
5897      0.009477481307745084
11894     0.008136781048560943
9360      0.004738740653872542
516       0.006095901496462663
3643      0.004225031056200925
2210      0.004026824556857523
2579      0.004482868534807707
12093     0.002847267654311824
10988     0.002356886622522853
7148      0.010653888066674833
417       0.024802874456304354
6835      0.019164332569099392
3611      0.007591197045904611
7207      0.0019051080635631213
5259      0.0035892147378263355
8918      0.0034776247619643787
11008     0.01236825177972259
2177      0.004324000421423386
621       0.0032626988987758125
10118     0.0056049749497975795
6740      0.0033018030151641376
3080      0.005970813367862094
8379      0.009435569666856275
9493      0.010699095825701579
10243     0.0023648560517774905
6312      0.01236825177972259
274       0.017912440103586284
9849      0.003543787836517308
6900      0.007944692073821808
6022      0.009817198792318153
7425      0.006266105705594949
10718     0.010596849925548565
9371      0.0069788495845905995
10101     0.0056727136667331585
12064     0.003499423650861754
2932      0.007245427412508869
4839      0.006139500714395417
6079      0.00442842032275706
7475      0.0011220152620517508
10455     0.006324670358732043
2376      0.005270328412532318
4305      0.008482342859650441
1451      0.009115973140424342
3888      0.0017204884271923373
1860      0.014490854825017737
1322      0.005415168426736049
12180     0.0052984249627742825
11851     0.008750983591576536
7557      0.008408169287638866
2656      0.004482868534807707
3340      0.0023810459613873114
7888      0.0015522575913739084
11138     0.002309472091569978
10673     0.0022013973761282383
151       0.0074986673556428724
10237     0.007295145297119758
3378      0.004225031056200925
1192      0.002734123821375045
186       0.0053558985263462075
11238     0.0035667020055976857
12171     0.0024234609672978873
208       0.006318286233355628
64        0.01064346780719727
7128      0.005970813367862094
667       0.0048357440410004985
12208     0.004056001785488594
931       0.0042738702131988006
3565      0.0023689278214101403
2626      0.005742961788538638
8450      0.003372237514293115
627       0.0074986673556428724
6150      0.004596691637161102
11552     0.002975892018234425
2025      0.002519721053612144
11794     0.013059791046514075
3419      0.0026067002188283343
710       0.0077910114151652
11521     0.006822239582779365
3696      0.008716344401903163
2920      0.004501370949407071
10794     0.011958009272978846
4906      0.002333031182778302
40        0.005779086356075712
3482      0.009328926341415692
6155      0.008559968878290447
5379      0.011958009272978846
10958     0.0030267877720428567
6361      0.0026204429054404997
9545      0.0056385418872049635
2994      0.01064346780719727
10033     0.00585346775039353
2883      0.004869584424079718
6410      0.008136781048560943
10772     0.004392971020476801
2686      0.0037077834978421205
1052      0.005270328412532318
2013      0.0056385418872049635
338       0.0015759639307249924
5181      0.005970813367862094
11158     0.004892297060262285
5963      0.0014602889076104856
6681      0.0039980894244936735
3266      0.0040707604782893834
5330      0.004358172200951581
11723     0.00442842032275706
8548      0.008559968878290447
5435      0.005135769690199482
7709      0.005742961788538638
3789      0.008267624818768117
457       0.004847140582802814
3819      0.010220279977467765
2803      0.004257450349123225
2447      0.004177418117291209
9160      0.008614285377228973
1948      0.017119937756580893
4049      0.0026693420312111278
774       0.006324670358732043
8214      0.008905738511686188
6535      0.0026693420312111278
4376      0.0029347519569874153
7616      0.011958009272978846
6161      0.0036240135573515557
1083      0.006011599508709883
10032     0.004324000421423386
6114      0.0021739514202164024
11835     0.0025394420193980125
10553     0.004446396594350215
1045      0.005059390947141248
2326      0.00622982647360874
10317     0.002052577334327909
7424      0.0040707604782893834
7227      0.0028944854241031667
8159      0.002910489590419347
2028      0.009582166284549696
8186      0.009105552880946778
11970     0.003555042958298141
4970      0.0025002030516245747
10043     0.004656271902080517
7294      0.007899411344095471
10848     0.004241171429825221
