t_index   tf-idf
4739      0.014088289297222984
9220      0.009017712707542603
8261      0.013495569815359735
7753      0.04195622240213761
2079      0.04140917536219178
9371      0.0077580415285012005
8698      0.04155233774144859
3299      0.031873283699108725
8133      0.04789258816280582
1457      0.01268951805197251
2270      0.009218534055696496
10122     0.011248548804809182
10353     0.0100079024020798
10041     0.04975325950400921
7688      0.05317250725266322
6942      0.02217062190069312
6076      0.011193431009744225
8259      0.005776214397027927
8452      0.0230709858341177
621       0.007253961629317097
1920      0.015029635197493828
7165      0.006963056547982698
8959      0.006488798610722338
11412     0.004507051206295884
10243     0.002628893377946822
6580      0.010442973707093028
11125     0.014640147593532833
9503      0.007385053574983574
2877      0.007340901849248422
3762      0.011248548804809182
9264      0.005146211384218325
5006      0.015029635197493828
3700      0.01628821634134509
12111     0.003364730096105894
10674     0.009050525723575424
2211      0.015458796969261336
4937      0.006690933017883245
338       0.003503842137242944
3634      0.007452160316889691
103       0.008826022822146902
8495      0.011248548804809182
10496     0.010263523166374454
8605      0.01268951805197251
4046      0.010307674892109604
1202      0.01276833252014901
1537      0.013458268013599936
586       0.009728035157626344
5963      0.0032466617460466135
509       0.011779993363837967
1743      0.007318998156974401
5090      0.013553023715436405
7400      0.012175575574421067
1904      0.014171170121935212
5259      0.015959809222567588
9221      0.01648703730108438
4838      0.00700340567197452
10111     0.012612149802736828
11348     0.016671794412060365
11037     0.011973147040701454
6354      0.013186144483500483
5285      0.015167891887926936
10919     0.01159530173943573
11140     0.0109281579300235
8433      0.016475645032562432
9492      0.010776652363707227
337       0.008005536612897468
10007     0.017093791439061243
7644      0.015936641849554362
11910     0.007683891774896412
2366      0.007318998156974401
4069      0.006470894332097383
4555      0.013850779247149529
9551      0.010307674892109604
12171     0.002694041560734059
4677      0.010678590937451635
5885      0.01628821634134509
11761     0.012388214811778639
7217      0.004785159764058311
