t_index   tf-idf
8261      0.00579184871242522
1538      0.007342096892340728
4305      0.002697856270638821
1451      0.02609447311446468
4406      0.040662339454475616
212       0.0032025649833434867
10933     0.007766333381511321
12207     0.006468626976580206
8259      0.0057842369170238
9913      0.0026084543723849285
6743      0.03547869580932948
7049      0.007912575064472826
4776      0.005792143360380035
8382      0.010283008520770005
1508      0.003917001746342427
10289     0.0025163200300164436
2835      0.008442816997711492
3304      0.0039926503551338186
10110     0.003463951193549676
8408      0.002283139374895086
9411      0.007261224218628715
7150      0.0021714876230748688
2828      0.007117480179045763
9264      0.007852737371473888
1913      0.0063964376053303185
7888      0.007899266409436112
10144     0.009320479350880801
10958     0.0019253733327717062
5968      0.004188093389824241
11001     0.0016581509725324683
12027     0.0051758968336679334
682       0.005098039268111702
7165      0.0019922078456728275
963       0.005774522884311873
12208     0.0077402034073074015
11024     0.003916446489028924
2261      0.002164840919975173
7762      0.003544405904481111
426       0.004466806541714306
12064     0.0022260222667981715
67        0.002627756761149728
3341      0.003156455922733871
2682      0.0024557724491974316
8882      0.00266731353646809
103       0.0025252231963364753
4155      0.0039926503551338186
6521      0.0032025649833434867
4641      0.002283139374895086
2357      0.002358427239683347
12084     0.0029606060376181392
1955      0.001739206541930237
320       0.0030692101887015814
3554      0.0037234558745558844
5351      0.0019415833453778303
2088      0.0027398213213686595
5186      0.001590406941172299
9220      0.005160135604871601
8264      0.0032505066651254476
6022      0.010408048719633597
7425      0.003985939462725676
12093     0.003622357182430043
1017      0.0026774087716211286
8028      0.0019526510703544654
4757      0.0030833199818384566
12082     0.0029878508106405055
9202      0.0035159663263454556
6513      0.009911897855960172
2866      0.004119754495580139
1781      0.008600291251899247
5723      0.006281285746645815
7256      0.002063191469207239
11675     0.009003106057125364
2639      0.006813893125184898
5710      0.005123015686224293
3864      0.005348529907970279
2456      0.0037981007256678327
4937      0.0019143502801165953
9029      0.006135150514630402
2737      0.009336133556667193
11163     0.0051758968336679334
621       0.004150878043442562
9112      0.007047567264077739
11412     0.0012895174284679892
10243     0.0007521556053570075
4049      0.0016979981254093008
9493      0.0022686045778570942
2686      0.0023585622805717935
3861      0.0019638212757236997
10553     0.008485206834218327
4376      0.005600484984584318
346       0.0029748088072838945
6361      0.0016668928481829847
4412      0.0025341925578092487
4397      0.0020154080522416214
5259      0.002283139374895086
2738      0.002125711860867937
3801      0.0031414697230485763
11884     0.004637837796394861
5614      0.010890182628491736
9789      0.0045596503069558324
8982      0.005550059538938645
10778     0.006770428132911597
11773     0.004955948927980086
9848      0.006253334815513448
7402      0.0038240452430404535
4322      0.004884131492742496
8187      0.005787779769980552
7475      0.0007137263750273638
449       0.0017207176963510537
9509      0.005086458212272508
11784     0.0021582306373491883
3656      0.006436669593863033
2658      0.004438138171630764
4439      0.003388528287872968
8600      0.005792143360380035
6667      0.005792143360380035
11521     0.004339702401267985
110       0.002697856270638821
10674     0.002589455970911858
9562      0.009207630566104744
9045      0.0034256504033118055
10901     0.0025252231963364753
10636     0.0076066225653115445
10205     0.0037478278865211764
11724     0.004224722720272916
8980      0.0051758968336679334
12171     0.0007707952243211336
9196      0.0020692997028181784
11165     0.0033703869902091967
5395      0.005014964177887391
2749      0.0029491403163535816
5764      0.002718656330062571
9370      0.0028752576260930407
1001      0.005934233700511648
11827     0.0032669201640435595
1520      0.0018513947672389737
3790      0.0026875891996389215
9527      0.0039628618401566715
2822      0.0028399466107704354
12184     0.005665039219933715
5601      0.0039054046211015295
6099      0.004466806541714306
6311      0.003156235600651103
3888      0.0010944218050751259
815       0.003283560063180191
1259      0.005024903327216287
10385     0.0021984468133731403
11835     0.0016153672845615136
4113      0.0039926503551338186
11246     0.007117480179045763
3419      0.0016581509725324683
11196     0.002290472975356776
8493      0.004119754495580139
9520      0.004224722720272916
9221      0.011792811402858967
6696      0.004452044533596343
10597     0.005024903327216287
7926      0.004466806541714306
11757     0.0031716306330158216
8452      0.006600865391428121
5393      0.009024670951140663
9056      0.0039628618401566715
6942      0.006343261266031643
10684     0.0023430957410191765
8908      0.004153739096738504
3007      0.008449445440545832
11508     0.007117480179045763
8695      0.0037981007256678327
3340      0.0015146097921047066
8932      0.004861451463287223
11170     0.0034256504033118055
6579      0.005024903327216287
6114      0.001382874653415434
2063      0.0017115784589981369
2803      0.002708211472081163
10501     0.0029619062932678846
2339      0.0012423260049451953
764       0.006501233652333663
4348      0.002718656330062571
7797      0.0024813502319386087
10544     0.0050537069025144285
6672      0.004955948927980086
8825      0.00402319308930455
967       0.0015945312992436634
5142      0.0024987084243747243
8048      0.0025615078431121467
2074      0.003126667407756724
10246     0.0028399466107704354
634       0.0032183347969315166
758       0.0012767514515536862
6871      0.005544563522321734
8106      0.0018877184356562474
10223     0.0025800678024358007
8491      0.001969445405074851
450       0.0036995665085505576
9588      0.00402319308930455
494       0.0076066225653115445
11985     0.006501233652333663
7337      0.0033175446643385564
1942      0.0016845689675048096
2169      0.00402319308930455
6728      0.005934233700511648
5832      0.0037981007256678327
10902     0.002816967371976019
11744     0.010049806654432574
7123      0.002879311308178338
5342      0.005633934743952038
10415     0.0029365080170460247
7128      0.007596201451335665
12100     0.0036761410431703835
11296     0.006770428132911597
12111     0.0019253733327717062
2805      0.007117480179045763
168       0.004380600336881059
