t_index   tf-idf
9221      0.0606487443575604
8259      0.021248217246209875
11757     0.04077810813877484
8452      0.08486826931836156
9371      0.009512836636138377
6114      0.01777981697248415
7753      0.03858474024482298
3298      0.05479514788772254
8133      0.08808815322801784
7227      0.02367275578998661
11912     0.01641537580569025
3888      0.014071137493823044
368       0.017558550492439807
2270      0.033911035990597825
3527      0.05385482864763864
9220      0.03317230031703172
12171     0.01982044862540058
9551      0.03791751835311748
8299      0.03168306338546716
1942      0.021658743867918977
8200      0.056866288851211345
10988     0.01927596559134762
6973      0.025467080651692345
