t_index   tf-idf
9563      0.017049254174204838
7125      0.002986094327116115
5055      0.004870855960218168
10611     0.00232107293613724
9913      0.0015048775225297664
6743      0.02777864919137061
8187      0.0033391037134503187
5965      0.004015837194808713
3561      0.008212477129668187
6203      0.00854489892571834
208       0.002318730043971857
6022      0.0012009286984192612
5432      0.00724968847179751
3848      0.0017162358503560928
9196      0.00596913375812936
9760      0.0034235963656797973
5926      0.0021075933486784425
8905      0.0037507117225001898
9214      0.004870855960218168
9225      0.004388436095372044
7584      0.0041062385648340935
3426      0.008824719791631814
5963      0.0026795365372019324
927       0.0032768614739658868
7888      0.003417951811775241
346       0.005148707551068279
967       0.0018398438068196116
2339      0.004300359247887214
7577      0.003906016230525921
3984      0.002941176500833674
5015      0.0030776694651554882
10903     0.0040686996193349785
9561      0.023629623819296956
963       0.006662911020359852
10933     0.002240288475435958
10354     0.0022061799479079535
7762      0.002044849560277564
9520      0.0024373400309266823
10769     0.0025928371724290486
7201      0.002009750455393221
10583     0.009257070994563944
8356      0.011286285373226334
6311      0.00182090515422179
1913      0.0036902524646136455
10942     0.0035165321781440387
4871      0.0034028542111772097
3520      0.001778838451060648
5832      0.0153384836998124
270       0.008577603913811687
3888      0.0006313971952356495
9371      0.002134290270928482
5335      0.011883907198788861
2740      0.004870855960218168
4289      0.003906016230525921
8743      0.00406590419081408
4838      0.0011560108721368199
1077      0.00334162116945002
8613      0.0028989826887786266
2448      0.0041062385648340935
8789      0.004870855960218168
3752      0.0041062385648340935
12093     0.002089821451401948
11836     0.01074444076463285
7797      0.002863096421467625
7147      0.0041062385648340935
8432      0.00362381869998797
10243     0.0008678718523350085
1235      0.0037507117225001898
7048      0.00813180838162816
7555      0.0075014234450003795
11216     0.008776872190744089
7447      0.0020229940828983576
992       0.0030856903315213146
2809      0.0010951734967676514
7128      0.006573635871348172
8876      0.0019139680755799362
3585      0.004388436095372044
368       0.0015757673518856238
5130      0.004388436095372044
9508      0.0041062385648340935
11358     0.004870855960218168
3419      0.001913251122152848
3555      0.002120850601829067
3451      0.004388436095372044
7475      0.0016470608654477626
6397      0.002577003774065945
6403      0.0032153527186080965
9507      0.007258615471201278
9075      0.0028989826887786266
11784     0.002490266120018294
8686      0.0014167917976139028
8261      0.0011138170600817731
3340      0.0008738133415988692
3861      0.001132973812917519
7339      0.0018038465813981098
10517     0.00362381869998797
10106     0.0041062385648340935
7067      0.017553744381488177
6696      0.002568487230920967
3040      0.0034235963656797973
3041      0.004874680061853365
2380      0.0035165321781440387
8159      0.0010681123657147924
3565      0.003477464558352065
2497      0.0037507117225001898
6387      0.0034480520405875863
8708      0.001483126228957212
704       0.0020284421113531473
8835      0.002941176500833674
11937     0.0030661177848066894
1560      0.0013429759532943679
11863     0.001142753618986195
6201      0.0024373400309266823
1001      0.0034235963656797973
1508      0.0007532695666043128
11269     0.004870855960218168
8749      0.0023767814397577724
2270      0.0015216490508601589
10321     0.0030341123132979152
12208     0.007442503276257117
11447     0.0034235963656797973
9202      0.0010142210556765736
7502      0.00232107293613724
67        0.00151601351604792
11647     0.002658978970295723
2561      0.0013562332064449927
3096      0.0016057493930056305
1137      0.002416562823932503
10124     0.003906016230525921
3583      0.0014777929864108537
10958     0.000555396153684146
12171     0.0022234477624648082
9509      0.002934495122464908
10485     0.005741904226739809
6232      0.004150590673656038
11525     0.004870855960218168
3282      0.003769523266204107
9194      0.0023767814397577724
11805     0.0030341123132979152
9878      0.003906016230525921
539       0.0012338159855099693
384       0.0024978933692021226
8375      0.0025036744622699914
2090      0.003931092187606671
1130      0.0035165321781440387
11220     0.007493680107606369
2218      0.004388436095372044
1682      0.0014071251874057087
8184      0.0027858719928079423
3261      0.002416562823932503
11325     0.0037507117225001898
5205      0.002577003774065945
4417      0.000789858102080138
5186      0.0009175424660609417
11412     0.000743952362577686
2617      0.00334162116945002
2157      0.0019341429590863796
1234      0.014705882504168368
10317     0.0007532695666043128
1686      0.001778838451060648
2915      0.0019239824173700028
3312      0.0012375679339312875
12012     0.0013697478980104782
4138      0.0018210322631156946
3981      0.0022371176966185092
1045      0.0018567316136143363
7987      0.00239638794042606
3586      0.004870855960218168
5939      0.002630567484782211
2813      0.001746833513671834
6631      0.0028989826887786266
10749     0.0022531180506354977
2914      0.0034235963656797973
4906      0.0017123850668468949
10420     0.0034235963656797973
10484     0.0049175132719751
2272      0.002577003774065945
7552      0.002394737332755324
1873      0.0041062385648340935
6655      0.002986094327116115
2269      0.0041062385648340935
8940      0.0028989826887786266
7017      0.0032019574263107563
9370      0.0033176049531842776
2468      0.004870855960218168
7123      0.0008305705696668283
9992      0.004833125647865006
11984     0.0014885006552514235
1062      0.0037507117225001898
5076      0.003268291857654066
2088      0.0015806661469434573
2982      0.006536583715308132
6962      0.004388436095372044
9991      0.002357712171649266
7771      0.0012117193757573519
10364     0.003906016230525921
9562      0.014165585486314991
5789      0.008776872190744089
9915      0.0031413988351418464
5272      0.0017162358503560928
3254      0.002688599812754077
6847      0.002577003774065945
487       0.0017014271055886048
8164      0.003268291857654066
3580      0.002859201304603896
3250      0.0012527813210047318
2785      0.002859201304603896
11723     0.0016251734838323185
11255     0.0024808532457401672
2449      0.0060682246265958304
8151      0.006403914852621513
2166      0.006618539843723861
2686      0.0013607090080221885
670       0.001586852718759544
324       0.002934495122464908
8822      0.0008368881750419277
471       0.002044849560277564
3368      0.002416562823932503
8217      0.0041062385648340935
4722      0.0034235963656797973
3852      0.003996866761788087
7175      0.0017954102993590756
2637      0.0022920886662770655
2135      0.0027858719928079423
1526      0.002162208396069909
10190     0.004870855960218168
7430      0.0019763367711414263
2990      0.00245875663598755
3696      0.003198786647493308
2744      0.005264093495317157
8648      0.002044849560277564
8910      0.002658978970295723
4016      0.0015254263903260463
10548     0.0030856903315213146
713       0.0041062385648340935
10385     0.002536669400045931
11724     0.004874680061853365
8579      0.00362381869998797
10212     0.004388436095372044
4874      0.004388436095372044
7301      0.00334162116945002
8388      0.004412359895815907
9197      0.00232107293613724
3554      0.002148147619936087
2877      0.0012117193757573519
2810      0.002577003774065945
5162      0.00334162116945002
11549     0.0017655878290887591
2508      0.002120850601829067
2443      0.0020945839092198215
10386     0.002859201304603896
5315      0.0037507117225001898
10571     0.0033176049531842776
8825      0.00232107293613724
11738     0.009605872278932271
4469      0.005007348924539983
8683      0.003906016230525921
8868      0.0044742353932370185
9912      0.0041062385648340935
7393      0.002221476931732041
3634      0.001230084154871215
3720      0.0019341429590863796
10910     0.0008243097950950191
6900      0.0009718667120220054
2769      0.0027195375614646328
10659     0.00597218865423223
4219      0.004388436095372044
4128      0.0041062385648340935
6727      0.0009441746968858591
2221      0.003268291857654066
8068      0.004870855960218168
4842      0.002357712171649266
3310      0.0037134632272286727
2993      0.004388436095372044
10456     0.004870855960218168
5590      0.005882353001667348
3746      0.0034235963656797973
12111     0.000555396153684146
7497      0.0012263722274238097
10902     0.0016251734838323185
11884     0.0017837837678441773
8912      0.0031413988351418464
3234      0.0032019574263107563
6882      0.0015684555750360984
1467      0.0022371176966185092
6253      0.0034235963656797973
9492      0.001778838451060648
8101      0.00228550723797239
564       0.001467247561232454
2333      0.004870855960218168
1454      0.001739057066885917
8106      0.0021781366565264393
635       0.0015446589067044973
3085      0.002269494917913841
11079     0.0027195375614646328
2357      0.002721262199634631
5198      0.007511023386809975
1955      0.0010033883895751367
2320      0.0018386530712911164
953       0.0013607090080221885
6251      0.002941176500833674
3472      0.0041062385648340935
4833      0.0041062385648340935
8653      0.002859201304603896
4496      0.002859201304603896
8128      0.002577003774065945
3736      0.0012527813210047318
2437      0.00233915147846046
3594      0.004870855960218168
10237     0.001338612398269571
7424      0.0014939169062953026
6612      0.003906016230525921
3837      0.004324416792139818
442       0.002986094327116115
6229      0.0018297869036629738
902       0.0018386530712911164
2660      0.0016727226355426074
7204      0.0014167917976139028
2195      0.004870855960218168
3651      0.0035165321781440387
5103      0.004870855960218168
4870      0.0025036744622699914
10919     0.0019139680755799362
6088      0.0025272694251236875
11610     0.004870855960218168
6622      0.002986094327116115
8111      0.002269494917913841
5011      0.006536583715308132
2144      0.002191211957116057
10988     0.0008649471739707265
6204      0.0019655460938033356
6989      0.0010224576576836426
807       0.002630567484782211
7597      0.0012762437027080812
8906      0.00245875663598755
10310     0.002859201304603896
10992     0.0016588024765921388
8445      0.0027858719928079423
3372      0.003906016230525921
931       0.0015684555750360984
5953      0.0015684555750360984
1855      0.003906016230525921
9907      0.0025036744622699914
4455      0.0035165321781440387
3857      0.0011867965428949206
729       0.00203295209540704
7921      0.0032019574263107563
10037     0.00156242969543144
7754      0.002021254597423868
2082      0.001746833513671834
10503     0.0014885006552514235
3143      0.002986094327116115
11063     0.0016727226355426074
10054     0.0021075933486784425
2036      0.00245875663598755
10791     0.0032019574263107563
4046      0.0017014271055886048
8724      0.004870855960218168
3621      0.002603270466675191
4978      0.00151601351604792
5215      0.002191211957116057
2438      0.0017954102993590756
11146     0.0025036744622699914
4603      0.0024373400309266823
7200      0.002986094327116115
10496     0.0016941392406034756
8374      0.0027195375614646328
8709      0.002176559105449599
569       0.0014517230942402556
3539      0.004870855960218168
11770     0.0016797885312237859
5839      0.003290310559201811
488       0.001197368666377662
11648     0.0035165321781440387
10673     0.0008078846139957797
3692      0.0012338159855099693
7663      0.002577003774065945
8315      0.0016727226355426074
6020      0.0011526728093991716
6535      0.0009796143031207505
6896      0.002688599812754077
9505      0.00172376008306183
5209      0.001686926898894058
6114      0.0007978123000473657
7496      0.002269494917913841
11339     0.0020818131885927777
11897     0.0018659500893981364
10684     0.0013517860044341401
11289     0.004870855960218168
6107      0.001739057066885917
3281      0.0017954102993590756
9314      0.002120850601829067
7165      0.001149350680195862
2858      0.0034235963656797973
2795      0.002941176500833674
7319      0.0019239824173700028
