t_index   tf-idf
3774      0.021918570570949276
201       0.04979271230222504
7797      0.009925400927754435
8256      0.027868539648119337
6964      0.0160927723572182
8605      0.01452244843725743
8408      0.009132557499580344
8382      0.010283008520770005
10988     0.005996967072863704
6435      0.014095134528155478
11970     0.009045609305003048
4970      0.006361627764689196
7948      0.020392157072446807
11540     0.011951403242562022
8259      0.003305278238299314
1942      0.013476551740038476
7753      0.02400828281900097
6061      0.021780365256983472
7870      0.06534109577095042
4049      0.006791992501637203
7127      0.019823795711920344
368       0.005462660153203496
106       0.019562894646925646
2270      0.031650300257891305
5759      0.00899859664478679
11238     0.012100366804175852
5005      0.014014031875472151
9029      0.00818020068617387
4518      0.008401254338584307
8449      0.013481547960836787
1920      0.017200582503798495
2647      0.01244817807555626
9371      0.008878647527062486
8685      0.010283008520770005
3712      0.030592361944323628
11140     0.02501333926205379
5760      0.01907994249380242
4412      0.010136770231236995
2791      0.020703587334671734
10882     0.007593202910922384
8994      0.027081712531646387
8955      0.030426490261246178
1869      0.023736934802046594
2366      0.016752373559296964
487       0.011796561265414326
6210      0.007722464949900294
4757      0.012333279927353826
11412     0.005158069713871957
10243     0.00300862242142803
10549     0.01519240290267133
7768      0.020392157072446807
1161      0.013778595219139505
10143     0.012873339187726067
6521      0.012810259933373947
10902     0.011267869487904076
3583      0.010246031372448587
3862      0.015621618484406118
3785      0.009994833697498897
10068     0.010511027044598912
2551      0.019562894646925646
2920      0.01145348830460244
6241      0.013627786250369795
4114      0.01823860122782333
9550      0.009891055628008414
6076      0.012810259933373947
12111     0.0038507466655434124
9792      0.016754835579265354
3012      0.030426490261246178
5989      0.010172916424545016
3430      0.015296180972161814
