t_index   tf-idf
2565      0.02977572234309705
2579      0.0015472146111092163
6623      0.002217351009961028
367       0.0035124496967907644
3226      0.0015056679985063393
11706     0.003409047178901014
7325      0.0038018473814393178
12176     0.00844495020112813
3289      0.0010167430588904473
4468      0.0023797491746267345
516       0.0031559037890503765
2790      0.010141759362044275
1508      0.0014168506693627468
3410      0.0014267415851529006
8478      0.0011665805767459415
3449      0.0013652979816215819
11412     0.0024488198340160755
10243     0.0014283587984172258
384       0.003523780246530802
10903     0.0012754928723763008
5423      0.0145519844035557
6724      0.006599685859348879
10738     0.006439560308015655
10434     0.004399790572899252
4185      0.0020635901458267943
1362      0.0020635901458267943
2593      0.0019308913824087979
11766     0.0011268621513382529
9589      0.0015067869997122017
11154     0.0023997831014829205
3864      0.002901990605680935
10948     0.0015056679985063393
6203      0.002009049332949602
3753      0.0016098900770039138
944       0.0006377464361881504
3703      0.001250341279174477
745       0.0022904401802382344
5400      0.0013444925501679209
10317     0.0017710633367034334
9350      0.0022904401802382344
10901     0.0006850643185238365
368       0.0014819575396784162
7048      0.004779812010301405
2063      0.0009286635195769846
10682     0.004580880360476469
9506      0.0019308913824087979
11189     0.0012940428217349043
1011      0.0015600493525146867
157       0.0017040413479973576
12111     0.0015669956287817956
10553     0.0007673133535088162
10259     0.0013099508723152672
1913      0.0005784269123132164
4762      0.0010594918339084782
10162     0.0016098900770039138
2122      0.0011773118797712696
4536      0.003425242297465542
1452      0.0022904401802382344
919       0.001310010643189266
6616      0.0015891960482161437
3967      0.0019308913824087979
5667      0.004127180291653589
9025      0.002620021286378532
7475      0.0019362584401646644
513       0.005670313266761281
12093     0.0029481128538239986
6725      0.0020635901458267943
457       0.0016729392516380472
11937     0.0064880623509699946
1923      0.0019308913824087979
876       0.0011533628785417593
7097      0.0006253949545090477
9675      0.03703792495225508
7029      0.027485282162858816
1061      0.024865746794819562
4595      0.0022904401802382344
11803     0.0020635901458267943
3997      0.0022904401802382344
11748     0.0022904401802382344
5435      0.0017725565321110495
1842      0.0024235875734998492
5548      0.0035274214240242933
12171     0.0027184036547271326
927       0.0015408903992122935
4016      0.00035865337888600336
7597      0.0030006634155608242
1955      0.0004718269443066204
9409      0.005112124043992072
2354      0.0015368606776007064
3643      0.0007291123676488408
4758      0.0008442622658628962
10371     0.003408082695994715
3774      0.0022298470437665053
5799      0.001462058400715459
9535      0.0022904401802382344
5255      0.0010234912447630367
7541      0.0008403427529120237
5897      0.018808550884662156
11835     0.000438230762955648
10822     0.0032805436268590073
7411      0.0007461914819185799
1192      0.002359134721533102
2809      0.000514987386573485
2025      0.0013044825650576815
118       0.001223100850885401
4673      0.0007865704028474658
6721      0.0033893558130177115
737       0.0012308932148131935
10071     0.0009143476386400232
10971     0.0009559624020602811
667       0.0012517543919243943
5387      0.00044748298108706827
6138      0.0016806855058240475
7369      0.0012940428217349043
3736      0.0017672996480187326
5194      0.0019308913824087979
11884     0.0020969876999524617
7201      0.0018901044222537605
9370      0.0007800246762573433
1682      0.0059550980048760065
7775      0.002150158647259083
5202      0.0022904401802382344
4898      0.001278817964094899
11836     0.0005613774627087749
2660      0.0007865704028474658
9371      0.0028101220507658203
5802      0.0012754928723763008
2588      0.0017637107120121467
4596      0.0022904401802382344
4970      0.0004314593058191618
8363      0.004127180291653589
2673      0.0019308913824087979
10397     0.0016535916195643408
10858     0.0020635901458267943
9411      0.0019698875046769686
271       0.001836740111415354
8355      0.0022904401802382344
8440      0.0022904401802382344
10399     0.0022904401802382344
4046      0.0032002728376406614
9275      0.009161760720952938
2291      0.0015368606776007064
966       0.0040895972821353346
3310      0.001746195217626746
4681      0.0015056679985063393
6132      0.0006335772661806439
11657     0.0013444925501679209
11807     0.0022904401802382344
8441      0.0022904401802382344
50        0.0015368606776007064
9360      0.008995393901360163
515       0.008953698345569418
3532      0.0019308913824087979
12082     0.0008105699260215388
6566      0.0015731408056949316
404       0.0019308913824087979
9766      0.0020635901458267943
2320      0.0008645964705995906
6854      0.001250341279174477
8959      0.0010073040797353443
696       0.0020635901458267943
12225     0.0022904401802382344
7001      0.004960774858693022
2877      0.0005697911759401564
7153      0.0007375405266183312
208       0.0016355171975566377
931       0.0014750810532366623
6102      0.0013749952084571658
6020      0.0010840509918087161
10433     0.006894606266369389
7123      0.001562248788160063
4871      0.0008000682094101653
8534      0.001250341279174477
176       0.005187099802164895
295       0.0038617827648175958
6093      0.0019308913824087979
10024     0.0016098900770039138
10490     0.0030113359970126785
3565      0.0028616362454562585
5226      0.0015713425845793614
6366      0.001836740111415354
8686      0.0013324462422171445
3137      0.0014807976907907528
6946      0.0010446131163532732
2786      0.0015713425845793614
587       0.0011818260950607852
1339      0.001108675504980514
3555      0.000997295234017587
2357      0.0006398144734634551
10033     0.0020202624187492363
6403      0.0007559834575777891
10769     0.0006096195914075834
7222      0.0028846709697359454
7046      0.0014509953028404674
12063     0.00076421119360314
3304      0.0010831606087778258
5824      0.006190770437480383
3342      0.001067192787323464
3603      0.0012117937867499246
8445      0.002620021286378532
5626      0.0009344940239054675
3533      0.0013830400425924737
6239      0.0015713425845793614
453       0.0020635901458267943
11549     0.0008302387380191303
11691     0.0018901044222537605
3426      0.003112259881298937
2495      0.0014771913135859173
2737      0.0008442622658628962
8076      0.0022904401802382344
11003     0.0014771913135859173
5764      0.0014750810532366623
11784     0.0005855034132974437
8605      0.0019698875046769686
5363      0.0036180590547419456
3903      0.0015449621597204547
6900      0.00137101317626616
10958     0.001044663752521197
3437      0.0013444925501679209
5939      0.002473962487572117
6311      0.0004281254017461933
8091      0.0011498904521520617
1155      0.0020635901458267943
9264      0.001997210898924218
7339      0.0016964585784362029
500       0.0013830400425924737
11693     0.0022904401802382344
7922      0.0014923829638371598
8775      0.0014771913135859173
324       0.0013798982339247195
7976      0.0012369812437860585
6588      0.00121540016395476
2749      0.0008000682094101653
11897     0.004387162229783109
11084     0.0038689955192272667
7769      0.0014902853296108465
2509      0.001836740111415354
10032     0.0007461914819185799
2915      0.0009047211970149825
9312      0.004610582032802119
12177     0.007699373396869458
1560      0.0012630248603702873
10578     0.0006685198001455016
4417      0.00371417826449138
6740      0.0011395823518803127
4566      0.0020202624187492363
7888      0.0008036179090232669
1245      0.0015368606776007064
7489      0.0013830400425924737
12045     0.0020124981307929704
6095      0.0013267976776362533
3497      0.0008214198285841932
564       0.0034497455848117985
909       0.0022904401802382344
5269      0.0020635901458267943
3001      0.0011884070243234222
4770      0.001848531669228759
5640      0.0009504618453598294
639       0.0011268621513382529
6210      0.0015712626499420341
740       0.001836740111415354
7447      0.0019025596197868502
1340      0.0009730415163300202
1261      0.0022537243026765057
9739      0.0008688194378324455
2637      0.0005389085635858663
314       0.0012642699948444192
7449      0.009428055507476168
1360      0.0017725565321110495
1910      0.002500682558348954
70        0.0019308913824087979
2946      0.0019308913824087979
11234     0.001067192787323464
11238     0.0008206729558220247
3251      0.0011533628785417593
7111      0.0015713425845793614
3520      0.0008364696258190236
627       0.0012940428217349043
3650      0.0010594918339084782
6943      0.002853483170305801
2261      0.0023491868310205346
3692      0.0011603634890101295
3377      0.0030737213552014127
4745      0.0012369812437860585
11930     0.0006315124301851437
8408      0.0006193897324508145
6974      0.003326026514941542
8435      0.0016535916195643408
2136      0.0033071832391286817
11001     0.00044983749066442247
3569      0.0008364696258190236
8159      0.0005022623332374005
94        0.0017637107120121467
6964      0.0021828930100220617
9577      0.0010914465050110309
1713      0.0016806855058240475
1526      0.0020334861177808946
7847      0.0014923829638371598
12084     0.0004015893645601093
10164     0.0009910612280145804
6410      0.00140416191418271
3580      0.0013444925501679209
110       0.0007318977071815942
8187      0.0007850793960787486
10705     0.0012241452684290273
5330      0.0007520884958688109
199       0.0007318977071815942
9277      0.0022904401802382344
5186      0.0004314593058191618
4429      0.0017637107120121467
3776      0.0007520884958688109
3847      0.00140416191418271
1765      0.0016098900770039138
5692      0.0020635901458267943
9202      0.00047692082798958703
102       0.0028944472437935566
6727      0.00044398267585288325
103       0.0006850643185238365
5076      0.0015368606776007064
8388      0.001037419960432979
4513      0.0007704451996061467
12196     0.000832641799497038
3369      0.0009789385302802513
7430      0.000929339973769593
10947     0.001278817964094899
9500      0.0003985449200976074
843       0.0009849437523384843
68        0.0010750793236295414
9448      0.0014509953028404674
11732     0.0012369812437860585
5145      0.001108675504980514
7426      0.0010367217564007224
4376      0.0010128985654108788
5299      0.0007128805079230611
10673     0.0007597889964331071
6161      0.0012507899090180954
11115     0.0008953698345569418
8769      0.001925908210263016
2958      0.001108675504980514
4953      0.0008251178952720185
10810     0.0020635901458267943
10978     0.0020202624187492363
8814      0.0036353813602497736
140       0.0013631990940451116
6106      0.001836740111415354
10119     0.0017636509411381477
1280      0.0017040413479973576
10910     0.0015504726816557405
5476      0.0009789385302802513
3250      0.0005890998826729108
4518      0.0005697911759401564
7407      0.0013830400425924737
4900      0.0020635901458267943
9758      0.0022904401802382344
6573      0.0020635901458267943
9749      0.0014771913135859173
5015      0.0007236118109483892
5759      0.0006103042185612743
338       0.0005439272647114142
11142     0.015368606776007062
6011      0.0025358596394075075
8876      0.0009000121169268126
935       0.0022904401802382344
9196      0.0005613774627087749
1902      0.0010303815080937601
11611     0.0012642699948444192
10390     0.0011773118797712696
5926      0.001982122456029161
524       0.0022904401802382344
580       0.0011430003796961711
10798     0.0013444925501679209
4147      0.0022904401802382344
8897      0.0014771913135859173
1688      0.0011998915507414603
9045      0.000929339973769593
8765      0.002312380016362067
1802      0.0009047211970149825
5110      0.0011884070243234222
8145      0.0019308913824087979
1402      0.0011884070243234222
6681      0.0013798982339247195
3266      0.0014049798787163057
5956      0.0008442622658628962
2229      0.0011773118797712696
2093      0.000873097608813373
8174      0.0020202624187492363
320       0.001665283598994076
8932      0.0006594282316440844
9492      0.0008364696258190236
3417      0.00140416191418271
1361      0.0007347069555005415
10992     0.0007800246762573433
3394      0.006871320540714704
9550      0.0006708327102643235
4835      0.0019578770605605026
9824      0.00038180839501404624
9505      0.0016211398520430775
2204      0.0020635901458267943
6973      0.0016120834775750995
2795      0.0013830400425924737
89        0.0019578770605605026
9738      0.0010303815080937601
8486      0.006871320540714704
514       0.006871320540714704
8411      0.0011363490596336713
6201      0.0011461192006769025
9626      0.013742641081429408
539       0.0005801817445050647
10181     0.0012642699948444192
2675      0.002954831257015453
331       0.0014582247352976816
1219      0.003964244912058322
4056      0.002901990605680935
653       0.0022904401802382344
7323      0.0015368606776007064
6648      0.000852244988920488
10166     0.0011998915507414603
4906      0.0016104420221740201
10805     0.0007076439894940273
2966      0.0008774324459566218
9315      0.003673480222830708
10035     0.002853483170305801
3082      0.004580880360476469
12130     0.0022904401802382344
851       0.001037419960432979
8640      0.0006134927185005835
704       0.00047692082798958703
346       0.0008070317789165049
5117      0.0017637107120121467
2366      0.0005680910400665888
11958     0.001109597681621173
8255      0.0011176425157564808
8506      0.0009344940239054675
7132      0.0010167430588904473
1543      0.0020635901458267943
7424      0.0007024899393581528
2339      0.0006740578173025927
5302      0.0008141467421665739
5351      0.0005267294682260881
8311      0.0009344940239054675
2918      0.0026322973378698654
5963      0.0002520016276132639
11912     0.0006927362811745697
8259      0.00022417109378066184
297       0.0021039358593669174
14        0.0010831606087778258
9284      0.006599685859348879
3583      0.001389815860618497
5893      0.001037419960432979
5075      0.0015932824207031933
8157      0.0007461914819185799
8918      0.0006001326831121648
4838      0.0021743806607788262
2272      0.0012117937867499246
80        0.0020635901458267943
2134      0.0015713425845793614
10638     0.0016098900770039138
6655      0.00140416191418271
6535      0.00046064756981714264
4499      0.001836740111415354
2882      0.000761138162389546
744       0.0022904401802382344
1088      0.001310010643189266
3007      0.002292238401353805
1798      0.0005613774627087749
5646      0.0010750793236295414
213       0.0010167430588904473
2524      0.0007375405266183312
9654      0.0014267415851529006
10902     0.00152842238720628
9006      0.0011363490596336713
7437      0.0020469824895260735
6361      0.0009044181241083263
11077     0.0020892262327065463
8969      0.0020635901458267943
9958      0.0019308913824087979
488       0.0011260859801351336
7714      0.0022904401802382344
11786     0.0020892262327065463
8319      0.001250341279174477
7683      0.0016535916195643408
3419      0.00044983749066442247
1139      0.0016098900770039138
9816      0.0017637107120121467
7552      0.0005630429900675668
10570     0.0012241452684290273
10740     0.000726350533371218
2730      0.0022904401802382344
7207      0.0003287639386254369
9507      0.0013652979816215819
10772     0.000758093717927044
8247      0.0007024899393581528
321       0.0015368606776007064
11956     0.0017637107120121467
2990      0.0011561900081810334
11222     0.0022904401802382344
1893      0.0019308913824087979
201       0.0008442622658628962
5968      0.0005680910400665888
485       0.0005680910400665888
2016      0.0022904401802382344
9543      0.0007076439894940273
8491      0.0005342881279781058
7408      0.0018286952772800463
1889      0.0006999430360790416
1047      0.0010914465050110309
6086      0.0017637107120121467
8595      0.0010750793236295414
3861      0.0005327623656823903
6965      0.002217351009961028
11927     0.00048603047351162084
1686      0.0008364696258190236
7878      0.0016535916195643408
9791      0.0013798982339247195
6753      0.001099947643224813
11684     0.0011773118797712696
8803      0.0017040413479973576
10919     0.0009000121169268126
11899     0.0010831606087778258
2976      0.0022904401802382344
4420      0.0019308913824087979
2548      0.0019308913824087979
3768      0.0010167430588904473
8392      0.0011773118797712696
3730      0.0005358210367275052
405       0.0012369812437860585
7490      0.0006174122314514559
3174      0.0013631990940451116
8264      0.0008818254705690739
1822      0.0010750793236295414
4301      0.0022904401802382344
11145     0.0022904401802382344
1304      0.003408082695994715
232       0.0012002653662243296
5011      0.0015368606776007064
3296      0.0013830400425924737
10        0.0019308913824087979
856       0.0022904401802382344
679       0.0022904401802382344
621       0.0016891289702027003
5801      0.0013830400425924737
8871      0.001310010643189266
3326      0.0009504618453598294
337       0.0006213792548066612
10951     0.001836740111415354
2227      0.0022904401802382344
9246      0.004580880360476469
4749      0.0009849437523384843
11739     0.0006398511085198536
8874      0.0009862918158763108
11851     0.0007550773332596183
3993      0.0010624873670312075
9904      0.0012117937867499246
1017      0.000726350533371218
10122     0.001746195217626746
11521     0.0011773118797712696
4252      0.002726398188090223
443       0.0006213792548066612
11123     0.0010914465050110309
1847      0.0020635901458267943
6168      0.0022904401802382344
229       0.0022904401802382344
6033      0.00048471346803345954
4111      0.000726350533371218
11832     0.00140416191418271
11740     0.008520206739986788
10094     0.0006924191318540221
2094      0.001836740111415354
8075      0.0014509953028404674
11293     0.0017040413479973576
7797      0.0006731620825153723
2612      0.001250341279174477
10519     0.001250341279174477
1623      0.0010303815080937601
8009      0.0022904401802382344
4370      0.0019308913824087979
4925      0.0020635901458267943
2051      0.0013830400425924737
9316      0.0015368606776007064
1342      0.0014267415851529006
4145      0.0022904401802382344
7712      0.0017637107120121467
11128     0.0014509953028404674
6990      0.001250341279174477
1317      0.0014771913135859173
11827     0.0017725565321110495
10321     0.0014267415851529006
2613      0.0002726504645483376
3888      0.0002969041822359045
8208      0.002620021286378532
9054      0.0019308913824087979
11861     0.0015713425845793614
8214      0.0015368606776007064
7151      0.0009192691662654623
6995      0.0022904401802382344
8033      0.0020635901458267943
1729      0.0011665805767459415
8592      0.001037419960432979
10517     0.003408082695994715
3717      0.0015713425845793614
5272      0.0008070317789165049
7287      0.0010914465050110309
9747      0.0011498904521520617
6989      0.0004807939550825871
5342      0.00076421119360314
7110      0.0011884070243234222
319       0.0038617827648175958
5953      0.0007375405266183312
7488      0.0009044181241083263
686       0.0022904401802382344
2319      0.0020635901458267943
5406      0.0011561900081810334
9129      0.0012241452684290273
8028      0.0005297320160720479
2720      0.0011176425157564808
3873      0.0006974158002029392
9579      0.0019308913824087979
4756      0.0015056679985063393
9430      0.0022904401802382344
10881     0.0006154466074065968
478       0.0022904401802382344
7994      0.0017637107120121467
10273     0.0011998915507414603
6202      0.0016098900770039138
8322      0.0013444925501679209
2268      0.0017637107120121467
4380      0.002217351009961028
9930      0.0005435951651947066
7829      0.0016098900770039138
1756      0.0017637107120121467
7533      0.0022904401802382344
10143     0.000873097608813373
7794      0.0015368606776007064
4348      0.0007375405266183312
8128      0.0012117937867499246
6094      0.0038617827648175958
5227      0.0022904401802382344
11216     0.0020635901458267943
6367      0.0019308913824087979
153       0.0020635901458267943
6909      0.0013267976776362533
1726      0.0006639424469336002
423       0.001037419960432979
3917      0.0019308913824087979
7465      0.0015713425845793614
3163      0.001250341279174477
11970     0.001226985437001167
9079      0.0033071832391286817
2533      0.0022904401802382344
1094      0.0009615569899119818
1556      0.0013267976776362533
9720      0.001037419960432979
3897      0.0012940428217349043
472       0.0008035314736823198
2069      0.0007050568185532633
3579      0.0008688194378324455
6387      0.00270231659548688
72        0.0011461192006769025
11843     0.0017040413479973576
11867     0.0007865704028474658
11220     0.001761890123265401
6617      0.0022904401802382344
2729      0.0008774324459566218
7796      0.0015713425845793614
5136      0.0017637107120121467
8702      0.0020635901458267943
6818      0.0009789385302802513
9600      0.00048603047351162084
6777      0.0007403988453953764
5355      0.0013830400425924737
9775      0.0006356552123337629
7549      0.0022904401802382344
8954      0.0013830400425924737
10684     0.0006356552123337629
8499      0.0014509953028404674
12181     0.0006193897324508145
449       0.00046681113088649535
11881     0.0009504618453598294
427       0.001836740111415354
3225      0.0014509953028404674
1058      0.0014509953028404674
953       0.0006398511085198536
8972      0.001250341279174477
4073      0.00045459794433713724
11950     0.0015713425845793614
11623     0.0020607630161875203
8601      0.0014509953028404674
758       0.0010391044217618545
4684      0.00140416191418271
2590      0.00140416191418271
4739      0.0005467572711431679
1418      0.0022904401802382344
11063     0.0007865704028474658
8799      0.0008774324459566218
9258      0.001067192787323464
