t_index   tf-idf
1192      0.0009617732029107302
7128      0.0021003321985259902
5832      0.0042006643970519805
11836     0.003432939599145365
1444      0.0042006643970519805
8309      0.0021293419437800206
2737      0.0017209462777266716
2744      0.00336384469132402
9562      0.0084862954526311
10243     0.0016637543344302469
10769     0.00869855051395552
8536      0.003631587166650902
7201      0.00963198374935
8822      0.0024065355816873866
3448      0.0024701234332060672
8308      0.0030111104041912634
7207      0.008041838646192715
704       0.0029164697637888573
12084     0.00736740672955666
11063     0.0016033470423634211
2216      0.0029577123915043016
8187      0.0032006155410030704
3340      0.003350288941061102
9563      0.003631587166650902
4417      0.002271297030866388
2646      0.002086287068818049
4648      0.002242135979353805
1129      0.003744015557370468
2706      0.003744015557370468
338       0.00110874267322895
10823     0.002175368400581009
11958     0.0011309033206691986
6011      0.00430758543457983
5608      0.020339341867868323
8655      0.0015640934256623644
1295      0.0015270217210283867
705       0.0024701234332060672
7797      0.0027443504869367097
5272      0.0032901111232632933
9791      0.0014063939757435506
2957      0.003370685221446821
4255      0.0016669302760934136
1342      0.0029082735537602137
7771      0.00464585493377934
1983      0.004593997157683138
10317     0.0021660839150280703
5802      0.0038999517088556474
2738      0.003526526589458329
7497      0.003526526589458329
3059      0.023344194463718413
495       0.0027406169186986653
2211      0.0024458618860736065
8106      0.007307297170282249
8264      0.008987576032604923
10784     0.005915424783008603
6388      0.00504576703698603
1343      0.0019486361098832458
3405      0.00347352207187787
4286      0.00208198550893562
3565      0.004166547397103857
12045     0.0027348540906935704
7401      0.006022220808382527
56        0.0024224517991968987
9907      0.0023998354292726187
3264      0.002521465607533179
1772      0.004206427225057075
331       0.0014862244421966386
8101      0.0021907166151993417
569       0.002783026761308509
2210      0.0014165020330574082
3533      0.0028191922219972542
8000      0.0028191922219972542
9913      0.0014424632474018036
6743      0.00840838083697078
12171     0.0012787386209935857
9196      0.0011443131997151217
7218      0.003370685221446821
4367      0.004668838892743683
9939      0.003935933739564477
2743      0.003744015557370468
11936     0.0014477789649279273
3026      0.00347352207187787
3696      0.0015330590384299726
4871      0.0016308610044351603
4794      0.001670874905160334
5305      0.0030111104041912634
9561      0.004118107879693144
7815      0.003744015557370468
7748      0.003935933739564477
7123      0.0007961229423534575
2197      0.004206427225057075
2438      0.0017209462777266716
7175      0.0017209462777266716
7670      0.0026377800682676157
9170      0.0504771267006849
384       0.0011971470525208331
3888      0.00302605107394044
10718     0.0018638084738484037
8449      0.0018638084738484037
11770     0.0016101198824633523
5839      0.003153846065963026
7411      0.003042077101400785
3133      0.0024224517991968987
10435     0.007871867479128955
9520      0.0023362521955426264
2920      0.0031668631256965268
3148      0.003281603889683861
6717      0.004206427225057075
7153      0.001503404422154417
922       0.0023779607148108517
2637      0.0010985125405198841
1563      0.004668838892743683
11165     0.0018638084738484037
867       0.002296998578841569
11835     0.0026798719928209443
9747      0.0023439395238184116
3692      0.003547931681835119
10633     0.0023779607148108517
320       0.0016972590905262202
1743      0.0011579981723016334
3174      0.0027787483837140754
10479     0.0030691573487218312
4651      0.0035951522501384307
5363      0.0014750120938994045
1523      0.003935933739564477
3296      0.022553537775978034
12082     0.0016522677293864545
3524      0.0035950304130419695
6612      0.003744015557370468
6403      0.002311497806925636
488       0.001147708214776745
8651      0.0017975152065209847
2164      0.0014919020851458917
2475      0.0026377800682676157
8876      0.001834586911154962
6578      0.005561775145022585
8315      0.008016735211817106
11978     0.0018539250483408615
9992      0.0023163367160274682
9264      0.005156751499700595
9977      0.004668838892743683
6732      0.009337677785487365
10434     0.002242135979353805
2647      0.0017209462777266716
7165      0.0022033635159515144
6038      0.0018638084738484037
6918      0.00448427195870761
4087      0.004206427225057075
5316      0.0017885604543539742
4534      0.0026377800682676157
3458      0.0023163367160274682
5963      0.0010273614741714322
7204      0.0013580308474824506
4664      0.0026975303131832945
7724      0.0028191922219972542
2107      0.003744015557370468
8775      0.0030111104041912634
4193      0.00168192234566201
12208     0.0028535312100672447
12111     0.0021294451606691683
2764      0.0023163367160274682
11884     0.004274504881469918
8854      0.004206427225057075
2803      0.0014976284638236845
10684     0.0012957211471073785
2613      0.001111542754088
8981      0.0023998354292726187
7488      0.001843568127022656
4111      0.001480594712417214
11363     0.004206427225057075
5255      0.002086287068818049
9507      0.002783026761308509
8820      0.005915424783008603
324       0.002812787951487101
6989      0.0019601031594303933
5209      0.0048508865664050336
8390      0.0016101198824633523
157       0.00347352207187787
5319      0.005724494193918451
2376      0.007415700193363446
5393      0.002495300723817695
7256      0.003422806124030442
4403      0.004668838892743683
10573     0.028013033356462096
103       0.005585747162403263
1798      0.0011443131997151217
7217      0.0030283960411551835
4739      0.001114511365294906
8326      0.002704547647040412
2093      0.001779724311667198
8259      0.0004569509085206425
635       0.002961189424834428
7447      0.002908636653752477
8450      0.00237248046320468
3579      0.005313011032274909
2261      0.0023942941050416663
3573      0.0016522677293864545
11170     0.0018943688866240398
3407      0.006177161819539715
84        0.004206427225057075
10983     0.004668838892743683
4142      0.0026377800682676157
5569      0.003153846065963026
3768      0.0020725315501499593
621       0.00229541642955349
6569      0.0029082735537602137
136       0.0022079172470786095
731       0.003132740582451824
1220      0.003935933739564477
8226      0.0019954707061165798
11316     0.004668838892743683
12221     0.00347352207187787
5823      0.003744015557370468
11467     0.0030691573487218312
8256      0.0019263967498700002
2598      0.004668838892743683
7132      0.0020725315501499593
9525      0.0027406169186986653
2508      0.004065778112262175
10882     0.0020995031090107973
3993      0.001082888430146246
2340      0.0020077117655194605
6361      0.000921784063511328
4397      0.001114511365294906
8337      0.0020458432305348706
6731      0.004668838892743683
6702      0.01574373495825791
12107     0.0019374237615860117
1726      0.0013533819156388441
6507      0.003132740582451824
9814      0.0021003321985259902
8112      0.010785456750415293
8913      0.001971642493861207
7222      0.0019600401315102915
927       0.0015704773884444804
6972      0.003935933739564477
2365      0.0019155490471242447
7888      0.002184128961134409
11549     0.0016923606841035112
281       0.00347352207187787
7187      0.004668838892743683
3873      0.002843228162424886
10981     0.00347352207187787
2090      0.00188402574889905
9197      0.0022248072383250967
4170      0.0029082735537602137
6079      0.0015577699752862778
3588      0.003935933739564477
9194      0.0022782052510120585
3578      0.001971642493861207
11138     0.0008123949446536482
8898      0.002704547647040412
8028      0.00107980704351399
2466      0.0026377800682676157
6354      0.002086287068818049
10285     0.0028622470969592254
7769      0.0010126004262127975
497       0.0018539250483408615
7186      0.003132740582451824
9049      0.03268187224920578
8584      0.0022248072383250967
6973      0.0010953583075996708
8325      0.002296998578841569
4695      0.004668838892743683
3278      0.004668838892743683
1397      0.0035951522501384307
5295      0.004668838892743683
1508      0.0007220279716760234
6387      0.0011016817579757572
67        0.0014531373794376375
8888      0.0019834502183869998
10250     0.00293895160939996
2443      0.0020077117655194605
2083      0.0017455055793920023
6114      0.0015294466212889591
1161      0.0019048749150884106
4073      0.0009266535670282352
10958     0.0010647225803345841
10772     0.001545300097832853
1514      0.002242135979353805
2411      0.002059053939846572
1730      0.0022782052510120585
10345     0.0012195106779754029
3069      0.004668838892743683
3995      0.003935933739564477
4724      0.003281603889683861
11540     0.003304535458772909
9511      0.003935933739564477
9751      0.0026703289147652167
5965      0.0012830939117053953
3312      0.00118624023160234
1678      0.004206427225057075
9371      0.0012274627917597905
1011      0.0015900042171943082
774       0.0022248072383250967
9848      0.0017290326678839024
1361      0.0014976284638236845
5735      0.0018065917957844567
758       0.0007060376690619462
8346      0.0026703289147652167
8874      0.0006701532205160596
8768      0.0037887377732480796
2063      0.0009464950003676332
9258      0.002175368400581009
825       0.002548698736504656
11927     0.0009907257117510305
232       0.0012233119362363176
9887      0.004668838892743683
11181     0.0022782052510120585
4322      0.0009003007359894001
245       0.004206427225057075
7150      0.0012008226487049964
105       0.0016669302760934136
5157      0.0019486361098832458
800       0.0026377800682676157
1211      0.002495300723817695
11234     0.002175368400581009
1979      0.0020725315501499593
3406      0.002704547647040412
12098     0.002606745681035224
9280      0.00347352207187787
6193      0.004668838892743683
6564      0.004206427225057075
2905      0.004206427225057075
6900      0.0009315588760395259
931       0.001503404422154417
5764      0.001503404422154417
9990      0.0023362521955426264
11926     0.003935933739564477
199       0.0014919020851458917
11492     0.004668838892743683
184       0.0024458618860736065
9505      0.0016522677293864545
3369      0.0019954707061165798
1648      0.002114679397073062
11576     0.003935933739564477
2795      0.0028191922219972542
6854      0.002548698736504656
10416     0.0027787483837140754
12031     0.002242135979353805
729       0.0019486361098832458
11723     0.0015577699752862778
6073      0.002995256927647369
5190      0.004668838892743683
2127      0.0028191922219972542
212       0.0017710036774249696
8968      0.0029577123915043016
9581      0.0011755088631527763
3801      0.0017372182800268626
2876      0.0014319572189374328
967       0.0008817684604112424
7049      0.0014585391823913043
10673     0.0007743778788530976
8918      0.0012233119362363176
8328      0.004206427225057075
2925      0.0030691573487218312
12162     0.002606745681035224
10030     0.0020725315501499593
1910      0.002548698736504656
1017      0.001480594712417214
10738     0.003281603889683861
337       0.0012666210001972954
4041      0.003370685221446821
8302      0.0035951522501384307
1679      0.00841285445011415
9527      0.002191444335570509
8959      0.0010266455559207386
7151      0.0018738405278560192
8342      0.004668838892743683
5750      0.0029082735537602137
4922      0.0029577123915043016
4924      0.0035951522501384307
2339      0.0006870005557300619
9029      0.0011309033206691986
8270      0.0035951522501384307
7553      0.002606745681035224
10259     0.002670207077668755
6882      0.001503404422154417
3789      0.0029082735537602137
3730      0.0010922189181834091
5799      0.0009934211458010314
7837      0.002114679397073062
7475      0.00039468739632849613
449       0.0009515489565074951
1543      0.004206427225057075
8605      0.0020077117655194605
9229      0.004668838892743683
11789     0.004668838892743683
3429      0.004844903598393797
9804      0.004668838892743683
3073      0.0021596707582128274
545       0.0021293419437800206
11472     0.00347352207187787
6233      0.001411428860169412
3776      0.0015330590384299726
11123     0.0022248072383250967
4677      0.0016895466460176937
6166      0.0010767398242266242
