t_index   tf-idf
8259      0.0028063683155371533
3340      0.0102879155690131
4305      0.009162530730471467
1451      0.03938788394636178
7294      0.01706570941318739
7573      0.019671430280535966
6821      0.011446597325238781
9539      0.01758875753826922
5582      0.008576229723406896
612       0.03654413468405482
675       0.024075209917230184
4286      0.012786533644500836
7217      0.004649730714132133
2157      0.011385898174244347
4137      0.0066505695096717565
6930      0.008456597348321151
697       0.016831524661064443
10833     0.00988856644795889
9264      0.003333709261474764
12111     0.0032695018858387463
10410     0.020701095086432832
4538      0.022079661460755833
6090      0.020154001247020693
3495      0.01639985022181279
5659      0.009724659881266222
6387      0.006765988909832245
11519     0.02417257419298561
5989      0.00863738186989671
10223     0.00876249442336687
8292      0.016610004888899133
8109      0.02417257419298561
7425      0.004512384297425294
2682      0.00834035926142524
1043      0.012645699196604888
5963      0.003154775092856615
6900      0.005721177625488032
5965      0.00788013336339823
4419      0.04329507609379836
6596      0.011446597325238781
1598      0.028673718105435255
11984     0.00876249442336687
11993     0.013077373635856543
5517      0.01218137822801827
497       0.022771796348488693
9474      0.010876635792487313
7097      0.007829236836165153
7207      0.016463009303998292
5540      0.033220009777798265
1841      0.022993906866492213
11974     0.04834514838597122
1822      0.013458776060909448
4739      0.006844782064216828
3483      0.018849258811489737
8379      0.010192195536368336
199       0.009162530730471467
3243      0.016831524661064443
10673     0.004755849048427987
5569      0.02905406305106505
7797      0.008427227202810368
9596      0.00836911108295359
12171     0.0026177951014680007
967       0.010830778636372053
1011      0.019530051799877254
367       0.00879437876913461
338       0.006809353587472137
4348      0.009233172441721938
8247      0.00879437876913461
7495      0.02947722385766933
3383      0.01639985022181279
4468      0.019861177073771552
3464      0.020154001247020693
3634      0.007241250119241869
9525      0.016831524661064443
11729     0.01183098381288085
5486      0.01218137822801827
4338      0.025833812485963736
1710      0.012255202166810314
8882      0.009058800689891625
7123      0.004889396561057555
2083      0.010720038982869749
