t_index   tf-idf
7887      0.020053278854640012
2079      0.022686941820775287
2144      0.029091835345540846
2069      0.019906604217450646
6681      0.019480052727852155
3266      0.019834130841026996
7049      0.020202319313547643
3981      0.029701307291275528
9258      0.030131166569749717
8698      0.0303538353714128
10949     0.05451686945652073
9500      0.0225050684667883
6571      0.025543936775295355
7724      0.03904881141532367
497       0.025678834180210657
9493      0.01737654570273519
2686      0.01806558342565629
12005     0.018810171951299477
2013      0.027472895578083762
10503     0.019762221465465708
1192      0.013321582023295432
2809      0.01454017578687265
2025      0.02455387750115664
8875      0.03387778910284931
4069      0.014180896089490011
5948      0.03904881141532367
9701      0.01603950659932688
233       0.03421383734079042
6973      0.01517187783505076
10919     0.025410980407699582
8769      0.018125391454035616
667       0.011780695589245896
12177     0.019762221465465708
8143      0.01710395047379975
118       0.017266540735371566
5963      0.007115024677506408
7412      0.024651075040326507
8932      0.018618324753014896
2637      0.015215567316562649
9597      0.03904881141532367
9267      0.013797425788782085
12113     0.022115194025024192
10888     0.04251109434080664
7272      0.029091835345540846
7552      0.015896979740843854
