t_index   tf-idf
7148      0.012038192601653964
7217      0.004863863049651375
2778      0.012667570834666448
11022     0.0134523786825968
2249      0.0022292311946004745
9471      0.005816303169151812
9596      0.020427238235366987
564       0.0030117186783192476
2579      0.0033768976791808056
4162      0.0038687212468936885
10833     0.031031882866292042
6950      0.008113382534159538
7030      0.004353324919543875
2283      0.009007842511553144
9371      0.0017523646434991745
5997      0.014436289994486054
9500      0.008698505081735608
10243     0.001781421170582386
8299      0.0233454151261337
1101      0.004247454250559003
10037     0.009621277598183079
2637      0.004704813578147661
5956      0.003685315877631787
8135      0.004467673953291282
2357      0.0013964371813914556
953       0.002793034279624492
1505      0.005046921515974445
109       0.004012730867217988
4397      0.009546669721144523
8706      0.00366820668787584
3520      0.010953899935478727
5281      0.004692862705448689
10249     0.007698829325131968
5963      0.002200040525281587
12171     0.0009127838182750266
7475      0.00169040457243323
1648      0.004528474629916326
2651      0.0037558783812029458
1349      0.007107715308256865
5969      0.008297782031529562
9680      0.016035224525316936
9944      0.01129733437133038
11835     0.005738804826731693
5799      0.00425471819681889
10798     0.00586888688839747
6210      0.006858768212082497
8643      0.00595054341380876
9818      0.00579164644152404
1433      0.007218144997243027
263       0.01158329288304808
4566      0.004409355640921441
3160      0.00595054341380876
10740     0.003170615650603968
1652      0.009007842511553144
505       0.0044382172340382345
10153     0.004172901669519714
10351     0.003991247751563522
563       0.007027382013763794
4165      0.003685315877631787
10673     0.0016582894708334426
4966      0.0019129349422438975
9788      0.008428594948869982
8812      0.004056691267079769
449       0.002037692008836774
3724      0.005139121264659456
9311      0.0038687212468936885
6439      0.007218144997243027
7150      0.0025714985010097126
697       0.00586888688839747
835       0.003949227067233164
3407      0.008818711281842882
1508      0.0030923697997440208
8101      0.007036956495862359
10581     0.006333785417333224
6387      0.002359193501454664
3461      0.003991247751563522
488       0.002457756736248885
1766      0.004728138578447943
621       0.002457756736248885
7488      0.0019739520570587975
78        0.003100342454500265
8495      0.00381118594373469
6022      0.002465064170439536
9600      0.004243173936512637
6616      0.002312349951735551
10910     0.0016920043162476708
1572      0.003433483304534826
12036     0.00381118594373469
5075      0.0034774437043966076
11238     0.001791172717723399
3521      0.010475368998907353
6535      0.006032361761322515
9789      0.010799171779632234
4677      0.0036180752189392054
4029      0.00564866718566519
8353      0.006333785417333224
3865      0.007698829325131968
472       0.0035075206104488105
3368      0.004960313164914085
6009      0.0025873720006455393
12169     0.00534355516843855
5223      0.004918901561927176
830       0.00999807276044782
6534      0.00992062632982817
6900      0.0019948843036241165
10405     0.006227914748348352
7445      0.006333785417333224
2052      0.005457904202185958
6242      0.007438364699975307
9791      0.0030117186783192476
3580      0.00586888688839747
3565      0.0017844883917859282
8025      0.009007842511553144
1259      0.00595054341380876
10988     0.003550835766827193
8805      0.0056231755813061736
7207      0.0028701957010260183
9858      0.0065724389276905
4843      0.0065724389276905
3781      0.00579164644152404
5601      0.004624821261830758
4237      0.005518704878811001
5953      0.0032194614434951493
6866      0.00999807276044782
5958      0.004960313164914085
4698      0.01158329288304808
5247      0.007438364699975307
580       0.0024946735260802945
6142      0.009007842511553144
4305      0.003194829794177551
9055      0.011037409757622001
313       0.0038884263906081204
9034      0.006448134451080632
11899     0.004728138578447943
4357      0.005718368827342618
5259      0.0027037176807968117
1137      0.004960313164914085
4069      0.0021924411717303633
9396      0.0035075206104488105
1845      0.004102047466045668
3563      0.004079189374087353
9078      0.004273195492374649
7425      0.003146794312678165
680       0.00579164644152404
4735      0.01619875766944835
9739      0.0037925111644857078
10958     0.0011400236838779837
4229      0.00595054341380876
3616      0.0039084071396613875
5883      0.007027382013763794
10823     0.0046584369367705155
9747      0.007529134687528549
11864     0.004273195492374649
5030      0.004839514457595862
8659      0.0034191253920267664
967       0.0018882607491043381
10578     0.0029181768907667123
5274      0.0027566348514989655
8091      0.005019423125019033
6964      0.0047643076057553874
8264      0.003849284208701187
10647     0.007405264913108029
4493      0.007027382013763794
2729      0.00383010807823828
450       0.004381065602230923
3573      0.0035382443810216507
2613      0.0011901551528146182
6246      0.004409355640921441
5509      0.007698829325131968
12137     0.004692862705448689
9393      0.008428594948869982
6076      0.0037925111644857078
8411      0.004960313164914085
2558      0.014518543372787586
6930      0.002948681970138296
2447      0.003146805094933181
2911      0.006708599076237293
6871      0.0032829652434799737
5759      0.0013320291086033075
7976      0.005399585889816117
10769     0.002661069729598234
8636      0.008428594948869982
12026     0.00595054341380876
10882     0.002247987703891495
3173      0.008069083964034747
2270      0.0031233848938708522
11024     0.0023189485790302837
1886      0.004353324919543875
4956      0.005139121264659456
10335     0.005399585889816117
1963      0.00459197842990115
11178     0.004012730867217988
7173      0.008017612262658468
7256      0.002443253055640151
8491      0.0023322379796939024
6753      0.004801416192629365
7339      0.0037026324565540146
8386      0.0061293515135541305
9386      0.009007842511553144
3615      0.007218144997243027
4664      0.0028883095952011916
6073      0.0032070925327276926
1813      0.007027382013763794
3720      0.00397008291601941
7227      0.0021803854017092934
11912     0.0015119425084188388
1017      0.003170615650603968
5071      0.004692862705448689
10926     0.007698829325131968
2339      0.0014711755321719416
2762      0.002579413204186944
2439      0.0033494237503493393
5659      0.0033908353533362483
5387      0.0019533220917846697
4468      0.003462639424045698
8408      0.0027037176807968117
9163      0.005718368827342618
8325      0.004918901561927176
1045      0.00381118594373469
4016      0.0015655691900714685
