t_index   tf-idf
1878      0.007847475927738318
9500      0.008530146918863305
2137      0.005474326989818276
3378      0.03641249883381765
9121      0.044167485863099286
9550      0.0047859946587137485
3407      0.007206688789463002
4906      0.002872387854065759
2613      0.0038903996393080003
4137      0.007580219011023724
2417      0.007613789402033531
5259      0.008837958870561623
2656      0.011038461230870593
8212      0.00810717850609614
1955      0.013464824840750223
10145     0.012493488647848397
9264      0.0056995674470375
10243     0.004367355127879398
2762      0.008431630258847645
2787      0.006109269527872009
7132      0.0072538604255248575
10907     0.03284596193890965
2230      0.010964592038581383
5439      0.01074205072052641
8822      0.002807624845301951
7488      0.006452488444579296
12111     0.0018632645155855223
11913     0.0065940901211466755
11958     0.003958161622342195
8408      0.004418979435280811
6880      0.0038894826544044058
7426      0.007396396616901928
11863     0.003833754076598848
5330      0.005365706634504904
8686      0.009506215932377155
11001     0.009627973388898203
6311      0.006108843098034393
5423      0.012977475338386031
10822     0.007801579557064342
5342      0.0054521949135019725
11412     0.002495840184131592
6020      0.0038670313605649632
7475      0.0013814058871497365
2357      0.002282348941629046
8876      0.0064210541890423675
1520      0.0035833447107851105
7888      0.001911112840992608
635       0.010364162986920498
7541      0.005995348565130406
1061      0.005913413261061928
5897      0.005834255966326948
7525      0.005162542328647916
8461      0.01310405445079664
1650      0.00959215921544533
10101     0.006984147471408029
4762      0.007558847653744896
1879      0.003768589384793185
3406      0.009465916764641442
12087     0.0047859946587137485
5440      0.012583032875484509
368       0.00528644530955177
110       0.010443314596021243
4286      0.003643474640637335
2063      0.0033127325012867167
10958     0.00931632257792761
5197      0.007613789402033531
10919     0.0064210541890423675
3554      0.007206688789463002
8262      0.005143165316449931
6210      0.0037366765886614325
10882     0.0036741304407688956
10497     0.009867172776990391
5660      0.012583032875484509
10673     0.002710322575985842
6571      0.006454650690531623
8379      0.005808455520726041
10201     0.0064210541890423675
3888      0.002118235751758308
8659      0.011176495905119753
9824      0.0027239770977615023
7920      0.006523329658469413
4562      0.005732721857937842
11836     0.004005096199002927
5058      0.01310405445079664
5712      0.014722495287699764
1144      0.01634093612460289
7217      0.0026498465360107856
7425      0.0025715738469197914
5438      0.01634093612460289
11217     0.009725619342999266
378       0.014722495287699764
5596      0.01074205072052641
9729      0.005659367660805873
4417      0.0026498465360107856
5302      0.005808455520726041
6631      0.009725619342999266
8213      0.012157327251572547
338       0.001940299678150663
103       0.0048875287671028556
3659      0.007847475927738318
11851     0.010774060443392618
337       0.0044331735006905345
3310      0.0062290350908351935
1880      0.006323071285245599
11115     0.019163802749307447
40        0.007115111696458807
6354      0.007302004740863172
6247      0.0069007487285142255
8332      0.008322862501837981
11603     0.011797398275063873
9162      0.00663029110318414
11123     0.007786825334137839
10582     0.007973718378542204
6347      0.009123609883623285
11380     0.01310405445079664
10067     0.005757694465710764
11623     0.0073511626948409665
6033      0.0034581439359161335
11275     0.01634093612460289
8159      0.0035833447107851105
5727      0.006667062202809438
6185      0.009465916764641442
3660      0.00810717850609614
5436      0.004476280877119825
7411      0.005323634927451374
485       0.004052993603055718
10503     0.004993679617617679
667       0.002976842433841705
5759      0.0021770798334161587
9267      0.0034864463014664415
2809      0.0036741304407688956
2025      0.00310223721116764
12176     0.003544101491744791
