t_index   tf-idf
443       0.01963262550305808
9913      0.022358180334727955
6743      0.06516495148652353
2133      0.032124239027324364
2682      0.021049478135977986
12208     0.022114866878021146
8261      0.01654813917835777
3340      0.02596473929322354
9550      0.02119511920287517
7888      0.008463499724395834
8796      0.06100697296324939
10385     0.01884382982891263
963       0.024747955218479452
10110     0.05938202046085159
10243     0.006447048045917206
9792      0.035903219098425754
5         0.034484512194038995
3312      0.01838672358983627
1131      0.02667466730476341
7497      0.036440774757736064
637       0.03475310767998397
8187      0.012402385221386897
2175      0.03754800288755193
6011      0.01335351484719747
11770     0.02495685817818196
5839      0.02444230701121345
9196      0.017736854595584384
11680     0.04507824008328331
338       0.008592755717524363
9371      0.006341891090758917
8034      0.015231914230835688
4794      0.012949280514992587
9991      0.03502886655021767
7771      0.018002687868394943
4210      0.028002172834659077
7207      0.010387374917998923
10386     0.04247956223982931
