t_index   tf-idf
8901      0.02982225498795963
1686      0.03171414838462412
367       0.02663440427223625
1268      0.06963868936709071
8159      0.019042917605886587
192       0.04016987610275859
10415     0.030204082461044824
3259      0.028402604011127992
7123      0.01480788672777431
9517      0.07320836755589927
9583      0.020911945178940693
6662      0.08616772583622181
9371      0.007610269308910701
6335      0.03624463164382837
8467      0.031143546072320696
3801      0.03231226000849964
9296      0.07813235778516683
4540      0.04793389380452983
7239      0.07320836755589927
9264      0.005048188310233214
9628      0.057086326686226055
1399      0.04622658273130647
3736      0.022335301265912932
737       0.02333421851510154
1879      0.020027360730615208
8536      0.03377376064985339
10250     0.02733224996741963
5796      0.04549303108096908
232       0.022753602013995504
2561      0.024179700594905013
3342      0.040461852250806764
2524      0.027963322252072154
