t_index   tf-idf
7272      0.002866491113711572
12171     0.0005817322447706669
208       0.0015166536136671268
6821      0.022893194650477563
4414      0.004834060352216583
5582      0.0019058288274237548
612       0.07579524230766925
3449      0.0018991094566161838
10544     0.0025427456113280146
6043      0.007382224395066282
7790      0.002359748986986207
825       0.003478412741015789
32        0.027601460115243778
12196     0.0023163850480766653
2738      0.004812932515172688
4970      0.002400614250826112
6607      0.0030509864072133454
9128      0.012743874713526782
11970     0.042667968419825696
7584      0.005371683153996803
5759      0.0016978484235446773
6571      0.005033815632867429
1900      0.002740084610803289
10237     0.0017511407474218288
2243      0.005109757081442715
8801      0.0029908391246465443
2430      0.005740847219103053
10484     0.0032164866684617007
7926      0.003371174748463627
9539      0.015634451145128198
5710      0.0019332134664997334
10549     0.002866491113711572
2366      0.0063216503997347035
5626      0.015598409682044722
3785      0.007543270715093507
977       0.015329271244328143
11220     0.004901526611264543
10231     0.0030363721428713587
12036     0.0024289319222124653
2164      0.008144471760419082
4757      0.01163516974278663
946       0.0018038515133814838
11196     0.0017286588493258686
4794      0.0022803764428917764
2822      0.0021433559326569326
11958     0.0015434340917309189
931       0.002051816098160431
675       0.0026750233241366874
4286      0.001420725960500093
3888      0.002477936162434247
5631      0.006956825482031578
7295      0.019845766074401458
9824      0.002124359497625322
2207      0.003691112197533141
5657      0.012743874713526782
9081      0.002264932341415186
1227      0.006371937356763391
10496     0.002216232465695113
2682      0.0037068263384112178
3957      0.003060022059872803
5302      0.002264932341415186
8309      0.005812166060380686
2439      0.006403929686202511
1094      0.005350046648273375
2447      0.0020055110038987153
83        0.0019332134664997334
8522      0.006371937356763391
1743      0.0015804125999336759
8935      0.004906591435723519
7294      0.02654665908718038
8259      0.0012472748069054015
3340      0.003429305189671034
1451      0.0021882157747978768
2646      0.0028473226033554505
7069      0.006371937356763391
6774      0.012145488571485435
4518      0.0031702846560695496
536       0.005109757081442715
7496      0.002968899012113704
320       0.0046327700961533306
2347      0.0035576340426707147
6054      0.004371428951230215
8706      0.002337808874453366
4419      0.004810564010422041
7097      0.0017398304080367007
3321      0.0020677896765046487
10243     0.0017029938234498284
11784     0.013030826489655476
8347      0.002152152818597411
6011      0.0011757811815142427
4347      0.001706718736793028
1052      0.0075905987828295655
3712      0.0028860718815399648
7475      0.0010773228302299832
6360      0.0015571256371375388
1885      0.0026291075139735225
5659      0.002161035529170272
2083      0.004764461770164334
1709      0.0037923798695971974
629       0.003691112197533141
12084     0.001117209825516279
9588      0.0030363721428713587
11238     0.0011415440381297975
3984      0.003847576806122039
46        0.005109757081442715
11374     0.005109757081442715
324       0.0038388363866207606
3708      0.002051816098160431
8822      0.0010947971094888112
2625      0.001723124056524593
3565      0.003411852019515234
9747      0.001599480744240866
11917     0.004036626345637946
6361      0.0012580323382513092
11527     0.0030133210227425047
8678      0.0037923798695971974
8855      0.0030133210227425047
8503      0.005371683153996803
11174     0.019115812070290172
6241      0.005142560849196149
10882     0.0014326797945136574
5322      0.005371683153996803
7599      0.005371683153996803
9264      0.0025928849811470388
967       0.0012034198484857839
10059     0.005620310754046618
8968      0.004036626345637946
9006      0.0031612897319368595
6548      0.012743874713526782
4049      0.001281508019176831
1798      0.0031234712495368734
10201     0.00250380729384042
7497      0.004812932515172688
7339      0.002359748986986207
3117      0.0027744460703172705
8828      0.002740084610803289
4648      0.003060022059872803
2210      0.0019332134664997334
5628      0.012743874713526782
9029      0.0015434340917309189
11691     0.0026291075139735225
7384      0.003109248675909539
7053      0.004371428951230215
1942      0.0012713728056640073
3267      0.0030133210227425047
3031      0.003060022059872803
8847      0.006371937356763391
689       0.0032164866684617007
5632      0.004109502878676127
4348      0.002051816098160431
9488      0.0016747691213700995
10929     0.004740593016336465
4767      0.003306113461797026
9998      0.004109502878676127
2438      0.004697425688889155
10958     0.0007265559746308326
8972      0.006956825482031578
2637      0.0029984556137460988
7875      0.003691112197533141
8478      0.003245392925244999
2707      0.003245392925244999
7030      0.0027744460703172705
1617      0.005103946003537507
1520      0.0013972790696143197
6623      0.0030843027151135054
8743      0.002659459344934996
10244     0.005109757081442715
3007      0.003188469977564465
7392      0.004906591435723519
5274      0.0017568490458190476
6408      0.003371174748463627
6042      0.003109248675909539
8318      0.003245392925244999
3709      0.003847576806122039
3567      0.006371937356763391
2257      0.002866491113711572
3385      0.0041680970246938355
5989      0.007677672773241521
7516      0.0019262897022437888
5436      0.0017454680149775418
2019      0.004740593016336465
3312      0.001618956794073634
8151      0.004188724180331053
1713      0.002337808874453366
6596      0.0025436882944975072
1597      0.01790165887932889
5234      0.004906591435723519
3847      0.003906337232956931
226       0.0017625933589553763
3570      0.002906083030190343
2101      0.004275501298063181
10353     0.002161035529170272
497       0.010120798377106088
487       0.0022257662764932694
4838      0.0015122657949965946
7424      0.0019543063931410248
6202      0.004478666943782376
3016      0.004906591435723519
3798      0.0030363721428713587
11517     0.006371937356763391
9551      0.004451532552986539
5486      0.002706972939559616
5586      0.003969153214880292
10910     0.0010783423734576352
7425      0.0010027520660945098
2355      0.003134897431500758
9690      0.015876612859521168
11995     0.0019332134664997334
5721      0.006371937356763391
5594      0.007938306429760584
3124      0.006371937356763391
2262      0.0031612897319368595
1870      0.004478666943782376
7948      0.003847576806122039
635       0.0060620575961233105
2265      0.004478666943782376
9877      0.005371683153996803
3692      0.0016140485848180732
5363      0.002013066819975917
338       0.0007565948430524597
6535      0.001281508019176831
10825     0.003441245514683647
8101      0.004484768919794878
9775      0.0017683741441654162
11001     0.0012514346962509196
2035      0.0070343240384006045
3430      0.0057721437630799295
2088      0.0020677896765046487
8558      0.002264932341415186
8718      0.0023487128444445774
3908      0.002968899012113704
6151      0.0033380630772199536
11524     0.004906591435723519
7207      0.0009146116279999053
2813      0.002285165854363154
11884     0.001166751646891789
580       0.0015898967545668965
5954      0.003188469977564465
2662      0.0028473226033554505
4322      0.001228712325218238
5395      0.0018924393124103362
7227      0.001389595727714099
2685      0.0020055110038987153
397       0.004371428951230215
2144      0.002866491113711572
9904      0.003371174748463627
7430      0.0025853965308013627
9849      0.0017013153345125025
3903      0.0014326797945136574
4703      0.003847576806122039
12082     0.002254981743879627
7404      0.003691112197533141
2966      0.002440991311917059
9458      0.005740847219103053
9557      0.002557379839904127
1527      0.0053401410126153815
843       0.002740084610803289
4064      0.003906337232956931
7922      0.002075882801899278
6028      0.001983212649924323
2318      0.005371683153996803
11677     0.005371683153996803
667       0.0011607813264036836
8917      0.002810155377023309
6088      0.003306113461797026
7488      0.0012580323382513092
9635      0.004740593016336465
8519      0.002161035529170272
793       0.006371937356763391
7957      0.004371428951230215
2877      0.0015851423280347748
8036      0.001975899593643775
2402      0.002327033948557326
7411      0.002075882801899278
11785     0.0025712804245980746
10317     0.0009854092443628748
1834      0.004036626345637946
11993     0.002906083030190343
5517      0.002706972939559616
3852      0.0026143027875846613
9474      0.0024170301761082917
