t_index   tf-idf
6360      0.0037992272578752226
3259      0.005084865168232634
9720      0.0035208600703185763
1686      0.002838862387370446
367       0.002384153835110662
9359      0.0019454233202642155
11422     0.005985790575038666
5932      0.007243809865873334
1436      0.017033174324222678
5015      0.004911677100401598
4970      0.007321566481100098
7150      0.005997970928186338
9311      0.018047436200342937
9296      0.02098183521085043
1649      0.0023499749052948524
2561      0.004328846653819313
102       0.0073675156506023964
2357      0.002171441959810755
7888      0.007272981860350385
967       0.0014681106591501762
6816      0.00217875549447487
5882      0.01628906483717563
2029      0.01716303102975493
7176      0.0033427630673994084
11936     0.0024104964352124826
1560      0.004286531942995835
75        0.006736926728448816
8718      0.005730619062915925
2456      0.0069939450702834775
10145     0.0019810646960782626
1590      0.004033289312729364
6219      0.011566561988708406
6583      0.005985790575038666
9264      0.003615070912698977
5802      0.004328846653819313
2625      0.004204246419244148
7123      0.0026510283144352987
8101      0.003647459121470004
3537      0.009514630969738277
2637      0.0036579624750815577
11005     0.00290619982655804
9297      0.008486971240227782
8259      0.0007608057326008652
4092      0.003762691547593714
3959      0.004765531611561269
2660      0.002669511316057768
3385      0.002542432584116317
487       0.0027153210073843723
5351      0.0035752941398261837
226       0.0021502737396974798
3524      0.002992793860473558
3643      0.002474506679974455
9471      0.0022610692626881725
11679     0.007844353809800692
6335      0.0032444043670946114
8467      0.013938927270220261
1682      0.006736926728448816
10071     0.006206339214707472
1985      0.005187254495710317
338       0.0018460140160410398
9090      0.002977884541648177
4920      0.005332919717996963
4540      0.01716303102975493
11238     0.00069631266775948
8874      0.006694676417738437
1399      0.006206894100750869
10597     0.004626509457283537
6662      0.0038566117701633812
1879      0.008963652500914736
6721      0.0069018033205235346
7328      0.009253018914567075
8894      0.0034506855221166843
4099      0.004445995200798353
9042      0.0034969725351417387
3257      0.004033289312729364
10310     0.004563022030876806
851       0.0035208600703185763
4641      0.002102123209622074
8640      0.002082109558696354
6681      0.0023415920158799267
1902      0.0034969725351417387
539       0.005907170140344406
4001      0.002583197804324623
1607      0.001987117722367539
737       0.0020887407877968134
1572      0.005339022632115536
11128     0.004924477664627367
3028      0.004924477664627367
602       0.005783280994354203
6322      0.005783280994354203
11832     0.004765531611561269
11138     0.0013526064168018542
3861      0.0018081218906918974
12171     0.003548417912475807
7447      0.008071280739952526
1360      0.0030079060333904895
5478      0.011971581150077333
5799      0.0033080161939461456
2886      0.0034506855221166843
10814     0.0040722662092939075
10882     0.0017477960664527227
25        0.002604155550143732
8418      0.0024016459694592694
3579      0.002948653181595026
2610      0.0032444043670946114
5951      0.005985790575038666
8893      0.0025128114266999096
12087     0.002276713571664341
10426     0.003023226656636493
6499      0.003648670747970337
2924      0.0038244145136211295
2146      0.003733070390177307
9746      0.005013383307234047
2809      0.0017477960664527227
11827     0.0030079060333904895
4953      0.005600672363304187
2032      0.011303485093939329
10070     0.00521589288791851
11066     0.002503110687525641
6700      0.010220058486025127
9930      0.001844886916146741
11706     0.0038566117701633812
7151      0.006239745184830018
1261      0.0038244145136211295
4794      0.0027819426170316557
11810     0.005332919717996963
1595      0.006233642270711445
6453      0.0074084374022999385
12062     0.0032073766858449365
11916     0.0048421638964140645
1008      0.0041126607545195655
9194      0.00379312434375665
10037     0.0024934939384890506
3508      0.006233642270711445
10259     0.002222896173353401
4906      0.002732808904635454
733       0.0041126607545195655
7972      0.0063786313538510666
1508      0.001202148873557778
3762      0.0029631727030571507
11412     0.0011872794737812688
10243     0.000692521784983434
11930     0.0021432659714979174
9723      0.003363524934975315
9738      0.0034969725351417387
4873      0.00494901335994891
7256      0.0018996136289376113
1171      0.0019571771609014255
8708      0.0023669329075941188
10572     0.002750962383198419
12181     0.002102123209622074
4069      0.0017046089928542982
7217      0.0012605408074117805
9921      0.0036760975136781965
3696      0.002552484485979315
6989      0.0016317482823391127
10768     0.006046453313272986
9583      0.007487653005247307
3342      0.007243809865873334
5796      0.008144532418587815
9600      0.003299040605370439
4966      0.0029745893731056004
9859      0.0048421638964140645
587       0.002005477273843558
6403      0.0012828517240482432
4677      0.0028130303492519657
9335      0.004391802620056824
393       0.005612061583534222
1516      0.005783280994354203
1856      0.010787306881814967
5759      0.003106932345386743
6020      0.001839559675358269
7475      0.0006571393734267289
3407      0.0034282458180054176
8159      0.0017046089928542982
7552      0.0019108901478763712
12105     0.004765531611561269
5299      0.004838835979610752
8965      0.0048421638964140645
9081      0.00276310160320983
1628      0.010665839435993927
4286      0.0017332130004054842
3410      0.0048421638964140645
3578      0.003282709113820066
337       0.002108875373730024
2063      0.0031517557301244466
4395      0.002992793860473558
4937      0.0017625731479334382
11934     0.008486971240227782
2877      0.001933792558753421
10056     0.005612061583534222
9216      0.0033023685221737517
704       0.0016186034238930488
10553     0.002604155550143732
10317     0.001202148873557778
10425     0.004502968077297464
10062     0.0033023685221737517
10072     0.004502968077297464
4302      0.0051100292430125635
10570     0.004154579977507211
2761      0.004391802620056824
2044      0.005332919717996963
11024     0.0018029676931590954
8536      0.00906967996990948
10250     0.004893241682146737
8959      0.0017093254652286469
232       0.002036767443708038
8822      0.0013355964737242019
10157     0.005783280994354203
6678      0.0038244145136211295
191       0.0031540515222308186
2388      0.00784789841870195
9656      0.0038897702795351657
12016     0.003595768960604989
7426      0.001759245231130126
243       0.0034506855221166843
3946      0.0034506855221166843
4627      0.0043401315558924064
1454      0.0027753749609637146
1955      0.0016013154861761775
10901     0.0023250136846064734
10565     0.006233642270711445
11050     0.003762691547593714
100       0.005985790575038666
2574      0.00655317868147436
11057     0.0035208600703185763
1868      0.00655317868147436
6435      0.0032444043670946114
10385     0.0020241454036172136
7797      0.0022846191393808162
4142      0.004391802620056824
11549     0.0014088578073547134
6239      0.005332919717996963
8348      0.004033289312729364
7902      0.0040722662092939075
7175      0.0028653095314579626
6387      0.0018342578630235755
4344      0.004033289312729364
10910     0.0013155225374406445
5274      0.004286531942995835
7699      0.004445995200798353
5482      0.005985790575038666
6182      0.002658348130885261
10488     0.005985790575038666
9589      0.0017046089928542982
263       0.004502968077297464
10785     0.00521589288791851
10769     0.00206896470025029
1675      0.00521589288791851
8495      0.0029631727030571507
8928      0.003282709113820066
4921      0.005783280994354203
5275      0.0031715436565794256
