t_index   tf-idf
6360      0.0019597597068986964
3259      0.005245863537675355
9720      0.003632338489431565
1686      0.002928747212300381
367       0.0024596415554835587
9359      0.002007019837000813
11422     0.006175314287177093
5932      0.007473165323368004
1436      0.017572483273802286
5015      0.005067191942630672
4970      0.007553383889472661
7150      0.006187880297944217
9296      0.025253862344809863
1560      0.004422253271006257
1649      0.00242438044319337
3660      0.003978720849957471
2561      0.004465907761591955
102       0.007600787913946009
2357      0.0022401947395409103
7888      0.006565353348212072
967       0.0015145943739517647
6816      0.002247739837307847
5882      0.021006016989893374
2029      0.02213306442161668
7176      0.003448602531274851
11936     0.0024868182220793684
9311      0.018618858982411845
6020      0.0037956086177576946
5802      0.004465907761591955
2625      0.004337362400856099
8718      0.005912063465963394
2456      0.007215389241374246
10145     0.0020437896996480225
1590      0.00416099240442528
6219      0.01193278558729548
6583      0.006175314287177093
9264      0.0027971491956437335
7123      0.0027349658863963107
8101      0.0037629459538120616
3537      0.009815885776167986
2637      0.003773781867432425
11005     0.002998216707610009
9297      0.008755688007728395
8259      0.0007848945684615785
4092      0.0038818269000241213
3959      0.004916419155990648
2660      0.0027540341017904674
3385      0.0026229317688376773
487       0.0028012942318925843
5351      0.003688496065097725
226       0.002218356285545421
4794      0.004305037849311521
6210      0.0018338307268892517
11679     0.008092723851271954
634       0.0030569934746579046
10572     0.005676128189079588
6335      0.0033471295713297967
8467      0.014380265336823543
1682      0.006950233115629254
10071     0.006402845997231192
1985      0.0053514947435956035
338       0.000952231504316684
9090      0.0030721711234417866
4920      0.005501772057353067
4540      0.017706451537293343
11238     0.0007183595068442129
8874      0.0069066450642103665
1399      0.006403418452225831
10597     0.004772995244849243
6662      0.003978720849957471
1879      0.009247462078780109
6721      0.007120330074735362
7328      0.009545990489698486
8894      0.0035599420557984787
4099      0.004586765497393551
9042      0.003607694620687123
3257      0.00416099240442528
10310     0.004707497662461296
851       0.003632338489431565
4641      0.0021686812004280496
8640      0.00214803387190046
6681      0.002415732132477708
1902      0.003607694620687123
539       0.006094204551120482
4001      0.002664987708419334
1607      0.0020500343784847167
737       0.002154875060761356
1572      0.005508068203580935
11128     0.005080397801765964
3028      0.005080397801765964
602       0.00596639279364774
6322      0.00596639279364774
11832     0.004916419155990648
3861      0.0018653711326135404
12171     0.003660768875403801
7447      0.008326835802958938
1360      0.003103143163735307
5478      0.012350628574354186
5799      0.00341275549296291
2886      0.0035599420557984787
10814     0.004201203397978675
10882     0.0018031352558918587
25        0.0026866090240269106
8418      0.002477687530497557
3579      0.0030420142321996176
2610      0.0033471295713297967
5951      0.006175314287177093
8893      0.0025923727383632307
12087     0.0023487994895006786
10426     0.0031189488726777537
6499      0.003764195943156732
2924      0.003945504155213355
2146      0.003851267869549675
9746      0.005172118398755969
2809      0.0018031352558918587
7256      0.0019597597068986964
1171      0.002019145830903581
8708      0.0024418753743253307
12181     0.0021686812004280496
4069      0.0017585807815462546
1261      0.003945504155213355
11810     0.005501772057353067
1595      0.006431013529942413
6453      0.007643005341159039
12062     0.003308929509671161
11916     0.004995477792870446
1008      0.004242876926166622
9194      0.003913223267569525
10037     0.002572443614641738
3508      0.006431013529942413
10259     0.00229327811024058
4906      0.002819335835652935
733       0.004242876926166622
7972      0.00658059329645321
1508      0.0012402116347258344
3762      0.0030569934746579046
11412     0.0012248714360118102
10243     0.0007144485961174741
11930     0.0022111266355031283
9723      0.0034700217666895727
9738      0.003607694620687123
4873      0.005105710352876052
10070     0.005381039892285323
11066     0.002582364851774473
6700      0.010543648728326712
11827     0.003103143163735307
4953      0.0057780023589760875
2032      0.011661379081082526
9930      0.00190330022219888
11706     0.003978720849957471
7151      0.006437309676170282
7217      0.0013004523897045016
9921      0.0037924911025017803
3696      0.002633301936722723
6989      0.0016834131356057863
10768     0.006237897745355507
9583      0.007724729089846166
3342      0.007473165323368004
5796      0.00840240679595735
9600      0.003403495716886126
4966      0.0030687716223859888
9859      0.004995477792870446
587       0.002068975235020662
6403      0.0013234697205880292
4677      0.002902097273238835
9335      0.004530857056575773
393       0.005789752187762217
1516      0.00596639279364774
1856      0.007419238330324805
5759      0.003205304873472867
7475      0.0006779458971236174
3407      0.0035367918597364596
8159      0.0017585807815462546
7552      0.0019713932660149367
12105     0.004916419155990648
5299      0.002496022253334834
75        0.004633488743752835
8965      0.004995477792870446
9081      0.0028505876698022257
1628      0.005501772057353067
2877      0.0019950208191888853
10056     0.005789752187762217
9216      0.0034069290030869044
704       0.0016698520811139366
11934     0.004377844003864198
10553     0.0026866090240269106
10317     0.0012402116347258344
10425     0.004645542264441446
10062     0.0034069290030869044
10072     0.004645542264441446
4302      0.005271824364163356
10570     0.004286123406874193
2761      0.004530857056575773
2044      0.005501772057353067
11024     0.0018600537414913093
8536      0.009356846618033262
10250     0.005048172817201515
8959      0.0017634465881382609
232       0.0021012561226644924
8822      0.001377884488723385
10157     0.00596639279364774
6678      0.003945504155213355
191       0.0032539159503753297
2388      0.008096380690534201
9656      0.004012929232976912
12016     0.0037096191651624024
7426      0.0018149469271025837
243       0.0035599420557984787
3946      0.0035599420557984787
1536      0.003851267869549675
1454      0.0028632496299124334
1955      0.0016520167680603834
10901     0.00239862889361776
10565     0.006431013529942413
11050     0.0038818269000241213
100       0.006175314287177093
2574      0.006760667188539511
11057     0.003632338489431565
1868      0.006760667188539511
6435      0.0033471295713297967
10385     0.0020882344401433523
7797      0.0023569553654298127
4142      0.004530857056575773
11549     0.0014534654424160761
6239      0.005501772057353067
8348      0.00416099240442528
2063      0.0016257737341407103
7902      0.004201203397978675
7175      0.002956031732981697
6387      0.0018923346291351397
4344      0.00416099240442528
10910     0.0013571749660667334
5274      0.004422253271006257
7699      0.004586765497393551
5482      0.006175314287177093
6182      0.0027425174648446887
10488     0.006175314287177093
9589      0.0017585807815462546
263       0.004645542264441446
10785     0.005381039892285323
10769     0.00213447281740861
1675      0.005381039892285323
8495      0.0030569934746579046
8928      0.003386647133255002
4921      0.00596639279364774
5275      0.003271961925389328
