t_index   tf-idf
6664      0.07144475786784525
2603      0.009649460005385102
2355      0.01880938458900455
3385      0.031260727685203764
8918      0.015025963594147975
10740     0.03637234557673986
11024     0.0044337130064478385
2447      0.006016533011696145
10543     0.040850673889367715
9296      0.025798420023404146
10522     0.004630302275192757
2613      0.002275516770161283
3259      0.01875643661112226
1436      0.006981101845671978
10903     0.005322575602652048
4906      0.006720303658568946
1686      0.006981101845671978
368       0.0030920717848321676
7123      0.0032595977073717037
226       0.015863340230598388
2282      0.02022704849078176
199       0.012216707640628623
5351      0.0043960377631196155
2834      0.006620392357923851
5186      0.003600921376239168
8181      0.010323736544050941
1107      0.009404692294502274
6580      0.0067649452316388805
5777      0.01232850863602838
3170      0.012109879036913839
11872     0.01235860714263729
8043      0.019836680770782156
10723     0.016115049461990407
6363      0.011542730418366117
9683      0.021345804256024288
3903      0.004298039383540972
6607      0.009152959221640037
2939      0.021860387299912184
634       0.0072867957666373955
3030      0.010216608623932826
4794      0.00684112932867533
631       0.008541967810066352
2561      0.010645151205304095
7165      0.009021318546442994
6335      0.007978378034804988
8467      0.0068554975630894625
9359      0.009568056832997588
6033      0.004045375925033967
7888      0.0067069243098985855
2625      0.00516937216957378
6816      0.005357820115343862
1334      0.005905934428041348
704       0.003980339237372214
10145     0.004871674818657866
1838      0.009483869195810578
6315      0.016115049461990407
9264      0.002222472840983176
10674     0.005862919179423075
11549     0.0034645497023628484
9674      0.010672902128012144
8379      0.006794797024245558
3348      0.010799967449322125
2543      0.06889016662923664
11537     0.01343600083134713
9471      0.005560239507616827
8893      0.018537910713955934
4518      0.004755426984104324
8917      0.008430466131069927
3954      0.00918006617961841
6662      0.018967738391621157
11217     0.011377139608791593
6981      0.01722254165730916
10099     0.006252145537040754
10177     0.010551486057600907
10713     0.013114286853690645
5963      0.0021031833952377434
5646      0.008972517373939634
3785      0.00565745303632013
8493      0.009327746027728616
2357      0.005339835259660409
5029      0.014221779049009392
7132      0.008485648044953607
8246      0.019115812070290172
8648      0.008025069972410063
4915      0.01722254165730916
232       0.005008654531382659
4016      0.002993289520639789
876       0.009625865030345376
10068     0.005949637949772969
449       0.00389596459551182
2327      0.015329271244328143
9002      0.01722254165730916
587       0.0049317082646090004
9311      0.00739680037141938
3873      0.01164114172162642
3888      0.002477936162434247
9541      0.00751142188152126
7199      0.007112761637091116
4982      0.016050139944820126
12140     0.015774645083841136
3881      0.019115812070290172
11546     0.03444508331461832
5258      0.019115812070290172
4414      0.007251090528324876
