t_index   tf-idf
6885      0.005460014736143172
9524      0.038918327584324994
927       0.003638365764688102
3888      0.0042063186814275295
8049      0.004651318004815546
8640      0.0028971702400365632
9488      0.011371741934427578
9160      0.007020182745143896
699       0.016826784665407383
7488      0.01708416869312098
12012     0.006083435504331234
3903      0.0024319866974484503
6777      0.0034964742627746066
6880      0.0025745330025594994
1321      0.008047198821325598
9044      0.03218879528530239
8949      0.0037946130447560084
10161     0.007808954018369681
6033      0.0022890205412113905
436       0.007420539536429937
9504      0.031240533769244093
4074      0.009135510772267942
6028      0.003366521117487196
10438     0.006852209134766193
331       0.00344317477533812
878       0.0065312958595025354
11201     0.007808954018369681
2366      0.013413822244988674
8685      0.003293490273556229
11125     0.005366317445316305
11085     0.006737672895010317
2656      0.003653298556836174
2340      0.004651318004815546
2249      0.002411694957859588
10370     0.007420539536429937
3867      0.004514455898697484
6511      0.021251175785798583
11764     0.007808954018369681
541       0.00603911543898196
7207      0.0031051227512879343
9474      0.004102930227771015
10199     0.006852209134766193
4347      0.0028971702400365632
6599      0.005666391771650953
7759      0.004833355451247508
8952      0.006631042206834362
9129      0.00578092801140683
9264      0.005030223227278647
4001      0.0035944140266581047
11150     0.008047198821325598
6114      0.007086617440990124
5157      0.013543367696092452
11060     0.01421897448126193
8338      0.01064303256103816
4711      0.00603911543898196
8048      0.009844941176374087
6989      0.0022705109551409003
2696      0.00523563129932079
6233      0.00326989390736757
10313     0.008673858106221262
7597      0.0028340785426684795
8193      0.005154268726511166
9029      0.002619993102333268
4371      0.008673858106221262
3801      0.0040246587199198845
777       0.005154268726511166
4397      0.0025820174334768103
4138      0.004043858121651934
3798      0.005154268726511166
368       0.0017496064547626853
902       0.0040829876031518025
11733     0.007808954018369681
10673     0.0017940213492290626
459       0.00832898261508939
4350      0.007110396562341323
8091      0.002715132793604601
8920      0.0038447428001958843
2362      0.005115139245011298
2613      0.0012875699873866333
4412      0.0032466523872289304
6247      0.004567755386133971
4426      0.008047198821325598
3823      0.008047198821325598
8655      0.003623575872264054
11890     0.005666391771650953
3323      0.01207823087796392
438       0.006111013610114654
5842      0.00603911543898196
338       0.0025686529547047916
12064     0.008555530420434254
921       0.012189897094865077
2582      0.008047198821325598
4661      0.008047198821325598
9919      0.007602576982861898
9324      0.007257701491730026
10829     0.007420539536429937
3357      0.005460014736143172
6445      0.006852209134766193
462       0.008047198821325598
9313      0.007110396562341323
6225      0.008047198821325598
1718      0.013868876473472172
6427      0.00572259912817491
9259      0.028060785076106428
9747      0.005430265587209202
9791      0.003258229459818688
10051     0.007602576982861898
3336      0.015617908036739361
1239      0.007420539536429937
5963      0.0023801150166747414
11912     0.003271391619639338
4218      0.007602576982861898
1103      0.007808954018369681
9581      0.00544666384279329
3873      0.003293490273556229
85        0.00572259912817491
6982      0.0065312958595025354
6871      0.0035516777011313596
4937      0.002452548401572862
11978     0.004295036321956942
11238     0.0019377811608110795
11681     0.003178954033800352
12171     0.003949982644207944
6232      0.003072323345624398
4451      0.004833355451247508
10204     0.008673858106221262
3862      0.005003365350877404
10705     0.00578092801140683
6616      0.002501617029635614
10978     0.014310791261638273
758       0.0049070874294590075
4073      0.004293604783881716
10958     0.0024666704619139296
7797      0.003178954033800352
3321      0.003510091372571948
7941      0.0051944146710296325
9307      0.0055597610834749985
416       0.004833355451247508
196       0.004865894168115372
87        0.005460014736143172
3780      0.007602576982861898
11234     0.0050397324867552905
7501      0.006975917697966236
1720      0.0037145157458312707
3449      0.006447510397195157
4225      0.004567755386133971
8187      0.0018537372928763335
3579      0.004102930227771015
4439      0.008682350061453868
9875      0.009081751783723842
10957     0.006631042206834362
4805      0.013951835395932472
5621      0.006437598568675669
1590      0.005612157015221285
3815      0.013951835395932472
149       0.004341175030726934
4830      0.008047198821325598
519       0.007808954018369681
10611     0.005154268726511166
345       0.008047198821325598
5594      0.006737672895010317
6229      0.0040632990316216925
6485      0.005115139245011298
4859      0.015345417735033895
9533      0.0055597610834749985
208       0.0025745330025594994
346       0.007622285911901793
6210      0.0024733873505018733
4065      0.004567755386133971
2063      0.0021927695560118475
3768      0.004801487683799371
3159      0.004833355451247508
11643     0.010555954579422419
12005     0.009438556032502585
9566      0.005509083364205923
4620      0.0033790356147214914
1043      0.0047702637538794244
10885     0.006335907519720692
11138     0.0018820964732011564
2202      0.00572259912817491
2685      0.0034043727717426586
6130      0.005076976022976518
2608      0.004967834315622597
