t_index   tf-idf
9220      0.004280296815100867
6427      0.007410370299618202
9259      0.029069421590362788
5335      0.006834615753036175
2501      0.011232046672111404
3398      0.006300996595577971
2366      0.0069479890338098
7566      0.011807801218693431
3565      0.0049998568765246285
7552      0.0034431246443302355
10501     0.00491376159251815
10710     0.014006516678231048
4347      0.003751635195623384
7494      0.005365681363061922
8404      0.011232046672111404
3289      0.006217594650449877
10052     0.011232046672111404
12093     0.006009440486980716
11835     0.0026798719928209443
10772     0.00927180058699712
1726      0.008120291493833065
9264      0.004885343526032143
6880      0.01000152682561133
3888      0.003631261288728528
9160      0.018181302777745944
11681     0.004116525730405065
4218      0.009844811669051583
1103      0.010112055664340463
10082     0.008010986744295649
11339     0.005986412118349739
3576      0.008010986744295649
11138     0.002437184833960945
774       0.00667442171497529
9824      0.0023348375123670015
5752      0.009398221747355471
12171     0.007672431725961515
7447      0.005817273307504954
9221      0.0039128222166168
3254      0.0077312731942790055
8886      0.007267355397590697
9938      0.007564396822599537
8525      0.014534710795181394
1739      0.008873137174512904
11927     0.0029721771352530916
1295      0.0045810651630851604
6566      0.009620082254180526
11238     0.0025092926552438403
11912     0.0021181130071858388
10032     0.004563115652101177
3862      0.006479012274638482
10705     0.007485902171453084
6511      0.011007521466929772
5963      0.0030820844225142967
699       0.01634214224992906
7488      0.011061408762135936
11930     0.0038618294693810395
921       0.005261691372745141
7941      0.006726407938061414
9307      0.007199506287817855
10362     0.02269319046779861
9589      0.009214314970590285
1938      0.012619281675171226
3867      0.011691816659299475
663       0.011807801218693431
1718      0.011972824236699478
8519      0.00475029468854479
2933      0.007564396822599537
953       0.0039128222166168
4579      0.008336245151142226
5861      0.008457576665991763
2160      0.00577919024961
2339      0.0020610016671901857
1017      0.004441784137251642
3449      0.008349080283925525
4225      0.0059149274815836215
8187      0.0024004616557523027
3579      0.005313011032274909
12012     0.007877628464133994
4439      0.011243043167136115
9875      0.01176024078906175
11060     0.006137529691604612
6917      0.014006516678231048
6931      0.04201955003469315
12195     0.014006516678231048
748       0.028013033356462096
4831      0.014006516678231048
519       0.020224111328680926
4263      0.004692280276987093
10797     0.00667442171497529
6932      0.009844811669051583
3448      0.007410370299618202
1214      0.00872482066128064
8640      0.003751635195623384
8481      0.014971804342906169
7204      0.004074092542447352
149       0.011243043167136115
110       0.004475706255437676
10485     0.011007521466929772
5685      0.009033331212573789
260       0.028013033356462096
6311      0.002618075613443311
10885     0.004102281136040356
922       0.007133882144432555
3708      0.004510213266463251
8863      0.007410370299618202
11439     0.007410370299618202
8949      0.00491376159251815
204       0.009033331212573789
5788      0.012619281675171226
5275      0.005714624745265232
11082     0.006388025831340062
5454      0.014006516678231048
4824      0.014006516678231048
10620     0.007564396822599537
7561      0.006060544928918655
9504      0.00577919024961
10957     0.008586741290877676
4805      0.009033331212573789
1339      0.0067797806226227745
10673     0.002323133636559293
11886     0.01042056621563361
3813      0.011807801218693431
11196     0.003799863000591886
5517      0.017851051965483
10863     0.014006516678231048
2685      0.0044084274140999405
416       0.006258861206454146
196       0.018902989786733913
11115     0.005475372214087842
6108      0.006344038191219185
4739      0.0033435340958847177
9488      0.00368140493499326
5564      0.009207472046165493
11594     0.009609085759155818
2538      0.00872482066128064
8881      0.005621521583568058
7681      0.01389802029616481
6655      0.008586741290877676
8749      0.006834615753036175
1629      0.012619281675171226
6105      0.012619281675171226
698       0.0077312731942790055
10156     0.00872482066128064
11558     0.00667442171497529
3861      0.0032579523468227274
11899     0.0066237517412358286
7699      0.016021973488591298
3443      0.008113642941121236
3261      0.006949010148082405
8655      0.004692280276987093
6361      0.002765352190533984
11978     0.005561775145022585
6900      0.002794676628118578
8506      0.005714624745265232
7207      0.0020104596615481787
12191     0.004978676160622321
6201      0.007008756586627879
7755      0.009609085759155818
