t_index   tf-idf
4794      0.02862472534893098
8467      0.014342422533305584
11679     0.0134523786825968
337       0.010849608830637358
7525      0.012634643067480425
329       0.012730685682500154
3137      0.012927753524206111
6607      0.019148954161062704
6664      0.04982331798678682
2543      0.07206274009242515
3385      0.013080146584072102
8918      0.020957265012890598
10740     0.03804738780724762
11884     0.00732290178378136
9296      0.01799100343737394
6033      0.008463352264215799
8036      0.01240136981800106
1607      0.010223197755864574
8181      0.021598343559264467
1107      0.019675606247708703
6580      0.014152977524086603
5777      0.02579253780432253
11872     0.012927753524206111
5635      0.03999229104179128
9371      0.003504729286998349
8648      0.016789291126489473
9389      0.02579253780432253
5799      0.01701887278727556
8247      0.012265844072740378
3641      0.03622779703933061
4210      0.030949769975149508
40        0.0174132996781755
1334      0.012355836500770712
758       0.006047770033675355
2088      0.012978100995956808
2365      0.016408189864182673
1454      0.014278573812326476
10385     0.010413695431767506
2355      0.019675606247708703
10673     0.0066331578833337705
3310      0.01524474377493876
2357      0.0055857487255658225
4468      0.013850557696182791
9545      0.01698981700223601
74        0.026834396304949173
8418      0.012355836500770712
10027     0.0223288347151833
307       0.01467282675150336
7769      0.008673722071901724
4322      0.007711786567488151
6114      0.0065504588845994235
6361      0.00789580822823519
3095      0.02316658576609616
8893      0.012927753524206111
3312      0.010161084089120044
1508      0.012369479198976083
7368      0.011553238380804767
9589      0.008769764686921453
8718      0.014741263510527148
2456      0.01799100343737394
10087     0.02287347530937047
10094     0.012090002473293253
5223      0.019675606247708703
