t_index   tf-idf
8628      0.029444990575399527
3769      0.020357914876321496
455       0.017290864032442472
5711      0.02148410144105282
5486      0.013884151528709
1979      0.014507720851049715
4745      0.017650259252732253
10153     0.013640452769182722
3888      0.008472943007033232
4439      0.013116883694992134
9875      0.013720280920572044
10797     0.015573650668275677
11060     0.014320902613744095
12171     0.002983723448985034
4412      0.009809777643132577
11884     0.005984306834057886
10988     0.005803516522126166
2685      0.020572661265799725
1717      0.04484240020939382
6130      0.015340110348993567
2608      0.015010338093440321
4067      0.014604009481726344
10314     0.027551536176951344
1713      0.011990697130260812
11170     0.01326058220636828
10756     0.02620810890159328
5528      0.02297122722778703
3078      0.02242120010469691
9488      0.017179889696635215
9504      0.026969554498180004
12012     0.009190566541489661
3369      0.013968294942816059
9524      0.016798848004908332
6486      0.02297122722778703
5842      0.01824721976724657
1565      0.016353765368798387
6311      0.006108843098034393
7227      0.00712728131311425
9160      0.0318172798610554
1722      0.027551536176951344
9180      0.023594796550127747
11527     0.015455420729550267
7941      0.015694951855476636
9307      0.016798848004908332
11053     0.016353765368798387
6511      0.012842108378084735
11024     0.007580219011023724
1955      0.006732412420375112
4966      0.0062530346499155365
921       0.012277279869738663
11469     0.021077772829338846
5690      0.027551536176951344
5859      0.027551536176951344
7368      0.00944135609614153
9370      0.011130029520360157
1101      0.013884151528709
10902     0.010904389827003945
3074      0.01649746388017453
3846      0.012397025741974788
346       0.011515388931421528
8048      0.019831028462803716
11027     0.024986977295696794
4582      0.016353765368798387
11927     0.013870159964514428
10786     0.012336768994469427
4711      0.01824721976724657
8506      0.013334124405618876
11953     0.021077772829338846
3692      0.008278507257615279
7475      0.002762811774299473
8049      0.014053982358636223
10907     0.010948653979636552
6616      0.007558649304597932
416       0.014604009481726344
196       0.014702325389681933
9113      0.017290864032442472
5564      0.02148410144105282
11594     0.02242120010469691
10362     0.017650259252732253
9589      0.007166689421570221
7552      0.008033957503437217
6973      0.007667508153197696
