t_index   tf-idf
11761     0.003584230689924719
7217      0.004153411143522523
2063      0.0051924290329156955
11863     0.0020030288153016452
11020     0.004235773039701915
9028      0.0068465003591240865
1686      0.0031179640265782144
367       0.00261855098182098
4513      0.002871856123251002
9594      0.004272191514882724
10958     0.001947006741005096
7790      0.0031617985022259
8894      0.0037899383122124253
9371      0.0029928025372120736
1720      0.005863926542576332
3861      0.013901206783212704
10572     0.009064266504190297
9359      0.004273373697883754
3259      0.013961954218953368
3703      0.013982046720206722
8874      0.0024509536323368245
1642      0.021592355599352315
3370      0.01707536022009066
5882      0.008945258920415268
2029      0.009425203837969348
9335      0.00482358096753432
10762     0.007692090234584708
10068     0.0026572821180165787
9297      0.009321364480137815
1560      0.00470796064525666
546       0.007692090234584708
2088      0.0027706058305975207
4682      0.004766829883016659
4873      0.0027177868310955386
72        0.004272191514882724
9471      0.004966730796129637
8893      0.013799287469658209
10740     0.008122476048738255
11315     0.005318219335668255
7368      0.0024664216768010175
1171      0.015047173846593261
9254      0.00853768011004533
10772     0.0028258156283404137
11008     0.007955982184147397
2455      0.013148562442922014
4069      0.005616590866904751
7475      0.0036087288624979067
10317     0.002640675334612872
307       0.015662006083065384
10988     0.007580435906709738
8418      0.0052755256969582815
7272      0.00384077601472028
8147      0.005408625749632866
11389     0.005081362915162537
7888      0.010983530541210325
4937      0.015486878670606163
8495      0.0032544958620655783
4376      0.0018878039273879722
470       0.0058572236228562145
3257      0.00885964113077068
2376      0.0033901831642412943
4906      0.0015007419686972785
539       0.006487931249647929
5932      0.007955982184147397
8506      0.003483352723939762
2092      0.00853768011004533
10030     0.0037899383122124253
8655      0.017161092473699985
329       0.0027177868310955386
5145      0.004132619087385231
341       0.0031470113112361327
346       0.003008233625343264
11339     0.007298041739785917
10087     0.004883101470539764
1520      0.005616590866904751
3554      0.007530584914832125
10085     0.007692090234584708
10099     0.0055847816875813465
12084     0.005987742547991742
3074      0.025858384396453334
9396      0.005990372278519317
11217     0.010162725830325074
338       0.0020275041580675463
336       0.00853768011004533
11605     0.0058572236228562145
2882      0.0028371638805924928
1306      0.006574281221461007
8450      0.0021692201988009084
9971      0.00853768011004533
9503      0.00641006054682563
9791      0.002571804714070369
6102      0.002562666631492499
6020      0.004040830522837545
25        0.0028601820789499978
4641      0.002308792626298401
3730      0.005991863896663478
6607      0.006131968467306597
11835     0.0016335174787700697
10032     0.005562899418572784
1436      0.0031179640265782144
2365      0.0035028719934772005
4382      0.004272191514882724
7049      0.005334320268183928
8799      0.003270654089282127
4138      0.003191921719618521
7552      0.002098758561291183
9631      0.007197451866450771
4976      0.0127037239819803
11867     0.005863926542576332
8207      0.004712601918984674
49        0.003949285571900423
9029      0.004136056526717126
10901     0.0051071929813546685
704       0.0035554715659673144
5727      0.003483352723939762
6233      0.012905058819807405
9847      0.006383843439237042
4546      0.005011633747395592
2339      0.0012562847241018827
1508      0.002640675334612872
12180     0.0034082565069531202
11138     0.0029711747694917134
5710      0.005180577660226814
8519      0.002895544796107358
2886      0.0037899383122124253
12087     0.005001095542251445
5142      0.0025267837999294962
540       0.005155320608202844
11086     0.00853768011004533
580       0.0021302830110348585
6989      0.005376518919055559
9176      0.0035028719934772005
12169     0.00912607174834449
3179      0.0037174459987116236
6926      0.006000910483663464
5075      0.0029695024891476652
7904      0.0036270395847470133
6246      0.007530584914832125
7151      0.0034266016394221025
6114      0.00279682514173908
9264      0.0014889319454339535
3234      0.005612419758477281
3755      0.004660682240068908
9787      0.005612419758477281
2643      0.00384077601472028
6033      0.0018067830676415752
953       0.0023850629803534988
4970      0.003216553364168695
7922      0.002781449709286392
3310      0.0032544958620655783
8706      0.003132401216613077
10408     0.004660682240068908
7170      0.005506272115529529
1146      0.00853768011004533
3079      0.01707536022009066
10881     0.00458818903386828
8695      0.00384077601472028
5799      0.001816621252574358
971       0.008696923737875643
7681      0.004235773039701915
10673     0.0014160674132959734
737       0.00229409451693414
3398      0.00768155202944056
12125     0.011714447245712429
5199      0.00494567561298682
6973      0.0020030288153016452
6387      0.0020145922034893763
10223     0.0026090573283058657
6950      0.003464140857281601
12198     0.004883101470539764
9845      0.00768155202944056
2932      0.004660682240068908
8584      0.004068397506038309
2924      0.004200410322544555
6210      0.001952308554750074
10343     0.0034266016394221025
1975      0.0068465003591240865
755       0.005318219335668255
9987      0.007197451866450771
6161      0.002331177260206478
8652      0.0068465003591240865
4347      0.002286811341152456
1437      0.005408625749632866
374       0.0037411346715679797
3312      0.0021692201988009084
10027     0.004766829883016659
226       0.0070850311704077065
587       0.004405289966701298
2357      0.0011924632110758497
243       0.0075798766244248505
7150      0.0021958863604127883
3970      0.003921240007556039
6582      0.005011633747395592
2011      0.005318219335668255
4758      0.0031470113112361327
2800      0.004068397506038309
7165      0.004029184406978753
3968      0.005728691346000386
7590      0.006574281221461007
10544     0.0017034967087127286
735       0.010023267494791184
4842      0.004132619087385231
10992     0.00290756389155476
4164      0.006574281221461007
6403      0.0014089747868057951
10684     0.002369422659457594
8627      0.005506272115529529
9296      0.00384077601472028
