t_index   tf-idf
444       0.00762781092900322
8525      0.008785605132463405
6130      0.00794780090504959
2608      0.031107775881670192
3951      0.006112301056161226
620       0.004351790708792409
9927      0.006298782364324494
1727      0.005808277464447946
1709      0.005038900272417446
9720      0.0038346971796505936
4739      0.0020210220022478654
7058      0.008466334593805396
1171      0.002131633063823001
5939      0.004572351282741224
774       0.00806879951058294
11910     0.0022045706206527313
9581      0.006394899191469003
4397      0.0020210220022478654
9364      0.0033267857358269645
9488      0.008901001347003203
9160      0.01373726567817155
699       0.006585412940082834
7488      0.006686144014995816
2685      0.0026647040358208553
1718      0.00723705531856208
12047     0.00713730602912667
11527     0.004003771943866782
1043      0.003733827617939048
8469      0.004969753799645769
4487      0.00713730602912667
573       0.02141191808738001
12012     0.011904215715299976
9504      0.020959625919198387
9264      0.002952979234398259
3801      0.0031502203350904944
3862      0.003916283185505712
7979      0.004351790708792409
6161      0.01387018002172991
10974     0.013178407698695108
8048      0.017980500737166043
7299      0.0038612858089158595
3910      0.00762781092900322
9747      0.00212521536212505
5963      0.004657467407281354
12171     0.005410596003591245
10978     0.007467655235878096
4322      0.004897736315842057
10045     0.008466334593805396
4155      0.008007543887733564
3784      0.005190314373594585
11884     0.003100504376419963
11946     0.00447924889976922
8659      0.002895303953136872
2876      0.002596668940190164
11927     0.007186211012255386
4937      0.0019196827321503462
1017      0.005369733469546553
5799      0.001801440573583486
11060     0.003709871707738721
10885     0.0024796518287486273
2202      0.00447924889976922
6718      0.006112301056161226
10527     0.006789287264201044
2613      0.0010078194051689247
6885      0.004273716269794516
9524      0.008703581417584818
921       0.01908279155240717
6788      0.00762781092900322
11615     0.008466334593805396
7494      0.009729968154187498
4074      0.007150636565479921
2339      0.0037373595691944594
7447      0.0017581452753879876
961       0.013038685876546621
5662      0.006112301056161226
4804      0.04282383617476002
5157      0.003533599185331457
9343      0.008466334593805396
8020      0.016932669187610792
10381     0.005112239934596692
1214      0.0052737773913590505
8595      0.00794780090504959
1581      0.003733827617939048
4838      0.002009333660761492
7227      0.0018463430699711008
9324      0.005680819273471135
10829     0.005808277464447946
6009      0.002190977961549426
5563      0.008466334593805396
8465      0.008466334593805396
8949      0.002970156728625177
758       0.001280307862282248
5275      0.0034542439268037753
5532      0.003888471985208774
1565      0.004236490750134401
9534      0.0054602586995223185
6783      0.008466334593805396
7523      0.008466334593805396
5621      0.005038900272417446
1590      0.0043928025662317025
3815      0.0054602586995223185
927       0.0028478573255636677
3888      0.0021949406675601407
6387      0.0019977571711482394
3357      0.004273716269794516
6232      0.004809598106520646
416       0.0037832113699179663
5085      0.006789287264201044
6427      0.00447924889976922
9259      0.0043928025662317025
8566      0.0026157202620015994
418       0.00762781092900322
7832      0.005363428319970196
3323      0.004726995650010949
10957     0.005190314373594585
4805      0.0054602586995223185
7248      0.005950763599398868
5947      0.008466334593805396
3087      0.005112239934596692
4979      0.005112239934596692
10611     0.00403439975529147
4092      0.004098084666042178
1907      0.008466334593805396
3289      0.003758267518517057
5528      0.005950763599398868
3078      0.005808277464447946
10798     0.004969753799645769
10910     0.0028655671985475875
9593      0.006789287264201044
10184     0.00762781092900322
10901     0.002532257244237134
10848     0.0027053711906127455
8091      0.0063756460863751505
3692      0.002144571517989473
7475      0.0007157144707795292
1295      0.0027690561013634534
3857      0.004125688260537217
9589      0.003713103711454209
1955      0.0017440511283980094
7275      0.004842295608668958
85        0.00447924889976922
9672      0.008466334593805396
136       0.004003771943866782
4263      0.0028362808359504157
11671     0.008466334593805396
2387      0.008466334593805396
324       0.005100626619549032
4344      0.0043928025662317025
11864     0.00361852765928104
4664      0.0024458109106996165
1083      0.007669394359301187
737       0.004549847621328991
4225      0.0035753182827399604
9029      0.004101493380254308
4315      0.0046732208444527695
3739      0.008466334593805396
10594     0.006298782364324494
4516      0.010920517399044637
10772     0.0028022015701648674
10054     0.003663337742549716
10912     0.005112239934596692
11238     0.0007583795350806592
10958     0.0009653682448437523
7337      0.0033267857358269645
5764      0.0027262291889206835
7339      0.00313537678772262
6229      0.009541395776203585
6233      0.002559443420530048
4169      0.00762781092900322
3524      0.0032595610012400027
1045      0.003227299517814334
541       0.004726995650010949
944       0.0023573524256871184
6973      0.001986290412945364
9875      0.003554278901429526
9739      0.003211485777168956
2301      0.00420037660761527
8418      0.0026157202620015994
3768      0.003758267518517057
3159      0.0037832113699179663
11027     0.0021576498500462415
9056      0.003973900452524795
6485      0.004003771943866782
4859      0.004003771943866782
11643     0.004131230134843593
12005     0.004925226081955851
9566      0.004312123747470374
4620      0.00528974377569214
6511      0.009980357207480894
10933     0.001946991655532086
2579      0.0028595456670500417
3953      0.008466334593805396
10755     0.005112239934596692
202       0.005950763599398868
12064     0.002232222885925743
698       0.009346441688905539
3251      0.002131633063823001
6900      0.0016892613601719537
4387      0.005190314373594585
1985      0.00282481407774754
1535      0.008466334593805396
8049      0.007281450469934087
5973      0.00762781092900322
3569      0.0030919086168853605
587       0.002184238479311507
2160      0.010479812959599193
8640      0.002267701497075973
184       0.004435253726556874
7194      0.0054602586995223185
1011      0.0028832667002604306
2366      0.0020998796940622936
2063      0.0017163460870176302
7199      0.0031502203350904944
12196     0.006155519041407071
338       0.0020105612263845306
8187      0.0014509754298001386
1741      0.006519342938273311
4286      0.0018877055241185079
4165      0.0031207131665739922
6261      0.006789287264201044
9202      0.0017628800522066352
10013     0.005190314373594585
831       0.006112301056161226
4677      0.0030637740015529765
9775      0.0023496224701027952
766       0.0052737773913590505
6114      0.0013867266719486246
4582      0.004236490750134401
4770      0.00341643666443811
3250      0.00217753633511686
9473      0.004842295608668958
9399      0.003165248279064606
10043     0.002970156728625177
10673     0.0014042339808728874
11005     0.003165248279064606
337       0.0022968531229204435
329       0.0026950755205292806
4621      0.006789287264201044
11046     0.003243322718062499
11835     0.0016198669148806263
2883      0.0031062251618781487
10033     0.003733827617939048
2135      0.004842295608668958
6622      0.005190314373594585
