t_index   tf-idf
226       0.03113914934154498
12087     0.03297018542669471
9296      0.05064134300890443
10426     0.043780800842402545
4322      0.021707251078855537
3998      0.04644756608019889
11872     0.03638923214220979
8835      0.06797385690815601
539       0.057029716663571914
2832      0.047258745393081475
9359      0.02817261178604845
3259      0.03681819038479554
5759      0.014997661074644647
7888      0.013165444015726852
8718      0.04149392691852086
2456      0.05064134300890443
7426      0.012738238617997763
10570     0.06016447300760441
9213      0.07131373210627037
8874      0.01615813876133166
4770      0.04542595416789932
2561      0.03134405632672872
2607      0.06607931903973448
2701      0.07553385626578285
11761     0.047258745393081475
7217      0.01825449835918541
