t_index   tf-idf
3565      0.0036953983045158187
9651      0.010493028702285015
8091      0.004157778283394512
8491      0.006761583679548535
5582      0.0037155872643642954
612       0.03342410865290027
9539      0.01016026321011737
5293      0.004140891170539697
11930     0.0011417125270513427
9488      0.0010883717587105413
2613      0.0024646264744934876
11910     0.003234771877987727
584       0.0030807396032595277
3736      0.00106503480150811
6068      0.001446444841808296
2169      0.0019732282181875176
2164      0.007939195564822688
4757      0.007561275159821829
338       0.0014750507090028197
8048      0.0037689761179306785
102       0.002616438346399216
9775      0.0011492022707995958
1562      0.0021692862232069723
4848      0.0020902781210575356
9538      0.012098003750324184
4849      0.0017282862500463119
9099      0.0018628286937880376
1942      0.0008262191121276995
7207      0.00178311885513333
12191     0.0014718974480313945
9942      0.0020205880359793595
4414      0.004712220956418209
1841      0.003320645950746832
11974     0.00349086221315596
5540      0.0023987200520753514
2794      0.004140891170539697
9202      0.0017244521491612589
3483      0.002722100046345929
8379      0.0014718974480313945
199       0.0013231992608037813
8882      0.006541095865998041
2035      0.0022856761350933843
4305      0.005292797043215125
11768     0.004140891170539697
7434      0.005681666511544448
8200      0.0021692862232069723
4419      0.0031262112165821704
12084     0.002178102534487459
1802      0.0016356471777096483
5436      0.006805898445321149
8949      0.0014527060838916055
4283      0.0015707403188060696
2028      0.002989531442999837
8186      0.002840833255772224
1451      0.025596758368412218
1822      0.00971818979874933
9493      0.004450668381626997
10243     0.00036890465657836874
621       0.0020358529913342264
2738      0.010425834739951734
5373      0.0025794088331034045
11995     0.0025126507452871193
327       0.004140891170539697
9160      0.001343781574513239
493       0.0029105233408504
9396      0.0014527060838916055
1571      0.0017384007160942778
2166      0.003751107050393905
5159      0.003730768560643264
7123      0.0014121962819403293
1560      0.003425137581154028
10910     0.0007007756296175639
5170      0.002213134565674822
8259      0.00040527934802035183
4937      0.0009389183935176761
2281      0.0016104654260829273
7771      0.004120506215109469
6132      0.001145445547985987
7790      0.0015335153498534338
6042      0.0060617641079380785
3304      0.005874744391750032
10732     0.0019436379597498657
2524      0.0013334009248263288
4754      0.004806912502952376
1580      0.003024510063928731
3495      0.0023683707404797763
10415     0.0028804983273475987
8159      0.00363216412101379
2249      0.0009232783149298969
4491      0.003730768560643264
7776      0.01396344885262384
10426     0.0032209308521658547
9581      0.0010425834739951733
8187      0.0007096732687987053
8160      0.00291806858480164
675       0.0017384007160942778
4286      0.0009232783149298969
3888      0.0010735472747330933
6403      0.002050115902327778
902       0.0046893168248732554
2063      0.004197331370840118
6871      0.0013597022261824414
3671      0.0026706169933630956
6681      0.0037420809736064767
8106      0.0064809951741876615
3042      0.006639403697024465
2357      0.000578360903464581
3846      0.012565922550448557
4210      0.003204608335301584
11522     0.0029105233408504
4641      0.0011197958786951373
4214      0.0030807396032595277
7330      0.008281782341079394
9525      0.0024307106458757916
5347      0.002311977436449497
8364      0.003730768560643264
8362      0.0026706169933630956
9029      0.0030090656475026496
3634      0.0020914782360753085
12041     0.004140891170539697
3873      0.0025217187108155324
10933     0.0009522752102670557
10210     0.002213134565674822
24        0.0020902781210575356
1828      0.0024307106458757916
1476      0.008361112484230142
5076      0.005556986700752418
6114      0.0033912457440705463
3312      0.0031563040494814306
3458      0.002054407632334989
5989      0.0012473603245354923
10544     0.0008262191121276995
3430      0.0018755535251969524
2696      0.002004376560094199
5099      0.0021692862232069723
2104      0.0025004007309539678
8450      0.0031563040494814306
758       0.0012523992440308638
4146      0.001526343360763029
1445      0.003730768560643264
4958      0.0025385870028889045
1465      0.003320645950746832
2495      0.0026706169933630956
10485     0.0016271336228363491
6996      0.00349086221315596
8261      0.0009468962472629788
1527      0.0023135760790350015
32        0.002989531442999837
4566      0.001826218140109153
2261      0.0010617748381349622
171       0.0030807396032595277
104       0.001446444841808296
8655      0.0013872272753490452
4300      0.00349086221315596
4240      0.004140891170539697
10378     0.005979062885999674
9264      0.001203587131186393
3641      0.0018755535251969524
4794      0.00074096700494508
2695      0.002989531442999837
10030     0.0018381717154599773
1834      0.0026232571755712536
8447      0.0020205880359793595
6853      0.00214852332599071
2203      0.002840833255772224
2365      0.0016989406398881244
8347      0.0013986061232574454
11138     0.0014410602424237738
9045      0.0016801555111611035
5313      0.0016104654260829273
7294      0.01725171169561995
10027     0.002311977436449497
6361      0.002452648877435454
7494      0.003172623585243698
6210      0.0009468962472629788
11448     0.003730768560643264
5077      0.004140891170539697
7399      0.004140891170539697
1747      0.0022604943834666634
4456      0.004140891170539697
5397      0.0026706169933630956
1508      0.0006403817568952197
5342      0.0013816188745386468
4518      0.0010301265537773672
6848      0.002464530242231421
6847      0.0021908042983884873
3675      0.002464530242231421
5592      0.0025794088331034045
5880      0.010472586639467879
554       0.0029105233408504
7475      0.0010501695981329057
11220     0.0021235496762699244
672       0.0016801555111611035
737       0.0011126670954067493
3305      0.0030807396032595277
5719      0.006935932309348491
6499      0.0019436379597498657
7794      0.002778493350376209
11238     0.0003709240505367257
7295      0.005158817666206809
2262      0.002054407632334989
851       0.0018755535251969524
11373     0.002840833255772224
7922      0.0013490410034141082
2950      0.002989531442999837
449       0.0008439487339051489
6127      0.002989531442999837
1761      0.003320645950746832
337       0.0022467854799140033
12040     0.0025004007309539678
7097      0.003391958193324957
5885      0.0022856761350933843
8558      0.0014718974480313945
4673      0.0014220421315784566
5090      0.001901854826553065
5110      0.00214852332599071
11253     0.00349086221315596
946       0.0011722577273609914
131       0.0013334009248263288
7299      0.0018885580455051682
3862      0.0019154573073522487
800       0.0023395024856161005
3264      0.0044726815000111705
10971     0.0017282862500463119
12013     0.0022604943834666634
6246      0.001826218140109153
3820      0.004140891170539697
9747      0.001039444570848628
4397      0.0009884835133610133
8104      0.0014527060838916055
5205      0.0021908042983884873
7501      0.0026706169933630956
545       0.0037771160910103365
11503     0.00214852332599071
1088      0.004736741480959553
536       0.003320645950746832
9990      0.002072071088962193
2207      0.009594880208301406
6696      0.0021835640764232746
7171      0.004140891170539697
3861      0.0009631820970851932
4513      0.002785778691763915
3696      0.0013597022261824414
2339      0.0012186304135702187
3262      0.0026706169933630956
8640      0.002218269311853608
1021      0.002004376560094199
876       0.00312775042198552
10958     0.0009443247953648694
2177      0.0026980820068282165
25        0.0027744545506980904
11549     0.0022514852970396165
2127      0.0050008014619079355
4193      0.001491732216656633
6476      0.0026706169933630956
12050     0.003730768560643264
2178      0.0019732282181875176
398       0.0019885974421789193
1842      0.0021908042983884873
1983      0.0020372562327327813
7907      0.0019154573073522487
5710      0.0012563253726435596
4665      0.0020205880359793595
2242      0.0023683707404797763
7425      0.0006516522282385301
6161      0.002261305462216638
10088     0.002840833255772224
6231      0.0016989406398881244
8136      0.0014527060838916055
11784     0.0031755982129933556
3340      0.004457162330989327
6989      0.0026076849253185
3250      0.00106503480150811
2326      0.0019436379597498657
12171     0.0007560934080534281
11884     0.0030329184499584922
11863     0.0009714962646422148
8060      0.001644285022438557
3419      0.002439786172118618
11836     0.0010149153855783981
9132      0.0017384007160942778
6622      0.0025385870028889045
4957      0.0025385870028889045
10222     0.003188615960272641
4703      0.0025004007309539678
1743      0.002054105749777557
12181     0.0011197958786951373
9589      0.001816082060506895
5764      0.0013334009248263288
2768      0.003730768560643264
4047      0.0019293798757196684
10627     0.00214852332599071
6923      0.003730768560643264
8520      0.006641291901493664
10555     0.0021692862232069723
10909     0.0018755535251969524
7645      0.002778493350376209
3038      0.0029105233408504
3655      0.0029105233408504
1094      0.005215202148282833
423       0.0056266605755908574
3962      0.005788139627159005
11785     0.0033419639306083966
2969      0.00349086221315596
3606      0.0022856761350933843
5302      0.0014718974480313945
7497      0.0020851669479903467
9411      0.0017806816884920554
2789      0.004140891170539697
8034      0.0008715809232903255
6821      0.0033061016797692393
1693      0.0020205880359793595
8771      0.003320645950746832
5953      0.0013334009248263288
6241      0.0016709819653041983
3533      0.0025004007309539678
4664      0.0011962481157236544
8808      0.0030807396032595277
11001     0.0008132620573728728
4395      0.001594253950197767
2639      0.0016709819653041983
2966      0.001586311792621849
3981      0.00380370965310613
11958     0.0010030218825008831
6774      0.0019732282181875176
4376      0.0018312212483654444
1913      0.0010457391180376543
158       0.004557771797469709
460       0.004929060484462842
5333      0.00214852332599071
1900      0.0017806816884920554
12111     0.0014164871930473042
5569      0.002797212246514891
1955      0.0008530168325543397
4138      0.001548125520686912
6432      0.0022856761350933843
8521      0.008281782341079394
6892      0.002840833255772224
3385      0.0013543476027104628
4838      0.0009827667359855253
8332      0.0021090632497845563
2685      0.0013033089221521621
3903      0.0009310466784509734
11912     0.0018785988660462954
2346      0.001548125520686912
11393     0.003320645950746832
11255     0.0021090632497845563
2656      0.0013986061232574454
11835     0.0007922782322100066
2682      0.0024089321027549737
6203      0.001816082060506895
11857     0.003188615960272641
9256      0.0017698248360788738
4451      0.0018503717735702313
2367      0.004140891170539697
4425      0.00349086221315596
2133      0.0018381717154599773
7351      0.0020205880359793595
5517      0.0017591636133105406
1597      0.006647793916263043
11993     0.0018885580455051682
5965      0.00113800291079048
6596      0.0033061016797692393
5759      0.0005516850804024598
8036      0.0012840655397385295
2402      0.0015122550319643655
8822      0.0014229379324963566
815       0.0016104654260829273
12064     0.0010917820382116373
9474      0.0015707403188060696
5702      0.003188615960272641
790       0.0030807396032595277
5042      0.003188615960272641
10833     0.0014280491055635453
3402      0.002840833255772224
9371      0.0003628875011060961
7888      0.0004842874501697889
367       0.0012700329012646713
9370      0.001410208099991137
11181     0.0020205880359793595
4762      0.0019154573073522487
4648      0.0019885974421789193
11081     0.0025385870028889045
2637      0.0009742938199978808
6831      0.00349086221315596
8519      0.0028087573499025052
1885      0.001708561695048188
8631      0.007461537121286528
9174      0.003320645950746832
9294      0.003188615960272641
12113     0.0014160955302127208
6458      0.0015122550319643655
6603      0.004140891170539697
2882      0.0013760631355462228
2658      0.0010883717587105413
7525      0.001308219173199608
11025     0.0023395024856161005
10332     0.003320645950746832
8855      0.001958248130583344
9075      0.002464530242231421
8149      0.004140891170539697
10882     0.0009310466784509734
10563     0.0018030119557783896
1083      0.0018755535251969524
4098      0.0029105233408504
7502      0.0019732282181875176
11156     0.0026706169933630956
9973      0.004140891170539697
7797      0.001217011012939917
9729      0.0014341176906129322
6166      0.0009549831411056297
10043     0.002905412167783211
10673     0.000686811987920118
3818      0.00349086221315596
8686      0.0012044660513774869
4263      0.0013872272753490452
3524      0.001594253950197767
11845     0.0025794088331034045
11922     0.0018381717154599773
9097      0.003730768560643264
7693      0.004140891170539697
507       0.0022363407500055853
11014     0.002840833255772224
10891     0.003320645950746832
12027     0.0025385870028889045
4739      0.0009884835133610133
2762      0.0010683128257123037
5005      0.0017183417830960402
9583      0.0009971635984508504
539       0.001048911682504388
467       0.002722100046345929
9503      0.001036322231911864
5240      0.0025385870028889045
113       0.0024307106458757916
4526      0.004140891170539697
6150      0.0014341176906129322
4494      0.003320645950746832
9141      0.002072071088962193
2686      0.0011567880395175008
191       0.0016801555111611035
1168      0.0022604943834666634
9944      0.0023395024856161005
8382      0.0012608593554077662
10902     0.0013816188745386468
10237     0.00113800291079048
10129     0.0024307106458757916
1074      0.004140891170539697
