t_index   tf-idf
5488      0.0026770601678227537
4196      0.0025674345591692816
10250     0.0036167438520215015
1924      0.012823796987481059
3853      0.0057455843462686906
11560     0.00854919799165404
10578     0.003353972683527715
10910     0.0009723427450648241
2522      0.007883446539647685
109       0.0023059927856980502
6607      0.0013755392403031813
4229      0.003419593946687832
3520      0.006294868771995337
4162      0.026678818730941734
5802      0.0015997911546723545
10833     0.01981451878040912
9596      0.008384931708819288
9450      0.004843653808046266
6095      0.0033282807527850815
8044      0.007553956272279441
7368      0.0016598225272989836
8101      0.0040439220694558735
9589      0.001259928386022742
9070      0.003419593946687832
10043     0.0020156640181029084
7425      0.004520914324452563
8418      0.0017751296296003294
11592     0.006492229960084
6511      0.002257686350022458
10958     0.0006551364837408452
9158      0.003469365097391706
6721      0.003400888592721742
737       0.0015438518866324271
3774      0.001864528687509863
201       0.0021178374797732767
11867     0.001973117059694872
4970      0.002164637046586116
5467      0.004607474721830198
6816      0.0016103844959162081
3785      0.003400888592721742
7426      0.0071517143091594255
9371      0.002517574913155714
11238     0.002573329424328513
5209      0.0019898721831945036
10973     0.0057455843462686906
9508      0.009687307616092532
2417      0.0026770601678227537
8874      0.00412353257614324
9503      0.004313764753629347
7475      0.0019428468431746766
7814      0.0024556737801170007
4806      0.0028267411622417042
7037      0.003246114980042
4906      0.0010099511169304938
10546     0.004607474721830198
971       0.002926375095164205
8799      0.008804180384003305
6009      0.007434414822270736
6114      0.0018821734413215737
6403      0.0009481947525573971
7552      0.004237191197464997
1520      0.001259928386022742
3410      0.003578990706045178
3852      0.002357320282944959
12135     0.002533920822004004
6616      0.0013288362671599388
6820      0.003639831317333271
1180      0.004607474721830198
10971     0.014388228062767407
6880      0.0013675685703576927
1754      0.0032079233239204743
11066     0.0018501252907798212
7137      0.0057455843462686906
2264      0.003469365097391706
10351     0.004587294202175088
3724      0.0088598839194129
11082     0.0026204189138011222
3903      0.001291849266508534
11912     0.0034754670892954784
10205     0.0025505066902601578
1580      0.0020982895906651125
8064      0.0031029756342232507
6534      0.002850539134468586
9500      0.0009997525689405009
10243     0.002559319640156169
8299      0.003353972683527715
10068     0.0017882654707257128
8822      0.002961540006953665
5953      0.0018501252907798212
3580      0.0033726684576045954
12181     0.003107486483789153
7357      0.004038419909610952
10903     0.0015997911546723545
11308     0.009687307616092532
9789      0.0062059512684465015
1361      0.003686034517766422
6161      0.0015688073811597472
7339      0.004255577568213311
6402      0.003039792731601418
10164     0.00248608364759045
6662      0.005701078268937172
102       0.003630370030731616
7123      0.0009797278553347842
4521      0.003419593946687832
6505      0.002318526961310551
5989      0.005192225774342447
3430      0.007807124503749886
3312      0.001459815483503069
2133      0.0025505066902601578
779       0.0051765295340494445
5199      0.0033282807527850815
2883      0.0021080053556035076
1617      0.006136313153591407
9264      0.002672008935473157
5582      0.0017184883755786977
1898      0.016181061577955406
1798      0.001408219079422579
5304      0.003639831317333271
6476      0.011116632550823322
9583      0.004150764165952311
633       0.006272978742777055
3137      0.0018572954023434113
11425     0.002926375095164205
3571      0.0018941164862675112
9509      0.0017307419247808153
8091      0.0014422539035971512
10447     0.0057455843462686906
967       0.006510751618839912
3521      0.01805961536295559
3371      0.003705544183607774
1571      0.004824144142204914
729       0.004796076020922469
11243     0.00427459899582702
6826      0.00580062057034492
11558     0.0027379007791108467
8495      0.0021901711283465897
9553      0.002440881081606686
11220     0.0014732376771097587
4138      0.002148060741368986
4794      0.002056218456066876
3570      0.0026204189138011222
501       0.013822424165490595
6535      0.0023110749532981034
10992     0.0019566970612353396
5015      0.003630370030731616
5363      0.003630370030731616
92        0.011491168692537381
8932      0.0016541800820258981
3372      0.004607474721830198
6332      0.004607474721830198
7066      0.0057455843462686906
391       0.0057455843462686906
3776      0.005659856903693264
10568     0.0023706697243201704
2270      0.0017949130581034769
11724     0.0028750475979172963
2438      0.004235674959546553
8592      0.0026023748345832954
7030      0.002501721692894779
8599      0.004038419909610952
1800      0.0025847188303221545
56        0.0029811268833217037
564       0.005192225774342447
9078      0.007367021340351002
9824      0.0009577688850352351
1743      0.001425060132643409
7855      0.010353059068098889
9488      0.001510141532880033
2646      0.0025674345591692816
10479     0.0037769781361397204
2558      0.008343359518577365
10153     0.0023980380104612346
4397      0.0027430884642986155
5759      0.0007654760850952845
8875      0.006019871787651863
6311      0.00107395540286805
1479      0.0051765295340494445
11897     0.002201045096000826
381       0.0032079233239204743
4518      0.004287974804192368
8886      0.0029811268833217037
6509      0.0028750475979172963
4305      0.0018359702408884226
9055      0.003171429646802541
9077      0.0033282807527850815
7786      0.0038552251780267248
6354      0.0025674345591692816
2947      0.003639831317333271
2014      0.0057455843462686906
11024     0.001332628294943679
9383      0.0051765295340494445
11825     0.0057455843462686906
10686     0.0057455843462686906
11025     0.003246114980042
6696      0.0015148733762709674
1607      0.0014687391860977463
10165     0.0051765295340494445
8686      0.0033424502144086027
75        0.0016598225272989836
7217      0.0009317040750434899
9600      0.0012192106585064667
4395      0.0022120650273065425
4835      0.0024556737801170007
6166      0.0013250616740482653
9645      0.0027379007791108467
2579      0.0019405990443685539
7888      0.002687841122303403
4376      0.0012704313764652518
2082      0.0020605370747282126
103       0.0017184883755786977
11723     0.001917028835371204
4359      0.004607474721830198
1627      0.009214949443660397
10145     0.0014642652101448028
2762      0.0014823092893626296
2439      0.0038496212480385603
5659      0.0019486085962461617
7643      0.0029811268833217037
10647     0.0021277887841066553
5387      0.008980112149754853
212       0.0021794393081354542
485       0.001425060132643409
9921      0.002717115553588232
5162      0.003941723269823842
2388      0.00290031028517246
2257      0.0025847188303221545
4520      0.004741339448640341
8408      0.003107486483789153
2137      0.0019248106240192801
5799      0.002445055447699325
4155      0.005434231107176464
11835     0.00219860953664327
104       0.002006976396762362
2160      0.0023706697243201704
11255     0.002926375095164205
6361      0.0011343694240942808
946       0.0016265352965651565
7502      0.0054758015582216935
11156     0.007411088367215548
9427      0.0051765295340494445
9507      0.0017124295100300938
3573      0.002033320022364049
2613      0.0006839454942450737
6349      0.001801614912100924
2069      0.0017686396941780347
8160      0.0020244445569417807
5024      0.0057455843462686906
2637      0.0013518556973127495
1714      0.003469365097391706
9787      0.0037769781361397204
9471      0.0033424502144086027
7821      0.003705544183607774
1970      0.003039792731601418
4999      0.0021794393081354542
6578      0.00228148432224934
2377      0.0033282807527850815
1120      0.003941723269823842
2510      0.004607474721830198
5334      0.0035223494520235463
672       0.0023312554729532134
338       0.0013644451422912033
676       0.0035223494520235463
9429      0.0027811198395257886
8203      0.0057455843462686906
10033     0.002533920822004004
1508      0.0008885448195861838
6210      0.003941522753257239
6892      0.003941723269823842
10901     0.0017184883755786977
10101     0.0024556737801170007
3255      0.004424279990245971
3537      0.0023441844418195753
8447      0.00841084093615605
3006      0.0051765295340494445
449       0.0011709988103712275
1549      0.002357320282944959
2164      0.0018359702408884226
10902     0.003834057670742408
1955      0.0011835810115215224
7775      0.002696843596325901
3461      0.002293647101087544
4056      0.003639831317333271
12108     0.003070776505114025
477       0.002269499108580117
8491      0.0013402653040206927
2185      0.00456296864449868
6570      0.0022120650273065425
4049      0.0011555374766490517
635       0.001822055118683566
11679     0.0019326668806755327
471       0.002412072071102457
931       0.0018501252907798212
3643      0.0018289831982419883
765       0.004607474721830198
10792     0.004607474721830198
3419      0.0011284203215721903
3565      0.0010254904935783028
2357      0.0008024894199300614
10317     0.0008885448195861838
331       0.0018289831982419883
1219      0.00248608364759045
4782      0.0029811268833217037
283       0.002357320282944959
5272      0.0020244445569417807
539       0.0014553897447225348
4975      0.007411088367215548
2210      0.00174318114087027
8159      0.002519856772045484
2803      0.001843017258883211
11611     0.003171429646802541
5432      0.002850539134468586
10390     0.0029532946398043
8193      0.0027379007791108467
11406     0.0057455843462686906
11537     0.004038419909610952
10162     0.004038419909610952
12111     0.0006551364837408452
1017      0.001822055118683566
324       0.0017307419247808153
1119      0.004607474721830198
593       0.0037769781361397204
9097      0.0051765295340494445
4739      0.0013715442321493077
10725     0.0026577422752297746
4016      0.0008996843738785
8450      0.001459815483503069
3448      0.003039792731601418
1154      0.0051765295340494445
10805     0.0017751296296003294
3576      0.003286170365807478
7287      0.0027379007791108467
472       0.0020156640181029084
3096      0.0018941164862675112
3579      0.0021794393081354542
5100      0.0030099358938259317
