t_index   tf-idf
4305      0.0031095888711738812
11824     0.004683705611871676
1451      0.03564666551388985
5170      0.022537598746712007
8259      0.006349520628536569
11412     0.0009908778532518167
10243     0.0008669456283730715
9359      0.0024354125450052554
3682      0.0012949192278285068
4362      0.003243771738715195
3398      0.00291849788952064
927       0.001091121429965162
9488      0.0008525772368127401
10037     0.004162032571821638
368       0.004197561697232142
4871      0.002266148375426445
3993      0.0007523589840183632
3762      0.006182500143518388
11970     0.009557260631753486
4970      0.007332505854711134
2024      0.0014794040612601852
3178      0.003243771738715195
7314      0.0020549314480995734
8558      0.0011530125153202174
9029      0.0007857183156410334
4641      0.00526316013849881
10626     0.0027345708265277212
7379      0.00616479434429872
7425      0.004594252529075486
8347      0.005477998369642289
1334      0.0010021809755160877
1885      0.002676807436852444
2363      0.004264720243368009
2099      0.004995611771270264
1739      0.004109862896199147
7690      0.0029225017326703906
11098     0.0017161690021527747
8187      0.0011118467007433293
4810      0.003243771738715195
1370      0.004683705611871676
758       0.0004905341756236148
10742     0.0012615598962058365
10343     0.0026037784069034547
8386      0.0019886049734476586
12036     0.0012365000287036776
12171     0.0014807165461878768
3337      0.0024133008204829175
9581      0.0016334178653414245
7475      0.0024679545945449936
10805     0.0010021809755160877
1052      0.0025761050298183583
1942      0.011002734344855318
2682      0.0028305594932051506
3340      0.007564966731109954
1798      0.0007950351046046364
5659      0.004400486435066039
12005     0.0009435198310683836
8782      0.005845003465340781
130       0.002225369914340248
3888      0.004625304533721983
11675     0.0011530125153202174
2866      0.0015828299022506403
1781      0.004956411180390174
11984     0.0019825494319677442
4611      0.003243771738715195
1676      0.004683705611871676
10549     0.0043777468342809595
2366      0.0032181720818286593
2658      0.0017051544736254802
3903      0.0014586729177865838
11912     0.001962136702494459
815       0.0012615598962058365
1623      0.00291849788952064
11995     0.002952431665486786
5981      0.005202463453251174
7447      0.0006736116903567637
11236     0.0020205827998910344
2605      0.0013863942686039418
5530      0.0029225017326703906
847       0.0017707608083933097
11024     0.0015047179680367263
4870      0.0016673349674028546
1039      0.002601231726625587
11549     0.001175802353630081
7207      0.004656027177758322
3383      0.0037105317470910483
9720      0.0014692169557039094
4406      0.005207556813806909
2738      0.0016334178653414245
7656      0.005845003465340781
11220     0.0008317425092754134
7754      0.0013460649613580508
4652      0.0027345708265277212
1322      0.0013234509815608915
10289     0.005800695053186251
6675      0.0029225017326703906
10223     0.0009912747159838721
3908      0.001511381887703561
3155      0.001904099908295444
11936     0.0020117483589500123
4146      0.0023913255641410105
1562      0.010195876763077382
8256      0.001338403718426222
10958     0.00036986894332860954
3419      0.001274139487965184
3321      0.0021053056044668464
2660      0.0022279165946181155
12111     0.0007397378866572191
12084     0.003981177809390454
5963      0.0024982317170753558
6777      0.002097138245122016
9663      0.003243771738715195
8261      0.0014835044727663318
7753      0.003459037545960652
6033      0.003432309349415159
2613      0.0019306679106491141
3251      0.0008167089326707122
6311      0.001212641212630093
5114      0.0029225017326703906
2631      0.0011186638671116782
729       0.0013538549706872925
5215      0.00145924894476032
3724      0.0016673349674028546
10246     0.001091121429965162
9607      0.002225369914340248
9379      0.0012949192278285068
6028      0.0010095970480404506
5120      0.001832651893748365
9589      0.002133944875793054
10856     0.002341852805935838
116       0.003948455107339114
7424      0.0019897633928031354
9295      0.002279961720580783
2244      0.002979640219188794
2155      0.0014213916148113136
10129     0.001904099908295444
4423      0.0024133008204829175
493       0.002279961720580783
6996      0.0027345708265277212
4369      0.002601231726625587
9160      0.0010526528022334232
10453     0.002341852805935838
1771      0.001609322520953983
8447      0.0031656598045012806
10732     0.0030451019476123837
2524      0.002089042217337301
1527      0.002718513621149986
9264      0.001508530124722839
67        0.0010095970480404506
324       0.000977121108013929
9848      0.001201280967761388
2882      0.0010779405992432526
9202      0.0006754257617312509
2675      0.001394898996107971
9507      0.0019335650177287507
9645      0.003091461071824201
2246      0.0024133008204829175
2357      0.0009061193236777001
4860      0.002176535879590328
5968      0.0016090860409143297
9979      0.0020920308144381137
232       0.0016998421995514253
11901     0.0014494908023485059
4022      0.002279961720580783
6123      0.002176535879590328
8882      0.003074384865939741
7573      0.002225369914340248
11413     0.0017904869617487132
6011      0.0017956700861759673
10010     0.002601231726625587
8060      0.0025761050298183583
1399      0.0017267133357478405
9832      0.001412391436009966
7123      0.00442498215984718
7495      0.003334669934805709
9384      0.005202463453251174
11238     0.001162255082578257
4966      0.001241264082053671
5436      0.0035542721158774277
1913      0.0016383618199351938
8706      0.0011901118816587573
2270      0.0030400501848561554
5186      0.0012220843091185222
4049      0.002609516862955596
11972     0.0018790400407932852
1454      0.002316268110430763
7780      0.0015225509738061918
7222      0.0013617781490002133
4784      0.002497805885635132
7822      0.0024133008204829175
4761      0.002225369914340248
1360      0.0012551667652675362
9105      0.0014494908023485059
3185      0.0015225509738061918
1476      0.0049122651254735255
6607      0.002329755362178387
9538      0.0013538549706872925
4849      0.002707709941374585
9099      0.00145924894476032
2573      0.0021323601216840047
4076      0.0029225017326703906
9738      0.00145924894476032
587       0.0008368640491705774
2008      0.0034673228841095396
5188      0.005965814920342975
4263      0.0010866860406683024
10929     0.0024133008204829175
4906      0.0005701858493663087
6166      0.0014961742274739217
6009      0.0008394461987153084
3885      0.0016374217084911752
8292      0.0018790400407932852
149       0.0013018892034517273
8408      0.002631580069249405
5342      0.001082292693608716
10094     0.0009806191974069236
4469      0.0016673349674028546
1508      0.0005016437668741635
8918      0.0016998421995514253
11138     0.0011288561557513874
11927     0.0013766540839912932
11001     0.000637069743982592
5142      0.0009600160435164362
472       0.0011379789387155161
4417      0.0010520201829199705
621       0.0023921815832006225
9505      0.0011479469496591056
2085      0.0015457305359121004
4397      0.000774329667883654
1021      0.004710391873348373
2067      0.001751840032555069
2685      0.0010209485046528144
7165      0.0007654160346234984
8751      0.0028989816046970118
3261      0.001609322520953983
667       0.0005909206965790364
946       0.0009182894043574896
7175      0.0011956627820705053
1880      0.00627583382633768
10105     0.004683705611871676
10455     0.0015457305359121004
2088      0.0010526528022334232
9583      0.0015622584445313219
384       0.00249522752782624
10903     0.0036127620952899706
4255      0.0011581340552153814
11867     0.003341874891927173
1690      0.004237174308029897
7738      0.005497955681245095
8382      0.0029630867669241208
1729      0.0016521370601300582
11881     0.0013460649613580508
457       0.001184626673918724
9791      0.001954242216027858
8091      0.0016285001387468367
9878      0.002601231726625587
10974     0.0016830481550450173
711       0.002601231726625587
9500      0.001693284233627081
1766      0.0030679917350014403
9921      0.0015339958675007202
3473      0.002341852805935838
2793      0.0015577700347484814
12244     0.0016993127938462304
10627     0.0016830481550450173
5015      0.001024794955313247
8101      0.0007610226875639123
8929      0.002601231726625587
2744      0.001168550103549593
1131      0.0035869883462115153
737       0.0008716090160390118
586       0.0010693571197817647
6020      0.0007676284237620952
1139      0.002279961720580783
10099     0.0010609297122619848
6646      0.001489820109594397
3117      0.001412391436009966
3565      0.0005789588805794261
9371      0.0005685366612846843
10410     0.002341852805935838
3458      0.001609322520953983
3495      0.0018552658735455241
4069      0.0007113149585976846
10544     0.0012944393346888611
6774      0.003091461071824201
11785     0.002617931190039022
3007      0.0032463184189930627
1094      0.005447112596000853
7496      0.001511381887703561
10317     0.001003287533748327
8491      0.0007566705931984487
6045      0.0021323601216840047
11681     0.0009533469407661676
7348      0.0015577700347484814
7888      0.0007587342335637675
967       0.0006126267531779283
8106      0.00072527069032684
173       0.002341852805935838
7951      0.0024133008204829175
10210     0.0017336614420547698
4838      0.0007698514239203582
674       0.002176535879590328
7049      0.0010133500616187185
6012      0.001609322520953983
10387     0.0017161690021527747
3304      0.0030679917350014403
6361      0.0006404284155238789
10553     0.0010866860406683024
3282      0.0025103335305350725
3168      0.0027345708265277212
2662      0.0014494908023485059
10101     0.0013863942686039418
104       0.002266148375426445
8693      0.002497805885635132
367       0.0009948816964015677
9411      0.001394898996107971
9990      0.0016231592094965313
6581      0.004109862896199147
8708      0.000987695588974707
6873      0.0020920308144381137
8985      0.0015577700347484814
3312      0.0008241647713693954
2686      0.0018123424140999908
1713      0.0011901118816587573
2169      0.0015457305359121004
11897     0.0012426391203675957
6499      0.0015225509738061918
2810      0.0017161690021527747
6817      0.0013863942686039418
10647     0.001201280967761388
161       0.0020549314480995734
3790      0.0010325849646424885
5007      0.002341852805935838
4930      0.0013617781490002133
10205     0.0014399338731564818
11077     0.0029588081225203704
6275      0.0027345708265277212
5299      0.0010095970480404506
7426      0.00036705703595084273
103       0.000970203149072712
7294      0.001930592526998787
10910     0.0010979067494968878
9539      0.0019897633928031354
2164      0.001036529623724627
9399      0.0012127258614559164
944       0.0009031905238224927
12105     0.0019886049734476586
5582      0.0029106094472181356
3493      0.0027345708265277212
1856      0.0015004756281713455
102       0.001024794955313247
5900      0.0029225017326703906
7759      0.0014494908023485059
3730      0.0007588415322704369
7227      0.0007074035881746267
11823     0.00128128604956124
11814     0.0011139582973090578
4480      0.0016374217084911752
4468      0.0011234177000105574
8871      0.0018552658735455241
2915      0.00128128604956124
2308      0.0019586917145359792
9474      0.002460882377809296
8306      0.002225369914340248
10918     0.0024133008204829175
629       0.0037580800815865704
331       0.0030977548939274658
8554      0.0016993127938462304
9984      0.002601231726625587
6378      0.002497805885635132
11742     0.003243771738715195
4086      0.002341852805935838
11863     0.0007610226875639123
6907      0.0054691416530554425
6126      0.002341852805935838
6614      0.0013617781490002133
12023     0.002601231726625587
3177      0.003243771738715195
8043      0.0016830481550450173
8555      0.0029225017326703906
8230      0.001930592526998787
3163      0.0017707608083933097
11725     0.0029225017326703906
3410      0.0020205827998910344
2463      0.001082292693608716
5953      0.0010445211086686505
8295      0.0019886049734476586
9824      0.0021629017723954723
3233      0.0029225017326703906
3325      0.0027345708265277212
10673     0.0016140448211313765
4400      0.0018110901156392007
2261      0.0008317425092754134
7111      0.002225369914340248
10943     0.0022002432175330195
1295      0.0010609297122619848
11784     0.003316811224954996
6930      0.0009566694972487109
3857      0.0015807066014224772
11914     0.002176535879590328
8536      0.0012615598962058365
10901     0.000970203149072712
11334     0.0020205827998910344
10405     0.0020205827998910344
3616      0.00380412733337373
7516      0.004903095987034617
2411      0.001430570026510265
4419      0.002448921059734593
5427      0.0017904869617487132
12191     0.002306025030640435
4673      0.0011139582973090578
3544      0.002341852805935838
4550      0.004264720243368009
131       0.0010445211086686505
8208      0.0018552658735455241
338       0.0007703217505571468
8247      0.0009948816964015677
3310      0.0024730000574073553
9575      0.0015577700347484814
6571      0.00128128604956124
8450      0.0008241647713693954
11989     0.0012551667652675362
539       0.0008216661418977812
3785      0.0009600160435164362
5926      0.00140356269965352
6122      0.0015577700347484814
6756      0.00145924894476032
2077      0.0015577700347484814
6388      0.001168550103549593
1580      0.001184626673918724
8337      0.0014213916148113136
5144      0.0015457305359121004
6921      0.002497805885635132
12045     0.0019000960651456933
6721      0.0009600160435164362
7883      0.0034323380043055495
720       0.003243771738715195
8119      0.0029225017326703906
7404      0.0018790400407932852
9552      0.0018110901156392007
2762      0.0008368640491705774
11439     0.0017161690021527747
1768      0.0029225017326703906
7150      0.0008342962052368759
723       0.002601231726625587
9162      0.0013161517024463715
780       0.0020205827998910344
7682      0.002601231726625587
11521     0.0016673349674028546
9054      0.0027345708265277212
7902      0.0016993127938462304
6114      0.0010626144615358724
7299      0.0014794040612601852
12082     0.0011479469496591056
6230      0.004683705611871676
12020     0.002358411244253083
9503      0.0008118041816684185
5601      0.0015004756281713455
5719      0.0036221802312784014
8503      0.0027345708265277212
111       0.002279961720580783
11071     0.0020549314480995734
208       0.0007720851373737668
931       0.0010445211086686505
12012     0.0009121907026238404
7126      0.0018552658735455241
8136      0.0011379789387155161
7588      0.0019586917145359792
4620      0.0010133500616187185
6740      0.0008069507902588982
2339      0.0009546155000646112
921       0.0012185560596432185
10088     0.002225369914340248
3341      0.0012127258614559164
2038      0.0015958869528557755
2346      0.0012127258614559164
9594      0.0016231592094965313
4937      0.0007355027757118189
2272      0.0017161690021527747
6636      0.0020549314480995734
4210      0.0012551667652675362
10833     0.0011186638671116782
9493      0.0008716090160390118
2028      0.002341852805935838
8186      0.002225369914340248
1835      0.0020205827998910344
8157      0.0010567727817566229
12063     0.001082292693608716
619       0.0019886049734476586
4869      0.002279961720580783
808       0.0016673349674028546
8034      0.0006827538929510127
7488      0.0006404284155238789
10522     0.0007857183156410334
2135      0.0018552658735455241
2177      0.0021135455635132457
6588      0.0008606382164183387
1073      0.0029225017326703906
2178      0.0015457305359121004
7214      0.001609322520953983
7771      0.0008069507902588982
1045      0.0012365000287036776
8888      0.0013780427878014266
11061     0.0029225017326703906
3741      0.0019586917145359792
8566      0.0010021809755160877
419       0.0019886049734476586
4016      0.0005079328001939451
876       0.0008167089326707122
3944      0.001430570026510265
449       0.0006611081864315682
198       0.001511381887703561
10486     0.0015457305359121004
3461      0.0012949192278285068
12199     0.0024133008204829175
10857     0.0029225017326703906
9134      0.003243771738715195
