t_index   tf-idf
695       0.057921433603800344
7488      0.016668928481829846
10885     0.024727639070021033
9504      0.06967134912029833
11643     0.08239508991160277
12005     0.024557724491974315
10426     0.03283560063180191
6388      0.030414762417388014
921       0.03171630633015821
364       0.06281285746645815
6526      0.06281285746645815
149       0.033885282878729675
8478      0.04300145625949623
12012     0.023742296898848287
3888      0.010944218050751258
9589      0.018513947672389734
25        0.028284022780727752
10259     0.024143122327254993
6079      0.028169673719760188
10882     0.018983007277305956
6161      0.023052752906486285
1083      0.03824045243040453
4546      0.04955948927980086
11934     0.0460889688184592
8655      0.028284022780727752
10553     0.028284022780727752
4376      0.018668283281947726
1017      0.05354817543242257
11823     0.033349028567746714
4225      0.03565386843065683
8034      0.017770566602641636
7227      0.01841214339221181
10958     0.00962686666385853
