t_index   tf-idf
9488      0.02576983454495282
10362     0.10590155551639352
12171     0.0089511703469551
5532      0.04503101428032096
1565      0.09812259221279031
8640      0.026261446369363686
9531      0.061073744628964484
695       0.06726360031409072
7488      0.019357465333737885
9504      0.04045433174727
10563     0.04269067017875284
10958     0.011179587093513133
1717      0.13452720062818144
6885      0.04949239164052358
9524      0.05039654401472499
3692      0.024835521772845832
6130      0.046020331046980695
2608      0.04503101428032096
2685      0.030858991898699582
12063     0.032713169481011835
6311      0.018326529294103177
8493      0.04784231027125322
12084     0.01719061570229887
7368      0.02832406828842459
3321      0.0318172798610554
438       0.05539338143361993
5842      0.0547416593017397
9589      0.02150006826471066
