t_index   tf-idf
4397      0.002563769960448706
3565      0.0019169062583142126
6210      0.002455907581240376
6114      0.001759133834733414
10032     0.003498926136063447
7447      0.002230297363478048
11936     0.0033304032020073523
11022     0.010837958797286468
2052      0.02931453847110479
3785      0.006357138040812019
6182      0.0036728414105163852
704       0.002236303670467074
5333      0.005572495128187919
9471      0.0031239508187670506
3857      0.005233646945345799
10833     0.011111534029861933
4229      0.012784206344861224
2579      0.0036274801924769083
8299      0.0031347200522723697
5281      0.005041096333768203
9202      0.002236303670467074
6900      0.0021429145876386267
4073      0.004263261287175838
2520      0.006067826234778155
7475      0.0009079204770666113
2625      0.0029043469079937487
11238     0.0038481731886071614
5         0.005117842799115329
4323      0.01550753412835251
11592     0.018203478704334468
8822      0.0018452940679369713
5953      0.0034583614092668744
564       0.006470406206424391
2800      0.005117842799115329
6696      0.008495067307922351
3634      0.002712270362684234
6233      0.006493570233005563
7888      0.0025121341938136046
3289      0.004767554908648846
4322      0.004142019640488335
5969      0.008913518507367445
7148      0.004310495348530984
9680      0.008612558755647261
9944      0.006067826234778155
11008     0.010008232005499905
2270      0.02348608853059072
586       0.01062177690355668
12180     0.008574836158836118
583       0.0051577050267114025
6872      0.010739979219703665
476       0.010739979219703665
3520      0.0039222444998651745
1560      0.0029611907945430588
7030      0.004676363164457025
1743      0.005327609965854158
3179      0.004676363164457025
10111     0.004590287737391849
3670      0.005374205580559187
2339      0.001580344034559259
3692      0.0027204988514424764
2637      0.002526967010171182
7875      0.0062214152587396045
191       0.004357717827534452
8101      0.025197111598847553
3861      0.007494441617602812
1363      0.006304387328879261
3280      0.010739979219703665
1572      0.0073765295023221706
11549     0.001946513790373473
10317     0.00166091946841375
5899      0.010739979219703665
3216      0.00692661792624916
8923      0.007548848523619058
7759      0.00959839492438551
10166     0.011252693200239701
6721      0.006357138040812019
9847      0.004015279619025419
3154      0.005374205580559187
5299      0.00668545889762475
1136      0.007990328158277361
4610      0.0062214152587396045
3237      0.009676268987675462
3206      0.009676268987675462
780       0.006690056832148053
2059      0.007206410315110026
539       0.0027204988514424764
9791      0.0032352031032121956
4162      0.004155799501963538
5342      0.0035834213919129568
8874      0.00154158921044507
1588      0.019352537975350925
670       0.003498926136063447
6816      0.003010224022401675
7922      0.006997852272126894
10988     0.001907162673348881
2813      0.007703350618595226
3385      0.003512689542012296
11074     0.004831506223464381
313       0.004176966864822857
5760      0.006067826234778155
10971     0.008965103233455781
2388      0.005421428059562654
1617      0.0028675880373231926
2063      0.0021772729513757218
10522     0.0052029545000399175
6930      0.006334977518883689
10910     0.0036351188137052435
9371      0.002823598153482769
4347      0.002876695538693549
5199      0.0062214152587396045
5259      0.0029043469079937487
10578     0.00940416015681711
1079      0.010739979219703665
3542      0.010739979219703665
11884     0.0019665743306267964
927       0.0036126529324288226
2272      0.005682156731509363
9596      0.0062694401045447394
946       0.0030404140349221476
10569     0.012784206344861224
1981      0.007548848523619058
6880      0.002556338423036111
11110     0.004155799501963538
9964      0.010739979219703665
9589      0.002355131152671486
10773     0.007753767064176255
2355      0.005283908391610818
9690      0.006690056832148053
4095      0.0056263466001198505
3792      0.009676268987675462
3173      0.004333924955947991
1530      0.010739979219703665
3774      0.0034852850731191425
10740     0.0034058910169032027
6607      0.0025712376612027662
4835      0.004590287737391849
11814     0.0036882647511610853
11867     0.0036882647511610853
4966      0.0020548841782407944
5968      0.002663804982927079
5643      0.006304387328879261
5521      0.014120292819914573
1785      0.01810807678061113
4739      0.005127539920897412
11937     0.003380313600210908
2264      0.006485138291590857
10351     0.004287418079418059
737       0.0028858574135284592
11166     0.008270120547138228
3505      0.007990328158277361
12214     0.009676268987675462
3993      0.002491026035424757
10237     0.0029515693869972166
7194      0.00692661792624916
9370      0.0036575715384929135
7790      0.003977386101740002
4146      0.00395878454699669
10958     0.001224619080914866
8418      0.0033181751733518524
4196      0.004799197462192755
10243     0.0009568057170619176
7816      0.006142700083081824
7425      0.0016901510089296153
10568     0.004431393230266326
11897     0.01234296313552407
3160      0.006392103172430612
10440     0.005078989851053621
3521      0.0056263466001198505
9034      0.00692661792624916
4305      0.003431901969717228
9055      0.005928220081832311
5601      0.004968005878433041
4237      0.005928220081832311
6668      0.004898238888342027
9101      0.006485138291590857
4772      0.005421428059562654
4074      0.0045354744293415045
10566     0.005328392940402409
3844      0.005198630371410396
10673     0.0017813427531214367
6102      0.0032237078473898568
6174      0.004736551642544587
1997      0.007990328158277361
8648      0.004508784896159717
104       0.0037515565861741674
9740      0.006304387328879261
628       0.0056263466001198505
9025      0.006142700083081824
4644      0.00692661792624916
10903     0.002990422335058924
9160      0.0034852850731191425
381       0.005996436177929085
1619      0.005862907694220958
8684      0.007753767064176255
1412      0.009054038390305564
11663     0.007548848523619058
10503     0.003282065049034941
7337      0.004220198159582616
6033      0.002272843717598589
953       0.0030002912403033414
5958      0.005328392940402409
4698      0.0062214152587396045
8685      0.0032702147239197896
5015      0.0033930490216555207
967       0.002028379037907134
1607      0.002745452400868225
6403      0.0017724205798687741
9029      0.0026014772500199588
8974      0.004706162343032511
10714     0.006142700083081824
9503      0.002687846354145965
4210      0.004155799501963538
1970      0.005682156731509363
