t_index   tf-idf
9566      0.03262179440375577
12005     0.00677454468744119
2340      0.005007740840433596
921       0.013123988826272363
6485      0.0027535519690578057
4859      0.0468103834739827
2803      0.0018677320497111466
6009      0.0015068220080387813
3857      0.008512195893867017
9589      0.014045063751468077
9845      0.007858139432416205
11643     0.03125330996647002
11220     0.0014929937379139125
11138     0.0010131592125852968
12011     0.0032139583968554485
7488      0.008047068922262686
7460      0.007031778300843726
1718      0.007465812814263755
329       0.0018535097928544285
2876      0.00535749511223143
7769      0.0012628407614263047
8640      0.0015595878112074218
699       0.00905809672601432
9533      0.01496449103885512
10163     0.004331921204583321
3516      0.01571627886483241
10571     0.001982936293857269
5965      0.0016001803381613263
9583      0.0014021419181282073
1295      0.0019043891578342524
348       0.0034654505704939903
2006      0.014063556601687451
11910     0.0015161702161194072
11027     0.0014839009505107292
9504      0.007207380943479139
10140     0.003827627268233548
9772      0.0040925749658701025
8566      0.0035978680998412804
11681     0.005133828066079879
25        0.001950622260739845
5710      0.0017665571331807908
4376      0.0051498712501924756
12111     0.0013278436777735903
6816      0.0016319796903058888
9264      0.003723280650267792
8048      0.008832785665903953
3116      0.005274545162814418
4966      0.003342139209437614
9832      0.005070539369890183
9550      0.0034107088372442806
12082     0.002060586765958969
3269      0.00490860702003156
472       0.004085387990714323
10984     0.00490860702003156
11238     0.0036509727426392658
2613      0.0013862343542361839
3998      0.002402460314493046
8095      0.004203670649735402
438       0.0032896452575521414
5842      0.0032509414527853078
847       0.0031785495736868412
9401      0.00490860702003156
149       0.002336916060602047
6885      0.0029392033349736227
9524      0.008978694623313072
11850     0.004669260781318342
11060     0.012757125891553646
5968      0.004332510403266456
8008      0.004669260781318342
10437     0.004331921204583321
11085     0.007253969668574325
4263      0.001950622260739845
3888      0.006792962928052504
4794      0.0010418961333902082
8708      0.0017729325035810352
10885     0.0017053544186221403
3047      0.005245946596766582
3790      0.0018535097928544285
4322      0.0022455776978126418
3791      0.002388931857620466
6973      0.0027321006063118223
110       0.005581771594425146
2339      0.0008567765551346174
449       0.0023734037191049016
6511      0.022879618374748664
6616      0.0013466559105892865
9775      0.0016159280972546043
4124      0.004575923674949732
4439      0.00701074818180614
9875      0.00733325359547816
9824      0.0019412250581748633
574       0.0034654505704939903
1921      0.009535648721060523
9481      0.003515889150421863
4510      0.006930901140987981
12020     0.0021166966818631596
931       0.0018749354000431521
3858      0.004483609415402525
1560      0.0016053965418691295
12183     0.0030805562356650378
5663      0.006042207361215253
1668      0.0021462375992338375
10920     0.0034654505704939903
9709      0.0032896452575521414
9717      0.0034654505704939903
2463      0.0019427361186041508
7153      0.0018749354000431521
4873      0.0018535097928544285
7629      0.011065923947524715
7199      0.00649959253044533
8091      0.008769566839113712
3419      0.0034306571845499345
10284     0.005822632412214822
9202      0.0036372065444952987
12064     0.007675938851028177
9206      0.0036269848342871626
5963      0.0025624993091402388
12171     0.0015947487399747592
4387      0.003569584023219264
6576      0.0039069235999542856
967       0.0010996767580990783
6232      0.008269376054793639
7475      0.0019689003449030727
3903      0.001309172915676273
8481      0.003111955500393332
2196      0.00490860702003156
4074      0.002458887477976333
6336      0.0036269848342871626
7321      0.003372912870159594
4049      0.0023420663798748974
1590      0.0030211036806076265
6978      0.007813847199908571
2063      0.0011803989372400942
758       0.0035220729698032718
5275      0.0023756198653688797
922       0.005931235346137411
6434      0.005245946596766582
9038      0.005245946596766582
9598      0.0029656176730687056
6170      0.004203670649735402
4825      0.004203670649735402
2685      0.001832622124252274
416       0.002601863758238601
196       0.002619379810805402
337       0.0015796365347288109
3692      0.0014749064654372046
10958     0.001991765516660386
7814      0.0024886042714212515
8545      0.0030805562356650378
10933     0.002678045993624593
7256      0.0014228906684187854
10910     0.001970763648043264
3569      0.002126427573681694
2682      0.0016936361718602976
8686      0.0016936361718602976
8049      0.005007740840433596
10629     0.0039069235999542856
518       0.00490860702003156
9313      0.003827627268233548
11674     0.00490860702003156
7165      0.001373936445291605
11549     0.0010552938748576491
2210      0.0035331142663615816
9165      0.003827627268233548
6229      0.004374662942090788
6130      0.0027330081656252903
2608      0.005348511274674137
5532      0.0026742556373370685
1565      0.0029136018760502866
10155     0.0029136018760502866
1719      0.004203670649735402
1361      0.0018677320497111466
6582      0.0034178958124000593
11930     0.0016053965418691295
12012     0.004912199358382404
9488      0.004591177418928376
10848     0.0037211810629500974
9581      0.004398024539726766
85        0.0030805562356650378
4025      0.007139168046438528
1955      0.004797811150152377
1349      0.006209038660086458
8424      0.0039069235999542856
3897      0.0032896452575521414
766       0.010880954502861489
6132      0.0016106456555971542
8450      0.004438174659615652
4412      0.0017477190053856886
4225      0.014753324867857997
2457      0.004483609415402525
1648      0.002637272581407209
800       0.0032896452575521414
4787      0.0015847251240846346
1332      0.00490860702003156
3501      0.003827627268233548
6277      0.0039945816278483
6178      0.0040925749658701025
3036      0.0032896452575521414
424       0.007510470778270162
3179      0.0025352696849450917
11777     0.003515889150421863
7227      0.0025396059851326633
3867      0.004860391216605337
6777      0.001882201662528093
7340      0.003372912870159594
5214      0.002187331471045394
5089      0.0029656176730687056
11867     0.001999576483867025
3268      0.003569584023219264
1011      0.001982936293857269
10797     0.0027746159236583102
1581      0.0025679006031419887
4468      0.002016556292930828
3524      0.002241728734569274
11977     0.004331921204583321
11835     0.0011140464031458713
6262      0.003330237784506046
3898      0.0030805562356650378
5157      0.0024301956083026687
2346      0.002176866153609566
7637      0.0034654505704939903
470       0.0079891632556966
7447      0.0012091458886289033
10618     0.0034654505704939903
9505      0.002060586765958969
9851      0.0028887647550457506
10978     0.0025679006031419887
8706      0.0021362736266556616
6588      0.0015448620857930714
6233      0.0017602302451538068
4762      0.0026933824973113993
4001      0.0019349240258446886
3321      0.0018895319457714892
4073      0.0011556541611788909
8349      0.002637272581407209
3733      0.0039069235999542856
9744      0.0030211036806076265
6073      0.0018677320497111466
11817     0.0029392033349736227
8519      0.0019747393628624893
4978      0.0018122460421722262
2428      0.004331921204583321
8959      0.001280356813993105
3768      0.0025847088872559833
12181     0.00157457887923799
6114      0.0028611199725836565
10988     0.0010339598401489145
1017      0.0036929776160291427
9132      0.004888835730318774
12135     0.0025679006031419887
8655      0.001950622260739845
12112     0.002601863758238601
4065      0.002458887477976333
10814     0.003050299018838923
8654      0.0029392033349736227
6203      0.0012768239774061886
10684     0.0016159280972546043
6186      0.005822632412214822
8347      0.0019666224032010822
2696      0.0028184145500175133
4046      0.002033889873347298
11015     0.0027330081656252903
8554      0.003050299018838923
2712      0.0028887647550457506
10237     0.0016001803381613263
4620      0.001818982773442029
2366      0.001444170134422152
3167      0.0034654505704939903
9129      0.006223911000786664
9095      0.003144586418590229
5986      0.003827627268233548
541       0.0032509414527853078
1726      0.0016878383660553398
168       0.0030211036806076265
4612      0.004483609415402525
3634      0.0014704454265127168
10519     0.0031785495736868412
8418      0.0017989340499206402
4610      0.003372912870159594
11741     0.005822632412214822
5802      0.0016212442927618304
12099     0.0039945816278483
8125      0.004483609415402525
