t_index   tf-idf
10315     0.004633475674301449
5009      0.0043355209212461495
6033      0.0010883498681563465
6130      0.004827851988008127
2608      0.0496026908570033
6864      0.005142832688961315
1137      0.0025514978039490386
6009      0.002661797252779167
9717      0.0030608548186089055
3427      0.0043355209212461495
5532      0.004724065795905076
1565      0.061762443829370545
5727      0.004196526462682082
1247      0.003712886766771371
2366      0.002551122877050299
6114      0.0025270805849216048
1260      0.005142832688961315
1554      0.0043355209212461495
8094      0.003826163906586283
472       0.0036084137582959
661       0.004124118659641581
9581      0.011653648780392751
4770      0.0041505947970669425
4513      0.006919666868882279
10412     0.0069015706232694995
3565      0.003671637706280353
11149     0.0032579877612001697
11238     0.0013820215893094246
3844      0.002489361074634758
4225      0.010859046222535074
9488      0.008110303257802409
9589      0.005638765788545097
2800      0.002450675993485005
11138     0.0017897431775618442
9895      0.005142832688961315
4641      0.002781489593780815
1370      0.003712886766771371
3179      0.004478547463760873
9739      0.009754005025411634
7199      0.01339509932670459
9503      0.002574147269791229
7042      0.005142832688961315
9091      0.0031054046303218485
4065      0.0021718092445070147
8519      0.001744186036233874
8957      0.0027774519636279177
338       0.0006106526905854877
9425      0.004633475674301449
9202      0.0021417053764540847
4025      0.018916983351476707
6132      0.0014226007313396184
12020     0.0037391393161846677
6973      0.0012065621966960841
407       0.003614761644981715
2943      0.003960142326294617
8655      0.006891538545558032
4664      0.0014856956293420682
2707      0.0026193780462637297
4767      0.0026683859920087665
4958      0.0031528305585794515
1259      0.0030608548186089055
9095      0.0027774519636279177
5986      0.0033807469272722707
541       0.002871389912612404
8049      0.01326924222693572
9751      0.0029414282969748833
3332      0.005142832688961315
2063      0.007298101043443832
758       0.0031108664809429915
2592      0.0026683859920087665
7797      0.0030229647495698783
8905      0.003960142326294617
5710      0.0015603093460581604
10933     0.004730761450666794
191       0.002086690601002115
8506      0.002098263231341041
587       0.0013268047615445533
3352      0.0033168068919264167
12171     0.0018780797343865183
11220     0.0013186848243503593
8329      0.0031528305585794515
198       0.0023962179843963396
4067      0.0022980928626066834
11884     0.001883385907165426
6212      0.003712886766771371
2685      0.0016186611655832268
1718      0.0021980565646055722
699       0.002000138109551385
7488      0.0020307324038777476
8640      0.001377503955076606
3888      0.005999875885691045
4439      0.004128156289794478
9875      0.0043180579546978
3569      0.001878164455942207
3857      0.003759193110489495
1581      0.006804284846904153
3692      0.0013027092638886984
449       0.0010481529114828754
10440     0.0024320712823150165
3578      0.004343618489014029
11373     0.0035282091535309853
10111     0.0021980565646055722
11027     0.0026213072628311356
9504      0.0021219700239684773
6485      0.0024320712823150165
4859      0.007296213846945049
927       0.0017299167172205698
2682      0.0029918039990222516
12005     0.004487705998533377
9845      0.0023135638938078166
6360      0.0025135327543641486
3313      0.005142832688961315
2987      0.003614761644981715
3516      0.011567819469039084
8351      0.004124118659641581
11643     0.002509495124211252
9533      0.013217367719597924
3845      0.004633475674301449
10910     0.0017406744911651164
6777      0.001662452229847148
9929      0.008248237319283163
2613      0.001836584601297685
6511      0.012125036336668834
8091      0.007745708781755258
10571     0.0017514259651328166
3151      0.003614761644981715
11681     0.0015114823747849392
7475      0.0008695143655155701
8709      0.0022980928626066834
8187      0.0008813877822305409
8494      0.0043355209212461495
8218      0.0029791210122221794
4131      0.005142832688961315
3903      0.0011563253163841194
10958     0.0023456324866254286
10901     0.0030764140462982434
11814     0.001766123391841941
6989      0.001079549202021308
6204      0.0020752973985334712
11835     0.00393592028725648
10674     0.0015773335863422484
6203      0.0011277531577090195
9264      0.00209273457869228
10032     0.0016754587081319044
2822      0.0017299167172205698
4263      0.001722884636389508
3579      0.0019508010050823268
4412      0.0030873411871787802
1720      0.005298370175525822
5963      0.0016974931971715796
4468      0.010686724719897383
2876      0.01104133510439574
4347      0.001377503955076606
208       0.0012241011399648381
8157      0.0033509174162638087
2112      0.0017299167172205698
1867      0.0029791210122221794
3242      0.005142832688961315
10755     0.0031054046303218485
10668     0.004633475674301449
10156     0.0032035297521115043
6232      0.002921566362505773
4397      0.0036829791817613385
4167      0.002489361074634758
8937      0.004633475674301449
10223     0.0015716149050370358
384       0.0013186848243503593
3358      0.003712886766771371
3898      0.00544179477163164
4665      0.005018990248422504
3993      0.0011928263418362203
2918      0.001970140195912753
1980      0.009458491675738354
4696      0.0032035297521115043
10019     0.01028566537792263
10237     0.002826714505990566
4177      0.0043355209212461495
3429      0.0026683859920087665
1265      0.004124118659641581
10797     0.002450675993485005
12145     0.005142832688961315
6376      0.005142832688961315
10138     0.0028387246753951677
6079      0.0017159192113559505
3762      0.005881220948707339
1743      0.0012755614385251495
9473      0.0029414282969748833
8728      0.005142832688961315
2947      0.0032579877612001697
10278     0.003960142326294617
6210      0.0011760098908477604
10343     0.002064078144897239
3597      0.0024320712823150165
7919      0.0043355209212461495
5799      0.002188552168922069
6536      0.00490135198697001
3634      0.0038963071707595848
11060     0.004507086101787482
6361      0.0020307324038777476
9531      0.0032035297521115043
6885      0.0025960476156619817
9524      0.0026434735439195846
9640      0.00272089738581582
2541      0.0033807469272722707
10881     0.001381891113415489
10882     0.0023126506327682387
4458      0.0043355209212461495
5764      0.0016560343127284694
6166      0.0011860535119653677
1021      0.002489361074634758
4322      0.00396680730375025
3736      0.0013227335775075342
4421      0.006305661117158903
354       0.0034507853116347497
2312      0.005142832688961315
11997     0.0029414282969748833
4354      0.003960142326294617
8160      0.001812066278548565
1248      0.0031528305585794515
1682      0.0014856956293420682
11382     0.0043355209212461495
1092      0.0034507853116347497
9014      0.005142832688961315
8450      0.0026133414239361196
737       0.001381891113415489
9729      0.0017811207866495638
808       0.005286947087839169
10263     0.004124118659641581
1295      0.0067281972276783735
10673     0.0008529949223914832
6354      0.0022980928626066834
151       0.0029055749990562064
3419      0.003030123604627861
6161      0.0028084572068815777
3243      0.0030188521388711184
3867      0.0021464671870287527
3116      0.0046587353214706025
3766      0.0026683859920087665
1045      0.003920813965804893
11867     0.001766123391841941
8566      0.0015889062166811745
3552      0.005142832688961315
4739      0.0012276597272537796
9942      0.002509495124211252
11053     0.002573435159557106
1520      0.002255506315418039
8048      0.007801546730290802
11927     0.0032739210068523897
8264      0.005940012179924675
6073      0.0016496719626890332
4873      0.003274220344737772
3873      0.0015659403838736046
11864     0.006594169693816717
2061      0.0029414282969748833
1955      0.0010594151524448143
3571      0.0033908210532504683
2933      0.0027774519636279177
10545     0.0029791210122221794
7808      0.0030608548186089055
4597      0.003712886766771371
7775      0.0024139259940040634
5149      0.0030188521388711184
10426     0.002000138109551385
6070      0.004124118659641581
7494      0.001970140195912753
7430      0.002086690601002115
8809      0.0034507853116347497
789       0.004124118659641581
10312     0.005142832688961315
9848      0.001904568979344197
11897     0.001970140195912753
7892      0.0017811207866495638
3708      0.0016560343127284694
1110      0.0033908210532504683
9832      0.0022392737318804364
85        0.00544179477163164
2082      0.0018443724408311749
11388     0.00995042067577925
4073      0.002041460142590122
4344      0.0026683859920087665
10317     0.0007953303038258734
8615      0.002098263231341041
3982      0.002345518790864287
8308      0.0033168068919264167
8495      0.0019604069829024465
11549     0.0009320869757625937
10415     0.0035774716958936336
3976      0.004124118659641581
3921      0.0032579877612001697
4001      0.0017090191903399788
10641     0.005142832688961315
9926      0.004124118659641581
8774      0.003960142326294617
3861      0.0011962363100855022
10332     0.004124118659641581
10885     0.0015062521260926518
4016      0.0008053012415934458
11317     0.005142832688961315
2675      0.0022115403711559537
8426      0.0033168068919264167
766       0.0032035297521115043
4787      0.0013997064547752612
8180      0.005142832688961315
9902      0.003826163906586283
4829      0.005142832688961315
1238      0.003960142326294617
9598      0.0026193780462637297
8525      0.005336771984017533
2388      0.0025960476156619817
11962     0.003960142326294617
8959      0.0011308735311411182
1727      0.0035282091535309853
5750      0.0032035297521115043
8430      0.0022980928626066834
6826      0.0025960476156619817
206       0.005142832688961315
25        0.001722884636389508
3837      0.002282940844581427
424       0.0033168068919264167
921       0.0019319577459994848
3598      0.004633475674301449
11325     0.003960142326294617
946       0.0014559004600388625
10563     0.0022392737318804364
12064     0.0013559526498262973
4387      0.006305661117158903
6576      0.0034507853116347497
368       0.0008318771806908877
7460      0.0031054046303218485
10740     0.0016309088964189616
346       0.001812066278548565
4843      0.0033807469272722707
2339      0.0007567468050427585
12012     0.001446231283178576
