t_index   tf-idf
9296      0.018730359743019447
2832      0.008739630997350685
3259      0.03404421713662602
2701      0.027937179714741606
8291      0.015488101841044474
1649      0.025173703780007866
5932      0.058198554607324794
5759      0.005547080123498705
7888      0.007304116200505994
7176      0.02685658272643497
7150      0.005354353043198306
1560      0.005739842430518395
7426      0.009422806648929853
9264      0.0036305463874964894
11910     0.010841655518004527
5488      0.009699759101220798
6966      0.015488101841044474
2032      0.015135831067569442
1436      0.00760270680453318
10479     0.013685078315191179
5882      0.03271759084590242
2029      0.03447300581832625
8844      0.012390172587656597
313       0.008096449470855265
8686      0.006055329326788188
2229      0.032101908173763176
1913      0.005257345976983823
6403      0.003435582356868925
11128     0.01318815593746096
6311      0.0038912493706657427
539       0.010546591437783847
11794     0.010242096402916859
6335      0.008688781558452006
8467      0.007465918578980989
3484      0.01754995112641421
621       0.01023504175095426
2177      0.013564330089122677
7026      0.012390172587656597
10549     0.018730359743019447
2366      0.010326805618744703
1131      0.00767353443013742
4852      0.012220148041594733
6414      0.011761608386590534
2876      0.006384959928275813
8917      0.009181124074247385
5963      0.0022904531496082273
12171     0.0019005909640795074
2749      0.007271852834844448
7948      0.012570507784385017
2249      0.0046416868709489335
9600      0.004417550947602197
3536      0.012220148041594733
2112      0.007002608081351758
10614     0.016030439142740535
8127      0.014281997326964469
4253      0.018756055640494217
1402      0.010801480282720419
6681      0.0062709758781441865
1902      0.009365179871509723
338       0.004943777262137305
2809      0.004680741520431606
8805      0.005854264988757111
8874      0.0029881489490133886
9371      0.0036487592576969112
3583      0.00631604673644091
1101      0.008844014329931073
4978      0.006479400232971931
8408      0.005629658732618019
12084     0.0036500622381593494
6766      0.005523411019068379
1590      0.010801480282720419
8115      0.020817904925863953
10434     0.01999493866519626
7165      0.0049122933180973825
7339      0.007709590868441236
6361      0.004110146748944346
10882     0.004680741520431606
472       0.007303330586139989
1607      0.0053216645852445735
4303      0.018756055640494217
3307      0.018756055640494217
4697      0.020817904925863953
11793     0.020817904925863953
5486      0.008844014329931073
11587     0.020817904925863953
6607      0.004983974370687553
4302      0.013685078315191179
10570     0.011126306652091227
11238     0.0018647825554380594
4069      0.0045650829877125374
11513     0.013968589857370803
8556      0.01463235706975475
9473      0.011906740572001067
2339      0.0030632696012347278
8698      0.009771440153810968
8901      0.0071491707162916925
11814     0.0071491707162916925
8673      0.011623229029821443
8274      0.008739630997350685
8959      0.004577714088386307
580       0.005194388711838422
8159      0.0045650829877125374
11046     0.007975019560167378
9849      0.0055584069490579695
7552      0.00511752087547713
4540      0.011491001939442082
