t_index   tf-idf
1851      0.0036269988390889483
6387      0.0018998538395820343
8718      0.001483888777218627
11074     0.0036220298311004494
10504     0.003928772499096292
2876      0.001234707482818899
5799      0.0008565790277039357
6361      0.0015896196697903961
4871      0.0028124252023504354
10032     0.0013115180086171597
4155      0.0019037803017856619
8548      0.002596334931296043
4767      0.004177526149078625
6871      0.0026437653881269197
3181      0.0044953415585534595
10563     0.001752861954359388
5798      0.004025714065133957
9039      0.0019972651683892477
8101      0.005666847085409687
7484      0.0017754226686624082
10289     0.005999173581496156
3785      0.0023828742590063594
7762      0.010140287090965826
330       0.0019183437247015072
10223     0.0012302310051349513
2518      0.004025714065133957
11523     0.003697911106463443
1138      0.0036269988390889483
2437      0.0019332854603434793
7497      0.005067922317301042
6011      0.0022285336036382535
6239      0.0027618167016381623
7888      0.0014124516096342718
2463      0.008059138441679737
10933     0.00092578808521327
426       0.002129868019890265
7494      0.004626567638878558
9913      0.0012437663232563896
6743      0.036250701489191905
11934     0.004395239410502069
6151      0.0021089484607071758
11867     0.0027649772836518863
6202      0.002829568386998932
11881     0.001670546846082773
4065      0.0017000520046405905
10221     0.00322828361304394
7663      0.002129868019890265
6132      0.0011135854731413436
11784     0.0030872703156783086
3656      0.0015345702342984713
2729      0.0015421892129595194
1726      0.0011669557974581292
1336      0.004025714065133957
191       0.0016334227088639073
6155      0.002596334931296043
11091     0.0036269988390889483
12171     0.0014701259907581887
9196      0.001973371902025283
7907      0.0018621796868828484
11836     0.001973371902025283
2320      0.001519628498656499
2799      0.0029950501573410507
9370      0.0013709837687331055
12208     0.0036906930154048537
9042      0.0018110149155502247
477       0.0031803047110963755
8732      0.002129868019890265
7756      0.0030999259799206866
945       0.004025714065133957
7123      0.0006864583251286105
10043     0.0014122996895052165
11989     0.0015577367669611674
4450      0.004025714065133957
1951      0.004025714065133957
8382      0.0024515781903822528
4146      0.007419443886093134
3104      0.005161793760325404
10243     0.0007172874647113184
1399      0.0032144312495279333
10568     0.0016610387869740002
1355      0.0036269988390889483
4947      0.0029950501573410507
10253     0.0023631014755931537
6349      0.001262323560928992
3473      0.0029063789127971923
5299      0.002505940222553383
5978      0.003528063425372717
449       0.0032818986526430695
868       0.0036269988390889483
10742     0.003131342047006275
4196      0.0035978089584120525
10440     0.0019037803017856619
4485      0.002646386005321738
10958     0.0013770882115188361
10345     0.001051525101141705
6847      0.002129868019890265
1824      0.0029063789127971923
3682      0.001607071942351405
10441     0.003393765383386059
10317     0.0012451396279764006
1520      0.0008827842598755371
3565      0.0021555674348460487
11901     0.0017989044792060262
4794      0.0028814293066473573
10415     0.0014001892531610182
12013     0.0021976197052510347
1607      0.0020581802104522057
737       0.0021634374782213348
12044     0.0027306329732827007
6777      0.001301336778595582
10633     0.002050400563366708
707       0.00425973603978053
9589      0.0008827842598755371
3873      0.0024515781903822528
6218      0.002646386005321738
3161      0.004025714065133957
8103      0.005015327373504368
2937      0.0036269988390889483
3931      0.003131342047006275
11044     0.002507663686752184
9696      0.002829568386998932
897       0.00322828361304394
10566     0.0019972651683892477
2744      0.0014502403271867133
3867      0.0016802147119655538
8646      0.001823385811251077
12128     0.004025714065133957
839       0.0027618167016381623
6033      0.0008519400954707296
2580      0.0036269988390889483
629       0.0023320006863884876
1508      0.0024902792559528012
12207     0.004626567638878558
8261      0.0018411174714994076
7763      0.0029950501573410507
3340      0.0028887921862659305
9556      0.0018110149155502247
3790      0.0012814994859205453
1011      0.002741967537466211
1012      0.0030999259799206866
8753      0.0036269988390889483
8187      0.001379868024631125
4703      0.002430853160953924
12023     0.00322828361304394
5893      0.001823385811251077
10230     0.004025714065133957
4397      0.0009609892699430248
338       0.0009560152056583398
2346      0.0030101301514813073
9018      0.002395980394434256
457       0.001470192309220986
11937     0.0025341158910190385
9552      0.0022476707792767297
10321     0.002507663686752184
5963      0.0008858441320339105
2613      0.0009584295800149509
7128      0.0018110149155502247
1192      0.0008292905365495169
7189      0.0029063789127971923
2090      0.0016245043212361344
2452      0.0023631014755931537
1333      0.004025714065133957
2160      0.0016610387869740002
921       0.0015123006991863519
8226      0.001720597920108468
5450      0.00322828361304394
6462      0.010804843015502713
7475      0.0020419191656411997
1958      0.0020321379349089153
320       0.00439039338251352
3250      0.0010354113169628513
9557      0.003231444195057665
11082     0.001836028616424892
777       0.0019183437247015072
8113      0.004900268126591722
953       0.002249224956306876
10314     0.003393765383386059
11437     0.004025714065133957
5989      0.0012126655340517236
8330      0.002014437323573841
7097      0.0010992041120973593
11770     0.0013883285344154204
5839      0.005438817983952133
2990      0.0020321379349089153
8932      0.002318043081832318
3426      0.001823385811251077
8356      0.004664001372776975
3859      0.0018895765065647702
11936     0.0012483498094941466
9991      0.0038972513777725615
8966      0.0019972651683892477
12103     0.0021089484607071758
9736      0.0036269988390889483
10912     0.002430853160953924
8116      0.00322828361304394
7425      0.001900580406067872
4772      0.0020321379349089153
8379      0.0014309572541126405
2671      0.00929977793976206
3031      0.0019332854603434793
6098      0.001836028616424892
9744      0.0020887630745393126
75        0.0023259499786520855
10067     0.008510711289712864
1955      0.0016585810730990339
4049      0.0024289244707841654
8259      0.0011820200322394897
7516      0.0012170068714838242
2439      0.0013486421458360255
1743      0.001996971682565201
3850      0.0019037803017856619
2093      0.0015345702342984713
9371      0.001411175765890726
6806      0.0036269988390889483
8408      0.003265947715081712
8304      0.0016900478484943044
7726      0.002430853160953924
5965      0.0011063498496956454
11220     0.0020644840561352645
6491      0.002646386005321738
11995     0.004885524892823167
6784      0.0027618167016381623
11549     0.002188861202684872
6630      0.004025714065133957
11646     0.003393765383386059
667       0.0007333678048934532
7891      0.0027012107538756784
3984      0.002430853160953924
4873      0.0012814994859205453
9069      0.0033220775739480003
8566      0.0049750652930255585
6896      0.00444420207459217
9562      0.0014634644608378402
9931      0.0021741378947074167
7780      0.0018895765065647702
11238     0.00036060695774033997
8881      0.0016157220975288324
5962      0.0030999259799206866
8612      0.003393765383386059
5046      0.0036269988390889483
9563      0.0015656710235031374
8112      0.006199851959841373
2549      0.004177526149078625
7222      0.003380095696988609
1798      0.002960057853037924
8000      0.002430853160953924
5253      0.0023320006863884876
7368      0.0011629749893260427
11024     0.00186744468351048
7769      0.0008731163939927565
8131      0.0029950501573410507
671       0.0015985499423442396
11616     0.0036269988390889483
7355      0.003393765383386059
7689      0.0019183437247015072
7975      0.0021976197052510347
6632      0.003393765383386059
9600      0.00256276465569505
7987      0.003961181655167846
6210      0.0027616762072491118
4999      0.0015270508529849737
11149     0.0025502924064494045
7401      0.002596334931296043
6849      0.0030999259799206866
6521      0.0015270508529849737
6102      0.0012083567163063966
2637      0.0009471942567926418
7771      0.00400589610846404
10143     0.0015345702342984713
2150      0.0011914371295031797
448       0.0016424815493013979
11138     0.0014009777721047019
2997      0.0036269988390889483
3776      0.0026437653881269197
384       0.0010322420280676323
7426      0.000455539659186675
12020     0.0014634644608378402
12012     0.0011320830309384615
7256      0.0009837734157809351
10145     0.0010259553591610605
7267      0.003393765383386059
9268      0.0072539976781778965
6647      0.004025714065133957
918       0.002222101037296085
774       0.0019183437247015072
7217      0.0006528098750966968
9216      0.001710233234662168
11970     0.0010782845529142707
7704      0.0021976197052510347
10772     0.0026648751356004963
488       0.000989613308370412
10556     0.005015327373504368
11063     0.0013824886418259432
7595      0.002274430231049295
11681     0.002366320750987812
8642      0.0027618167016381623
4179      0.0030999259799206866
4421      0.002467977298172789
7050      0.0036269988390889483
8972      0.0021976197052510347
9264      0.0018721757971725827
2261      0.0010322420280676323
2079      0.0014122996895052165
83        0.0012213812232057919
9658      0.004025714065133957
3449      0.0023996694325984624
5661      0.002596334931296043
9202      0.0008382436274730887
8760      0.0026128097369343506
9488      0.0010580991667464071
9160      0.0013064048684671753
7207      0.0005778407239151719
815       0.0015656710235031374
12111     0.0009180588076792241
4347      0.0021565691058285414
960       0.003393765383386059
8774      0.0030999259799206866
1763      0.002646386005321738
10265     0.002129868019890265
11425     0.002050400563366708
2133      0.0035740875209208565
1913      0.0010166523346220374
2682      0.002341928693274372
4037      0.00645656722608788
8034      0.003389353100371385
5186      0.003033358934156438
11992     0.0023631014755931537
1885      0.0016610387869740002
2991      0.002507663686752184
8159      0.0008827842598755371
4016      0.0012607497583621893
6505      0.0016245043212361344
10401     0.0014634644608378402
1132      0.002467977298172789
11470     0.0036269988390889483
10164     0.0017419049663249643
10919     0.0015818756015389143
2357      0.0011245480877960332
7411      0.0026230360172343195
3035      0.0030999259799206866
670       0.0013115180086171597
10285     0.002467977298172789
10942     0.0029063789127971923
10769     0.0021429541663519555
116       0.0032668454177278146
8054      0.002050400563366708
9561      0.0017754226686624082
1295      0.0013166770071383839
931       0.0012963129520828151
2049      0.00230249552783067
5968      0.0009984858412826006
10517     0.0029950501573410507
9492      0.001470192309220986
9583      0.0009694279222025486
8531      0.0036269988390889483
569       0.0023996694325984624
10201     0.0015818756015389143
4283      0.0015270508529849737
7157      0.002467977298172789
7835      0.0027618167016381623
2443      0.0017311527938452564
6588      0.002136206645785386
11540     0.0014246705852060688
8247      0.001234707482818899
2389      0.0027012107538756784
11001     0.0007906415233267398
9816      0.0030999259799206866
7056      0.0029063789127971923
6114      0.002637535762805596
10619     0.00230249552783067
9775      0.0011172377043270245
1617      0.0021497414955297047
5362      0.002507663686752184
4376      0.0008901433088081035
2877      0.00100147402711601
6778      0.003393765383386059
11930     0.002219912569154134
5054      0.0036269988390889483
3065      0.001752861954359388
11094     0.0029950501573410507
5273      0.002829568386998932
1478      0.008488705160996795
10418     0.002129868019890265
5233      0.0021089484607071758
973       0.002829568386998932
10068     0.0012529701112766916
963       0.0027534148852348
6538      0.002069262072127781
11628     0.0036269988390889483
5086      0.010880996517266844
4255      0.0014373133903798838
4518      0.00100147402711601
8534      0.0021976197052510347
5802      0.0022418265452229815
6182      0.0013767074426174
4230      0.0036269988390889483
5683      0.004025714065133957
3643      0.0012814994859205453
8450      0.001022837603673011
3310      0.0015345702342984713
2628      0.0025502924064494045
6930      0.00118728386612191
1939      0.002829568386998932
7681      0.0019972651683892477
3419      0.0015812830466534796
6175      0.006199851959841373
6721      0.0011914371295031797
3173      0.0016245043212361344
1560      0.001109956284577067
10608     0.002507663686752184
7339      0.0014908612805197624
10343     0.0016157220975288324
11884     0.0007371397822084547
8449      0.001607071942351405
620       0.002069262072127781
4073      0.0015980171447294864
9070      0.002395980394434256
11178     0.0016157220975288324
6174      0.0017754226686624082
9316      0.0027012107538756784
6435      0.0016802147119655538
3579      0.0015270508529849737
12064     0.002122829181582362
8959      0.0008852268303369548
4395      0.001549910462841273
4835      0.003441195840216936
6403      0.0013287285406698359
6616      0.0009310654110299438
564       0.0012126655340517236
5790      0.0017311527938452564
3592      0.0019486256888862808
10676     0.002467977298172789
7483      0.004025714065133957
3570      0.001836028616424892
6514      0.001875715005004287
1343      0.0016802147119655538
4749      0.0034623055876905127
8067      0.0036269988390889483
10382     0.002467977298172789
11927     0.0017085097704633665
8874      0.0005778407239151719
922       0.002050400563366708
11636     0.0036269988390889483
7838      0.004025714065133957
3789      0.002507663686752184
11853     0.004025714065133957
11657     0.0023631014755931537
8653      0.0023631014755931537
6607      0.0009637884213515004
7797      0.001183160375493906
2290      0.0027012107538756784
1349      0.0014309572541126405
11111     0.0025502924064494045
5026      0.002829568386998932
10544     0.0008032381831811012
12016     0.0018621796868828484
11732     0.0021741378947074167
2790      0.001980590827583923
11027     0.0010259553591610605
8880      0.0029950501573410507
11558     0.0019183437247015072
8901      0.0013824886418259432
4970      0.0007583397335391095
4137      0.00186744468351048
3133      0.0020887630745393126
8579      0.0029950501573410507
3857      0.0009808755533330207
3341      0.0015050650757406536
4051      0.00322828361304394
9617      0.002395980394434256
9527      0.0018895765065647702
5332      0.0017870437604604282
8920      0.0014309572541126405
1083      0.001823385811251077
10118     0.0017000520046405905
3730      0.0009417675705131118
3524      0.001549910462841273
4448      0.0025502924064494045
6461      0.002646386005321738
4210      0.0015577367669611674
2257      0.0018110149155502247
4193      0.0014502403271867133
8375      0.002069262072127781
8648      0.0016900478484943044
6073      0.0012913326224492962
4655      0.002222101037296085
3608      0.004025714065133957
10433     0.0017311527938452564
6787      0.0036269988390889483
5499      0.004025714065133957
1599      0.004025714065133957
1668      0.001483888777218627
10390     0.002069262072127781
5624      0.0025502924064494045
4665      0.001964386249548146
3621      0.0021515771804043963
1693      0.001964386249548146
11035     0.0027012107538756784
3296      0.002430853160953924
7337      0.0015818756015389143
3223      0.004025714065133957
10329     0.004025714065133957
2376      0.0015985499423442396
807       0.0021741378947074167
11154     0.0021089484607071758
7175      0.001483888777218627
9118      0.0029950501573410507
1405      0.003393765383386059
