t_index   tf-idf
11643     0.04563420364334923
9566      0.047632382318211215
12005     0.013601201257093468
2112      0.007864467537518129
1581      0.020622217151386436
4439      0.01876723359437336
9875      0.019630555778664616
12063     0.015601665444790259
3116      0.031768991249874534
4137      0.0054227720617323555
921       0.008782977137582275
6130      0.01097407894197232
2608      0.04295265977507538
2296      0.018748877906524422
6920      0.037497755813048844
699       0.009092935559575913
7488      0.013848032892597105
9845      0.0420712695766283
12064     0.018493108062630964
4124      0.009187046762783695
5963      0.007717065227141566
12171     0.004269019703932433
12011     0.012905279101219571
4387      0.014333252770157354
6576      0.01568780091673952
10629     0.03137560183347904
7460      0.014117647204001636
6246      0.010311108575693218
8048      0.021280219004316297
9264      0.0027182552439717306
5100      0.012248123752568599
471       0.009815277889332308
3368      0.011599501554876015
11927     0.004961249525768622
10992     0.015924503775284534
10978     0.030933325727079655
1520      0.005126939355431005
3357      0.01180203185274024
9832      0.020360165777559048
6485      0.01105657021421673
4859      0.02211314042843346
2682      0.013601201257093468
8481      0.012495698240040919
3425      0.013724166262098702
6220      0.018748877906524422
6231      0.01918496045658282
9533      0.024035274837791918
10933     0.010753384682092599
2215      0.016433262555263027
8655      0.007832498616201533
8049      0.02010800552851029
2882      0.007769464165314827
3569      0.00853842456509111
3323      0.013053780295030237
9598      0.011908095579552804
5186      0.008808407674185042
11238     0.0020942942545688977
6841      0.012495698240040919
6511      0.009187046762783695
12012     0.006574789910450295
10381     0.014117647204001636
9961      0.0160397816133601
3888      0.0030307065371311176
9160      0.007587197505328596
3251      0.005886586691634287
6900      0.004664960217705626
6885      0.01180203185274024
9524      0.012017637418895959
12006     0.021064493257785817
721       0.016879354455091387
5643      0.013724166262098702
6009      0.006050469909201877
3857      0.01139324681179124
1295      0.007646854926072921
9581      0.011773173383268574
9488      0.0061451143914887495
4225      0.01974675790005609
6232      0.006640945077849661
11234     0.010893575605986437
9589      0.005126939355431005
5969      0.009702022067634567
11469     0.015078714408680865
10910     0.003956687016456092
11060     0.010244953408293853
8685      0.007119005898994619
