t_index   tf-idf
6020      0.014103290844413394
7888      0.0069699409495024515
8874      0.017108617511998228
2625      0.016116277940435898
3259      0.01949198314489176
11937     0.03751485289645832
5211      0.047329615939996114
6335      0.02487376681439202
8467      0.04274604362867547
9720      0.026993260539109082
1399      0.031724125403837775
7175      0.021967373074511045
7702      0.030633193420715188
7190      0.04188870847419987
4906      0.010475767467769239
6766      0.03162423563858758
9371      0.0052227338394485205
2637      0.028044378975625273
11005     0.02228086533694497
2339      0.00876936003490726
9045      0.024181061670436273
569       0.017762259035410188
283       0.02445142018976242
8600      0.04088571783797672
4016      0.00933202027022993
1508      0.018432949394552596
4794      0.010664113365288013
2886      0.026455255669561244
9176      0.02445142018976242
8287      0.019043691322156383
3385      0.01949198314489176
1476      0.030083610605024142
6588      0.01581211781929379
631       0.026630840819618626
2561      0.01659391217297403
5212      0.026455255669561244
10243     0.005309333684872994
4558      0.02839901004214976
11031     0.03185177982755528
6403      0.00983519655103653
10902     0.019884475566889544
10317     0.009216474697276298
11110     0.023060612922660418
