t_index   tf-idf
11970     0.005025338502779471
4970      0.0035342376470495532
338       0.002227751482321131
5710      0.005692239651360326
1955      0.0038649034265116375
11867     0.006443079781349303
12208     0.00573348400541289
7497      0.02361902067631041
4016      0.005875716466441067
10289     0.005591822288925429
8264      0.01444669628944643
8259      0.0018362656879440632
9913      0.011593130543933013
6743      0.033789234104123315
12084     0.013158249056080618
7148      0.015060125723879856
5559      0.016442517815780256
6299      0.02466693128417175
963       0.03208068269062151
11022     0.006310992468378745
9562      0.013640934172007029
3563      0.0076547751217441685
4286      0.00836649732294499
10401     0.027281868344014058
11238     0.0016806065005799794
4966      0.003589705076803363
9070      0.011166451838258413
10727     0.014447185894074805
2063      0.007607015373325051
11015     0.017612719289585202
9371      0.0032883879729861056
7126      0.010730766194519481
10348     0.013958412770324032
946       0.005311340567178813
8445      0.010730766194519481
6387      0.004427128545939616
10335     0.010132556237679627
8261      0.004290258305500162
3340      0.003365799538010459
7888      0.004388481338575618
67        0.005839459469221617
11679     0.006310992468378745
4956      0.009643783113928855
7475      0.0015860586111719195
7922      0.006112321583370096
10958     0.00641791110923902
4073      0.003723774519354204
12171     0.0017128782762691858
208       0.004465702306908762
5015      0.005927363414373533
10903     0.00522400938778812
9561      0.008274346387901964
6435      0.00783063029341971
1508      0.002901482775068464
11927     0.003981249619443955
8382      0.005712782511538891
5963      0.0020642355545851926
10910     0.00635023842147274
6900      0.003743486594455132
10571     0.006389461391317868
8651      0.007223348144723215
8491      0.00437654534461078
8187      0.003215433205544751
2169      0.008940429087343443
8768      0.015225112903608022
2061      0.010730766194519481
11893     0.013187186001136997
4322      0.003617875179809256
9015      0.013187186001136997
1617      0.005009428484953478
8091      0.0047095821913758825
1982      0.009470766301581673
6756      0.008440223834817405
4762      0.008678676935781176
3282      0.007259822586763465
4641      0.0050736430553224125
12087     0.005495030904449119
4536      0.007014346494964157
3497      0.00672854390451373
11912     0.00283722544789708
3342      0.008741758202334794
8898      0.010868274803847581
3433      0.00806802690958746
12100     0.008169202318156408
1097      0.015045395850914658
6361      0.0074084126585910424
4321      0.010599968052112456
11138     0.003264624129441512
9545      0.007970531433147757
2884      0.010599968052112456
10164     0.008118137343057703
12082     0.006639668468090012
5209      0.006497792499443779
8536      0.014593600280800848
10250     0.005905115733701772
9768      0.009926236759365123
9792      0.009308241988480752
5483      0.01188562201771173
6022      0.004625799430948266
5608      0.009081557994500876
4155      0.008872556344741819
11814     0.006443079781349303
1017      0.005949797270269175
4757      0.006851822181863237
6151      0.009828741282925418
8131      0.013958412770324032
7525      0.005927363414373533
8566      0.005796565271966507
9760      0.013187186001136997
3159      0.008383783220991047
851       0.008497878317867674
6011      0.0034620223677919366
4937      0.004254111733592434
1726      0.005438590290622762
1885      0.007741261013366482
2991      0.01168695113270308
10919     0.007372321476307903
5926      0.008118137343057703
6535      0.003773329167576224
4347      0.005025338502779471
7207      0.0026930231268886095
6102      0.005631539017353885
10426     0.007296800140400424
7561      0.008118137343057703
7217      0.0030424163931975683
