t_index   tf-idf
12209     0.021921445413181834
8259      0.0034997063699639796
9913      0.011047571459512637
6743      0.05366525416537232
11851     0.011788089661594276
2205      0.020989901342033306
7497      0.036012059760586225
11681     0.010509248041151753
11513     0.023993107284425143
9207      0.03610033272602897
3340      0.012829635886063397
10769     0.009517237621151331
116       0.014508637002261763
10988     0.006349729841855686
8226      0.01528295799625757
10676     0.021921445413181834
12111     0.00407726117528126
1334      0.011047571459512637
1302      0.030144621934782054
12208     0.01092734598678692
2074      0.01324235607991083
2063      0.007249038179286226
4016      0.011198424324275917
7525      0.011296857330923674
7126      0.020451577923672422
10401     0.012999007858030227
230       0.017592306762657196
10289     0.010657355421246113
5015      0.011296857330923674
1572      0.012279752053865731
11178     0.01435141392510904
1450      0.02071365315556833
6132      0.009891259202608405
6360      0.017476445386226024
5357      0.028674754445272642
10733     0.026603092574029333
3175      0.019520033852523894
8760      0.011603949125796676
12084     0.006269518667897236
6011      0.006598207336262279
1889      0.01092734598678692
9027      0.019737485684218167
5963      0.003934190115797661
11912     0.005407417912462671
8261      0.008176727594012076
11784     0.01828148304578136
7635      0.01931146012357764
10903     0.009956347303784419
12087     0.010472882429655966
5         0.017039406025289857
5569      0.012077375229070176
11238     0.0032030382716936078
5142      0.01058276509146942
1982      0.018050166363014486
6756      0.016086073661651996
7437      0.015978504491771173
8746      0.028674754445272642
2339      0.005261616020944357
6009      0.009253659861132281
8187      0.00612823740350882
4158      0.0169100485629197
9730      0.021591695723767203
12207     0.013698268891581614
7426      0.00404626403159929
9399      0.013368519202166982
10522     0.008661388961831157
9371      0.0031336403036691125
1713      0.013119233330755946
11770     0.012331624040984028
5839      0.012077375229070176
2876      0.010967107641509044
87        0.018050166363014486
8889      0.01356380463533712
