t_index   tf-idf
4397      0.007044144648611492
191       0.011973147040701454
11027     0.0075203523899669954
10353     0.0100079024020798
4620      0.009218534055696496
4966      0.00564594390720529
6182      0.0100913992153023
704       0.012288814344508387
9371      0.005172027685667466
2637      0.006943025862897519
11005     0.011032273128001877
4520      0.012175575574421067
6335      0.012316136966349445
3259      0.009651370295043493
10424     0.013458268013599936
11937     0.009287657755919292
5211      0.03515257882922041
7329      0.024876629752004605
4682      0.016475645032562432
4873      0.01878703129844683
223       0.01687751576225394
1879      0.006805413840500313
7153      0.00950209979439345
6740      0.007340901849248422
7888      0.006902271619895631
7987      0.01451792305656176
9396      0.010352293840547946
9747      0.0074073040291543
3137      0.00953892493048218
2032      0.010727336581869605
1399      0.015708062093162393
3776      0.009689528485610796
192       0.013649957898995636
1334      0.009116927903481302
3565      0.0052668395252710885
10425     0.017093791439061243
8467      0.010582758374089557
967       0.00557311910415261
8187      0.005057283294157764
2357      0.004121523331485461
12171     0.002694041560734059
9353      0.024876629752004605
1063      0.024876629752004605
2787      0.011032273128001877
8893      0.00953892493048218
3312      0.007497498939544886
2063      0.005982215973197371
758       0.004462432257857543
9847      0.011032273128001877
10008     0.01021982897970769
2886      0.013099204263569158
737       0.007929103378918
4181      0.021954008434878575
6403      0.004869854602940418
4641      0.007979904611283794
6388      0.010630402398310373
8418      0.009116927903481302
4073      0.005856810409081369
11238     0.0026432840106209382
7442      0.020741010992079548
10910     0.009987753633772658
2625      0.007979904611283794
6020      0.006983182845292068
11110     0.011418361738404673
5299      0.009184392563241767
7165      0.006963056547982698
4770      0.023815548787054008
6107      0.021071293392947808
3497      0.010582758374089557
6114      0.004833348303199574
2399      0.051965289730276636
6233      0.00892077852398337
8901      0.020267551933564797
426       0.01561213936909854
2876      0.018101051447150848
4322      0.011380500565613582
10958     0.003364730096105894
3755      0.016108765800626514
3449      0.008794904959280772
7475      0.0024945776214548637
11001     0.0057954791272979474
3888      0.003825163590553837
587       0.007613025379347873
9930      0.00700340567197452
11138     0.005134651543393446
9872      0.018090513205052967
11220     0.007566434283408372
9029      0.007147748172384934
