t_index   tf-idf
3993      0.002373603932744802
226       0.002830831758322271
199       0.009810386438686623
67        0.0031851597104845188
2257      0.0046037584553549485
634       0.007802023750137009
5211      0.0325092311507044
6607      0.002450034539125868
5337      0.009220148564013993
1983      0.005034835268773945
8812      0.053979945749155725
2834      0.007088500908484122
8757      0.007388269626807677
152       0.010233717572983627
3259      0.020082649300797572
7447      0.0021251655012265573
2053      0.006273814343839918
7996      0.010233717572983627
9809      0.00686671420598026
10166     0.0053611316088684096
143       0.020467435145967255
4982      0.09451749078616295
12140     0.09289513216039778
7524      0.14262746421254074
368       0.0033107031231536335
5551      0.01320022136786877
5588      0.005212297728423786
3030      0.005469497546145856
2083      0.011478021537214077
10885     0.002997289584244974
723       0.041032897775221795
3957      0.009829161768076276
7207      0.010282451939029238
12191     0.025463330262576786
5515      0.010233717572983627
12093     0.017562943914812328
9583      0.00985748257593164
367       0.006277469020392382
251       0.010233717572983627
7084      0.010233717572983627
9052      0.010233717572983627
5351      0.009413737432134934
2939      0.007802023750137009
4172      0.015920291215419106
8996      0.00820657955504436
5427      0.005648775364170182
11863     0.002400936896455844
1160      0.010233717572983627
1580      0.011212072661230752
3361      0.009220148564013993
658       0.007613679692904018
1644      0.007388269626807677
1259      0.04263554338244122
819       0.017254497403747304
1645      0.010233717572983627
1842      0.010828621919307406
1802      0.004042306493060208
9011      0.008627248701873652
10148     0.005713775886713571
1843      0.010233717572983627
8751      0.004572972665995117
5666      0.009220148564013993
4439      0.0041073070156035976
8600      0.007020779830763678
2482      0.020467435145967255
1856      0.004733823783153368
9062      0.020467435145967255
3173      0.008259264394163511
1858      0.010233717572983627
2137      0.006856732795327941
12098     0.005713775886713571
3266      0.006277469020392382
10385     0.010659136064839468
9132      0.008592499162378451
2138      0.010233717572983627
2918      0.003920379985806186
10068     0.0031851597104845188
7806      0.010233717572983627
5934      0.01641315911008872
9335      0.005781800755697703
847       0.005586541674964751
2921      0.010233717572983627
3065      0.004455928537176222
12045     0.002997289584244974
1219      0.0044280749143951114
3066      0.010233717572983627
3998      0.004222506007290809
5020      0.006727344895683205
4478      0.010233717572983627
9069      0.004222506007290809
9434      0.009220148564013993
5019      0.00820657955504436
6284      0.010233717572983627
6289      0.030701152718950884
6422      0.01438602109214945
3385      0.003347108216799595
1368      0.010233717572983627
7490      0.0027586061654413536
11545     0.007613679692904018
6458      0.0074747151074871674
1766      0.0048395761880409924
6604      0.010233717572983627
10260     0.010233717572983627
6173      0.006273814343839918
424       0.006600110683934385
7504      0.010233717572983627
7673      0.020467435145967255
8918      0.002681400910740211
11936     0.0031734144988824265
1237      0.006007210821794043
7674      0.010233717572983627
9300      0.010233717572983627
569       0.003050084884868416
7425      0.001610480591000273
3095      0.005928149893007772
9881      0.009220148564013993
288       0.020467435145967255
11412     0.0031261028568920946
6656      0.009220148564013993
4274      0.010233717572983627
11263     0.010233717572983627
11398     0.010233717572983627
5752      0.00686671420598026
11884     0.0018738738571292368
7322      0.007726057350071762
3713      0.010233717572983627
11568     0.010233717572983627
4123      0.009220148564013993
9476      0.006727344895683205
12094     0.010233717572983627
2762      0.002640207454790677
12120     0.010233717572983627
11949     0.010233717572983627
12096     0.010233717572983627
11738     0.006727344895683205
10658     0.010233717572983627
1800      0.0046037584553549485
12097     0.010233717572983627
