t_index   tf-idf
4049      0.005300109755612846
8259      0.005158526730293727
262       0.013528578698497794
4237      0.05818565143902465
8959      0.0057949097419456716
3625      0.00812685354680087
1771      0.008716388451640935
10544     0.0035054614352701234
9359      0.002198440804113607
5978      0.0038492599510930657
3173      0.0035447998917146864
8682      0.0065354418173193445
4909      0.00474414482804653
3931      0.0034164208749851697
7153      0.002828659765383021
2647      0.0032379653953759054
208       0.0020908779587260674
374       0.007698519902186131
1743      0.0043575538160021
2320      0.016579761798925674
1520      0.0019263066942370823
8187      0.0015054918476828025
12196     0.003193397884198177
8138      0.006341953986016995
3797      0.003525636368885169
445       0.005156478653389684
5253      0.010177228429036463
11027     0.004477435237957229
7892      0.012169276126125922
10556     0.010943850193629473
8665      0.01641577529044421
11723     0.0029309487107264938
8581      0.005894260460046639
5926      0.0038009775999287513
6119      0.008791330516174853
5351      0.0020201445212023666
243       0.007798948203165452
9738      0.003951781101850924
10529     0.007044376092046748
5107      0.002734082179230931
4873      0.0027963355834393403
1527      0.00245399543643308
11082     0.0040063630213895765
217       0.0038009775999287513
509       0.0035067610302754646
3340      0.0015758945813806194
8975      0.007914404981249006
6403      0.004349089804360084
7932      0.011622347816532817
9809      0.005894260460046639
11019     0.006026507542591943
2453      0.006341953986016995
7204      0.0025551389644828766
6648      0.0032685812147326227
11521     0.004515297296116979
587       0.0022663052429850606
2046      0.005894260460046639
8026      0.0074054707065216024
11881     0.0036452684069147212
6607      0.002103064329827696
6033      0.00371800446289249
6015      0.005564944412917053
510       0.007044376092046748
7771      0.0021852973713080565
7272      0.003951781101850924
6203      0.0038526133884741647
12171     0.001603966940783862
2164      0.0028070180850577327
2082      0.0031503587067376426
8334      0.0074054707065216024
966       0.0052282231150227254
7929      0.02522877747903232
12201     0.005385326185319237
11001     0.003450487572899934
2463      0.0029309487107264938
10786     0.003315952359785135
10903     0.002445923470582877
8566      0.0054279975379108334
4966      0.0033614579331915887
5968      0.00217877690800105
3133      0.004557850061494743
8052      0.007914404981249006
5014      0.007914404981249006
8087      0.0074054707065216024
3155      0.005156478653389684
8718      0.0032379653953759054
11970     0.0023529041544805614
3690      0.006764289349248897
2051      0.0053043183136422326
3908      0.004092961932885077
7020      0.007914404981249006
3154      0.004395665258087426
11291     0.005665412928117087
2979      0.007914404981249006
423       0.00397877539738313
7694      0.004474139957635446
2063      0.00356166615745277
8367      0.004647544378662283
4937      0.005975428620017117
12084     0.0015401996727493208
2653      0.0074054707065216024
2737      0.0032379653953759054
10687     0.00617434720284449
10317     0.0013584977154944833
2592      0.004557850061494743
4610      0.005088614214518231
758       0.0013284119149113496
2357      0.002453854931462442
9090      0.00336518166411687
9379      0.007013522060550929
953       0.00490799087286616
7183      0.007044376092046748
273       0.003525636368885169
4163      0.018020555342165945
10059     0.0038741159388442723
5151      0.005665412928117087
5501      0.003564260535237716
4016      0.0013755289993691517
7425      0.004147220250234807
7351      0.004286449764187427
10568     0.0036245210525010694
10122     0.0033485564361137162
1798      0.0021530285925275843
11758     0.004092961932885077
6897      0.008246417702060124
10549     0.003951781101850924
2366      0.0043575538160021
8686      0.0025551389644828766
7831      0.006341953986016995
11884     0.0016084986577092003
9196      0.0043060571850551685
10255     0.006764289349248897
6122      0.004218585325315973
9202      0.0018291154298906993
7603      0.007914404981249006
11024     0.002037457711055509
1315      0.004154202681642123
5751      0.0065354418173193445
11046     0.00336518166411687
9600      0.0018640532900286728
6740      0.0021852973713080565
3080      0.003951781101850924
346       0.003095176793705786
2749      0.003068469693315865
313       0.0034164208749851697
677       0.005665412928117087
8106      0.0019641001064631476
7918      0.005894260460046639
4417      0.002848967952011596
10099     0.002873095781472485
10243     0.000782589647192262
675       0.003687821172292485
633       0.0047953840389148294
1617      0.0023454549553828426
487       0.003068469693315865
2658      0.0023088580083628248
5266      0.007914404981249006
5198      0.004515297296116979
2534      0.006026507542591943
8805      0.0024702967871634055
11682     0.004154202681642123
9494      0.006764289349248897
8706      0.003222933043682819
5137      0.005471925096814737
5626      0.0035840276581576742
8111      0.004092961932885077
6727      0.001702789048719006
6011      0.001620946888966167
1458      0.006764289349248897
11903     0.005156478653389684
2291      0.005894260460046639
131       0.002828659765383021
7923      0.007914404981249006
3500      0.0038009775999287513
6458      0.0032080785938203593
6809      0.0074054707065216024
3998      0.0036245210525010694
9730      0.0053043183136422326
1572      0.0030167020941577662
1192      0.0018095790609678765
667       0.0016002678979611478
627       0.004962990822087334
7888      0.0010273612382214596
382       0.007914404981249006
9264      0.0005106548868733019
512       0.007914404981249006
8989      0.007044376092046748
10343     0.003525636368885169
7598      0.007044376092046748
11922     0.003899474101582726
2406      0.006341953986016995
10878     0.0065354418173193445
10335     0.00474414482804653
3579      0.003332148537582818
5759      0.001170337713917357
931       0.002828659765383021
10611     0.004185981248987392
5972      0.010312957306779369
367       0.005388463292070917
12199     0.0065354418173193445
198       0.004092961932885077
4608      0.005774628422017087
3196      0.0074054707065216024
5719      0.004904599532814829
5272      0.006190353587411572
8104      0.003081752212648666
8390      0.003029445212380469
599       0.007044376092046748
3281      0.006475930790751811
1213      0.006341953986016995
10174     0.006764289349248897
6505      0.0035447998917146864
10118     0.0037096510505885715
2767      0.007914404981249006
8898      0.005088614214518231
4150      0.006341953986016995
4027      0.0021918518841861547
2644      0.005471925096814737
7840      0.005471925096814737
3654      0.004904599532814829
3254      0.004848804286585387
11220     0.002252435639280527
7756      0.006764289349248897
384       0.002252435639280527
7015      0.007044376092046748
6051      0.007914404981249006
3282      0.003399107685132027
2032      0.003193397884198177
6421      0.007914404981249006
9699      0.005894260460046639
7808      0.0052282231150227254
4545      0.005156478653389684
10386     0.005156478653389684
5963      0.0009664917914531826
11003     0.005665412928117087
3565      0.0015678741939390815
5974      0.007044376092046748
5406      0.004434289424439975
3897      0.004962990822087334
4457      0.0052282231150227254
10692     0.006341953986016995
5324      0.0052282231150227254
1910      0.0047953840389148294
2939      0.0033485564361137162
3461      0.0035067610302754646
8519      0.0029792310618908077
10252     0.005385326185319237
2625      0.0023755207368850602
4767      0.004557850061494743
11238     0.000786873563855366
1538      0.0025463919857829117
3022      0.006341953986016995
9488      0.0046177160167256495
8028      0.002031660073201178
11084     0.0037096510505885715
3283      0.005665412928117087
279       0.005471925096814737
11002     0.010770652370638473
2210      0.002665152669134025
3250      0.0022593512841241406
3769      0.005471925096814737
12012     0.0024702967871634055
967       0.0016590499067275111
4322      0.0016939184367893048
11784     0.0022455578885714096
3692      0.0022251479045035283
9206      0.005471925096814737
9160      0.0028506811436205706
