t_index   tf-idf
10008     0.023923690566133915
8418      0.01067094970521107
10910     0.011690211639529362
7888      0.012118192787203125
11110     0.006682336699180008
9176      0.021256064142236648
4966      0.003304160354784914
3888      0.004477180111670969
4069      0.003786943842079719
307       0.01267198673993472
2032      0.006277929931435053
1399      0.004596393169306041
5211      0.020572247837555128
2832      0.007249921168256818
3259      0.005648245115849317
449       0.007039299666890674
8187      0.0029596601096491463
11133     0.019064616854074366
10522     0.01254917150719855
9720      0.007821910724400928
539       0.0087488769881616
3776      0.005670576329647228
2625      0.004670057812285403
2939      0.006582957539178102
569       0.005147018243215453
3433      0.007426252041779368
2308      0.010427807593864843
384       0.004428083699949218
5212      0.007666011586066042
2769      0.009641996808829153
10243     0.0030770002037332125
4558      0.024687775775277917
8893      0.011164878043632552
11238     0.0015469218925792995
6616      0.003994059007543225
4344      0.008960318870893075
9359      0.004321934762632433
191       0.007007012188592329
2886      0.015332023172132085
3721      0.01827329948883125
6496      0.01135239451146541
4906      0.00607118341882081
1034      0.017282956582934658
11066     0.005560887947855258
1958      0.008717409891228586
3490      0.026387257250145412
4137      0.016021826546027414
6335      0.028830956989408935
8467      0.018579956463600417
9264      0.008031208675371023
1567      0.008876664002593607
350       0.014558482184411789
9831      0.027697205998274712
2150      0.005110994504402845
5107      0.005374957011442626
5802      0.009616926372973586
8800      0.005808981703848618
11412     0.002637649285502705
338       0.004101087956091174
8708      0.010516713259878414
1171      0.008696093976277925
1190      0.011137686779139275
10485     0.006785886813419775
9364      0.006785886813419775
6166      0.003982713781656434
10237     0.0047459894120466615
6965      0.008359161335847399
8901      0.005930562071469245
2339      0.0025411213737515357
4757      0.012613581743884595
1360      0.013364673398360016
11766     0.008496284516056031
8572      0.014558482184411789
7009      0.04367544655323536
12171     0.0015766265952023189
7447      0.003586216783319816
4390      0.014558482184411789
6028      0.005374957011442626
4970      0.0032531051069433392
3565      0.0030822981312666033
2437      0.008293355241814357
4794      0.0030901692138050494
3736      0.0044416792290167765
7475      0.001459894858010517
7426      0.0019541616061701118
2637      0.0040632480902184345
11005     0.006456387114682918
8640      0.004625595667331104
10776     0.01094017481175739
4873      0.010994683089431951
8874      0.0024788053781588343
471       0.007249921168256818
192       0.007988327634071311
9763      0.015559000701773615
9518      0.012467704995237956
4417      0.0028004059982841257
6652      0.01284808448177553
1682      0.00498889839171115
1560      0.009522920396087337
7207      0.0024788053781588343
2714      0.010278211351124222
3591      0.012138205296501099
1496      0.01158758022259169
8592      0.007821910724400928
6721      0.005110994504402845
9216      0.007336511887329186
12057     0.029116964368823578
580       0.004308981545047782
223       0.009877182519955433
2077      0.008293355241814357
2877      0.004296095968594248
4910      0.009532308427037183
9892      0.008426770559141194
7488      0.00340955355310156
1084      0.015559000701773615
2024      0.007876145485231781
