t_index   tf-idf
5211      0.013952661346472842
2832      0.01475128468916994
3259      0.00574619156294497
7426      0.00198804880165283
967       0.0066361996269100445
6535      0.0035334065037418974
5759      0.002340675427834714
6403      0.008698179608720168
2613      0.004182741808735769
10910     0.005946466036292392
9471      0.005110277928965753
10572     0.01243498603272349
2249      0.003917261752361527
4937      0.011950857240034234
3703      0.009590768077829659
3755      0.019181536155659318
8467      0.02520286965390114
12244     0.018407584830449915
7148      0.014102545475540676
9123      0.020096926283377524
316       0.019618398131259315
11022     0.005909715490620559
4528      0.013528578698497794
2800      0.008371962497974785
3312      0.008927657696799114
3861      0.012259693513188412
7692      0.009030594592233957
10988     0.006239618919742582
12171     0.001603966940783862
7447      0.003648405513666402
12062     0.014498084210004277
564       0.0052922686601679265
11737     0.008504117890804288
9176      0.007208222136866377
9824      0.0029286690184025395
11823     0.006939682245311455
737       0.009441591306688485
2626      0.007601955199857503
7997      0.009590768077829659
2146      0.008437170650631947
10273     0.009203792415224957
8894      0.007798948203165452
11679     0.005909715490620559
11110     0.006798215370264054
980       0.008948279915270892
2478      0.009809199065629657
1399      0.0046760994092362035
10958     0.002003278612132411
9202      0.0036582308597813986
471       0.00737564234458497
3368      0.008716388451640935
307       0.019337598262096915
11238     0.001573747127710732
8893      0.02271697729109051
3338      0.013528578698497794
6387      0.0041456348233654215
1607      0.004491115777142819
9258      0.008185923865770155
3661      0.009295088757324566
5275      0.0071680553163153485
11420     0.008437170650631947
6505      0.007089599783429373
4873      0.011185342333757361
4794      0.003143755963177391
587       0.004532610485970121
580       0.008767407536744619
12093     0.003768926548193108
10740     0.005571486461176915
5965      0.004828289806475216
8495      0.0066971128722274325
8159      0.0038526133884741647
2882      0.005838325673357962
9396      0.006163504425297332
7888      0.008218889905771676
10317     0.0081509862929669
4978      0.005468164358461862
10919     0.006903561151224741
11611     0.009697608573170775
539       0.008900591618014113
4906      0.006176464056141401
6740      0.004370594742616113
6161      0.00479710465106073
4397      0.004193912709866958
7217      0.005697935904023192
10903     0.004891846941165754
3730      0.00411002610252832
4255      0.006272668264374637
2425      0.014088752184093495
3873      0.005349542005024858
6968      0.009925981644174669
6930      0.005181498953306601
9720      0.00795755079476626
6335      0.014665457890566393
11133     0.009697608573170775
9550      0.005145635875842527
9457      0.017568867740902525
10385     0.00914960523484775
10417     0.011788520920093278
192       0.00812685354680087
8655      0.005885692601769937
6989      0.003687939759506318
184       0.027611377245674872
9073      0.011330825856234175
758       0.0026568238298226993
5299      0.005468164358461862
2561      0.009783693882331508
6166      0.0040517781824944065
10800     0.008371962497974785
7488      0.003468678759224708
232       0.0046033298872245245
3565      0.003135748387878163
4953      0.006329083508820627
11123     0.008371962497974785
7811      0.010177228429036463
7597      0.0046033298872245245
4682      0.009809199065629657
11066     0.011314639061532085
1033      0.017568867740902525
4620      0.005488491374200804
4970      0.0033095173342313736
2088      0.011402724574482282
2809      0.003950221167531876
8640      0.004705808308961123
7579      0.017568867740902525
11706     0.008716388451640935
2939      0.0066971128722274325
11387     0.011330825856234175
