t_index   tf-idf
6570      0.004958399997648987
8259      0.008823412246307491
1451      0.022113960266495487
2447      0.012160534943131617
9371      0.004514566539184315
11138     0.0022409708007183264
7662      0.0155533401400018
2658      0.020310123836276377
4049      0.010360666527921157
1942      0.020557451806838354
4451      0.011509939676275846
7753      0.036622804300170966
4162      0.004983437538371531
368       0.0020832178550352315
3860      0.010509098048496231
6458      0.004703369463821374
9006      0.03194777970622631
2262      0.006389555941245262
2738      0.006485222626376757
7771      0.003203868179968591
2185      0.010228010224321193
384       0.003302299708436705
7475      0.0032662054450404788
5015      0.004068783360714035
3857      0.0031379705201967393
4966      0.004928239173238516
6033      0.0027254863223745798
7425      0.0020267488793520388
11761     0.010813441742484746
2610      0.010750526335033839
4217      0.021714346308953174
8874      0.005545801862999426
11970     0.013798387075428378
4970      0.007278133459602047
1057      0.008835472922613613
6166      0.0029701594303878486
3555      0.005607672777717534
3625      0.005957396879646401
7153      0.0041471028763666335
11233     0.009297949487974069
12171     0.002351578650471255
8615      0.0052545490242481155
3692      0.0032622931142297492
11140     0.004769492655900087
11412     0.001967060484103712
10243     0.0011473560081717064
2439      0.004314511949602539
10732     0.006045043484984752
3562      0.008022398658889403
5187      0.010327771728170232
6150      0.004460349088601238
5963      0.0014169752535711916
6777      0.004163174863727392
11154     0.0067468478298047365
10354     0.005833289353790521
2207      0.007460425924675034
2074      0.004769492655900087
8882      0.00813756672142807
2178      0.006137074204023889
6011      0.002376472981280906
5387      0.005032287422902878
167       0.005754969838137923
7426      0.0014573408588387272
8686      0.007492187133144706
2613      0.0015330812137951016
11001     0.0025293828394563076
6210      0.005890015639754461
6038      0.005141268290149622
10745     0.007030520667222589
6696      0.0033956271866412784
11549     0.002334166960490224
4978      0.00400844251700806
10684     0.003574213842232642
9264      0.0022460159854851163
12111     0.004405515252952209
670       0.004195746171635405
7922      0.00839149234327081
7496      0.006000698427026427
2210      0.003907384845425309
8261      0.0029450078198772307
9029      0.00623913611657329
5392      0.012878873386339565
8257      0.008022398658889403
3616      0.005034558349394329
8187      0.0022072041495688546
10486     0.006137074204023889
11170     0.005225568411831568
6311      0.007221895018438965
7205      0.008835472922613613
6361      0.0025427179040079426
4376      0.0028477042294496532
8379      0.004577850537521371
8306      0.008835472922613613
4193      0.004639540029771053
11927     0.0027328916879233935
11995     0.003907384845425309
3095      0.014920851849350068
6740      0.003203868179968591
3080      0.005793712971357711
5186      0.002426044486534016
3888      0.0016694569907925647
5898      0.006501119240916234
4849      0.0053752631675169195
9099      0.005793712971357711
10485     0.005060661352380849
1527      0.007195613737337674
9539      0.007900035165493804
9474      0.004885268618659556
5582      0.0038520353842420806
6545      0.00991713607983101
6535      0.0025901666319802894
5285      0.006619885018883367
6954      0.007460425924675034
488       0.003165923931439242
8159      0.005648323018695174
8106      0.002879570495068852
7592      0.007276249256111093
4347      0.0034495967688570944
5133      0.011603322557254898
3173      0.005197037129378312
3859      0.006045043484984752
8751      0.005754969838137923
443       0.003493941826815421
6068      0.0044986886181664805
11238     0.0011536366656523587
10289     0.0038384542830759306
3160      0.007665106770329929
4348      0.008294205752733267
1360      0.004983437538371531
9105      0.005754969838137923
3185      0.006045043484984752
7421      0.012878873386339565
449       0.0026248236046033024
3659      0.006184875095590368
10574     0.006336212181465515
6554      0.010857173154476587
3848      0.004537843943314415
11872     0.004163174863727392
8651      0.004958399997648987
3536      0.007559922093528945
9379      0.005141268290149622
12136     0.009052220899085566
7204      0.003746093566572353
1743      0.003194308517662557
5332      0.0057170255896085735
2249      0.0028715520472819673
8193      0.006137074204023889
2091      0.007366034421661678
8299      0.003759007520309664
9551      0.0044986886181664805
2791      0.007895435847968034
11125     0.006389555941245262
2211      0.0067468478298047365
5223      0.006336212181465515
1617      0.0034386754854341677
3250      0.0033124387470633587
8091      0.0032328487923851397
10805     0.00397899819516345
7217      0.002088438371601721
