t_index   tf-idf
4397      0.0035050574821593418
3565      0.0026206979280334404
3578      0.0062006727705490134
946       0.004156701313444288
11022     0.004939037583948583
2362      0.0069437397480588145
11542     0.009469724024775422
8491      0.017125612218042183
4417      0.0023810215251111404
6387      0.0069294185936446175
11140     0.005437682448272562
7207      0.002107583316695434
12191     0.005219191917174124
1192      0.009074121088331671
368       0.014250417790965642
3378      0.009348136346570161
5724      0.006996857546616608
11238     0.0026305145226469245
12171     0.0013405134336019714
208       0.00349489745758077
3774      0.0381192531668683
9371      0.0051470420446739044
11001     0.008651222465386792
449       0.0029925525153931365
8064      0.015859653241585503
9701      0.010925461016932803
12176     0.012738219854387074
11552     0.006584340793967955
2025      0.005575034988185324
11255     0.007478514132086301
667       0.016049063556363975
7475      0.002482526521834309
6361      0.002898944083796495
1913      0.0037080797712059814
7887      0.018212639732716532
1860      0.02404641851397871
4322      0.002831380575502896
6646      0.026975100341834778
7339      0.005437682448272562
7123      0.0025037489636333373
2316      0.00784753995751362
5582      0.008783385030735565
11894     0.00900155971072684
2613      0.0017478607075151883
7088      0.010923975211557939
6859      0.008015472837992903
7669      0.026457817618474936
586       0.004840519909350307
5725      0.013228908809237468
704       0.003057362022909092
5355      0.008866155248889914
7773      0.006093057337161804
2918      0.005624893023113223
10822     0.010515172446478026
6011      0.0027094088095762983
7541      0.005387124797653408
1061      0.015940505312427806
5897      0.01572712477879438
7         0.013035923083551917
7217      0.004762043050222281
6017      0.006128319360067599
338       0.0017434576818165374
8390      0.005063710354993441
2813      0.005265816968749876
8034      0.0030905333221985455
11859     0.011139356463803431
9264      0.0008535584099428139
12111     0.005022713042013146
9091      0.008866155248889914
2155      0.006434028710522709
1672      0.008104764652939826
2063      0.002976658189561977
7227      0.006404223788595412
6900      0.0029296851608779295
6930      0.004330431492377014
689       0.007411904062107397
9550      0.00430045896869931
1904      0.007051355181446024
2920      0.0049797775237401904
6241      0.005925124456682519
4114      0.007929826620792751
7097      0.004009174418519354
11851     0.019362079637401226
7140      0.003273846778543692
11930     0.004048391279496065
10910     0.00248487590405455
199       0.00469192394893708
8932      0.0042273490985106285
11739     0.004101847444472684
1536      0.007051355181446024
1520      0.0032198169865025627
4286      0.003273846778543692
455       0.0077683592029814
12240     0.01723808322775682
3857      0.00357758957858179
213       0.006517961541775958
8755      0.00460412699759125
12177     0.004487074439018784
8143      0.007767011326266553
118       0.007840844585144575
485       0.003641820338977601
6033      0.0031073177395188442
5963      0.0016154886948927594
5149      0.00861904161387841
10825     0.007929826620792751
7204      0.008541817214599762
10101     0.012551221542820226
10907     0.009837920967209654
6623      0.007107306256565903
2210      0.00445479624889069
7502      0.006996857546616608
4664      0.00424176868087518
7426      0.00498452815486869
8685      0.004470873269900002
2285      0.008505606368228542
4412      0.00440729140488565
5071      0.00689193363505508
10067     0.005173580534406773
11927     0.003115760571738748
2185      0.0058304599346372015
5299      0.004570011758521266
12044     0.0049797775237401904
7525      0.004638806150379287
8558      0.005219191917174124
4173      0.009301791144296136
1917      0.006237807208550419
2088      0.004764906645858538
11341     0.00965227745902373
6166      0.0033862687225677886
9364      0.005769642894501837
11941     0.00985224212162385
10317     0.0022707256500535808
6210      0.0033575934564783884
450       0.006434028710522709
