t_index   tf-idf
5211      0.015922232275328508
11022     0.013487873085453256
368       0.0025944032389884674
1584      0.005172118398755969
8036      0.0024868182220793684
11016     0.003607694620687123
11872     0.012961863691816155
1107      0.00789100831042671
226       0.002218356285545421
587       0.002068975235020662
9471      0.002332659846203365
10572     0.005676128189079588
2832      0.010100154028600528
3259      0.01049172707535071
4520      0.006617859019342322
3565      0.004294072330629992
4496      0.004707497662461296
7148      0.006437309676170282
9123      0.009173530994787103
316       0.00895509993854317
4513      0.002697574617090651
8467      0.011504212269458833
12244     0.004201203397978675
5199      0.004645542264441446
6871      0.002633301936722723
10988     0.0042722456719609505
8627      0.005172118398755969
4916      0.004842464740158872
10130     0.006760667188539511
6011      0.0014798090331986642
6339      0.008019562319725955
4227      0.005789752187762217
3730      0.003752161032915036
10910     0.0013571749660667334
9364      0.006302459520643167
4966      0.0015343858111929944
2939      0.0030569934746579046
3888      0.0020791126639949616
10401     0.0029153447702706314
8894      0.007119884111596957
3861      0.005596113397840622
11110     0.006206286327470614
5778      0.005271824364163356
6950      0.0032539159503753297
10426     0.0031189488726777537
5710      0.0024330945211619333
307       0.0029423082667922305
3998      0.009926788529013485
2339      0.002360091618893247
8640      0.00429606774380092
9176      0.00658059329645321
7475      0.0006779458971236174
1240      0.006175314287177093
3903      0.0018031352558918587
9849      0.0021412332838059724
11010     0.0072252879248341844
9371      0.001405590637529681
2605      0.0034275763316144944
346       0.002825675911931931
621       0.0019713932660149367
2579      0.002708646159553997
2150      0.0023734433582451205
3825      0.009545990489698486
4641      0.00650604360128415
8418      0.002477687530497557
2686      0.0022403230105695134
1798      0.0019655617229935203
8226      0.0034275763316144944
2637      0.0018868909337162124
11005     0.002998216707610009
2561      0.0022329538807959776
1056      0.0033471295713297967
102       0.002533595971315336
8375      0.004122144761098878
10243     0.0007144485961174741
10786     0.0030272282756877485
10903     0.0022329538807959776
1399      0.006403418452225831
6079      0.013378736858989009
423       0.003632338489431565
4155      0.0037924911025017803
384       0.002056313274910455
2800      0.0038215026705795195
5020      0.005271824364163356
8874      0.0011511075107017276
667       0.0014609305875845835
8812      0.006507831900750659
11178     0.003218654838085141
7165      0.005677003887405419
1963      0.0036832755743798147
9687      0.008019562319725955
11958     0.0019425278674291512
9006      0.003978720849957471
8128      0.004242876926166622
3578      0.006773294266510004
580       0.0060030138675072
12093     0.0017203807198876192
10543     0.0034275763316144944
10800     0.007643005341159039
6582      0.004707497662461296
10237     0.006611826938154716
8182      0.007643005341159039
525       0.0072252879248341844
9056      0.003764195943156732
7702      0.004122144761098878
1045      0.0030569934746579046
8135      0.0035835696089724267
1682      0.0023167443718764176
3260      0.004242876926166622
9600      0.001701747858443063
9730      0.004842464740158872
5212      0.007119884111596957
4417      0.0013004523897045016
136       0.0037924911025017803
11864     0.0034275763316144944
8247      0.0024596415554835587
2443      0.003448602531274851
6335      0.0033471295713297967
3696      0.002633301936722723
7490      0.004323514676179852
9202      0.0016698520811139366
11780     0.004201203397978675
1746      0.006175314287177093
11066     0.002582364851774473
1034      0.012038787698930737
6349      0.00251465511477939
4953      0.0028890011794880438
2032      0.008746034310811895
3065      0.010475547035947268
7902      0.004201203397978675
10558     0.005080397801765964
11679     0.008092723851271954
2478      0.004477549969271585
6120      0.005172118398755969
5247      0.00596639279364774
10164     0.0034700217666895727
392       0.005172118398755969
12171     0.0007321537750807601
7447      0.0016653671605917878
12062     0.003308929509671161
7811      0.004645542264441446
1822      0.007528391886313464
3776      0.002633301936722723
12196     0.0029153447702706314
1800      0.003607694620687123
6535      0.0016128742088320535
6215      0.004377844003864198
7769      0.0034786431528471295
4001      0.002664987708419334
11706     0.003978720849957471
2625      0.0021686812004280496
7586      0.006760667188539511
6166      0.0036989848315120435
2223      0.005381039892285323
1444      0.003607694620687123
4176      0.004645542264441446
8459      0.005501772057353067
9397      0.008019562319725955
9321      0.008019562319725955
9586      0.008019562319725955
610       0.006175314287177093
4898      0.004477549969271585
4229      0.004772995244849243
9059      0.005080397801765964
192       0.0037096191651624024
4838      0.00190330022219888
539       0.004062803034080321
2790      0.003945504155213355
8208      0.004586765497393551
8829      0.0072252879248341844
2357      0.0011200973697704552
1560      0.0022111266355031283
6968      0.004530857056575773
6231      0.003290296648226605
10317     0.0012402116347258344
5145      0.007763653800048243
2123      0.008019562319725955
7217      0.0013004523897045016
329       0.002552855176438026
5100      0.004201203397978675
7049      0.002505300811970288
6114      0.009194839384187053
11238     0.0014367190136884258
10772     0.0026543281363830802
10353     0.0027198257187710274
6087      0.014450575849668369
791       0.01603912463945191
10196     0.01603912463945191
10159     0.01603912463945191
6607      0.0019199479106078701
1856      0.0037096191651624024
4518      0.0039900416383777705
2558      0.0038818269000241213
9930      0.00190330022219888
4960      0.006335435506273782
7150      0.0020626267659814056
1879      0.0018494924157560217
4873      0.002552855176438026
12082     0.005676128189079588
6000      0.004377844003864198
10492     0.004586765497393551
3801      0.002983981794980178
6161      0.002189707400088407
5764      0.015494189110646843
8507      0.008019562319725955
109       0.003218654838085141
4322      0.0030928537157208415
3163      0.004377844003864198
7597      0.004202512245328985
3268      0.004916419155990648
1299      0.00596639279364774
9349      0.00416099240442528
4412      0.0024071486037238244
8655      0.005373218048053821
9132      0.010100154028600528
5765      0.0072252879248341844
11930     0.0022111266355031283
758       0.0024254908842180844
4057      0.006175314287177093
10197     0.008019562319725955
9553      0.0034069290030869044
11236     0.004995477792870446
932       0.00789100831042671
4421      0.004916419155990648
4891      0.0023487994895006786
9846      0.0038215026705795195
8207      0.004426612884323336
11978     0.006368892910131403
9198      0.0056367391350506425
3790      0.005105710352876052
3957      0.003851267869549675
1416      0.0072252879248341844
8828      0.003448602531274851
11750     0.0072252879248341844
9503      0.002007019837000813
11827     0.003103143163735307
2388      0.004048190345267101
11867     0.0027540341017904674
6132      0.002218356285545421
6311      0.0014990037153488087
10881     0.002154875060761356
9924      0.004286123406874193
3720      0.0031844464550657013
7700      0.008019562319725955
831       0.005789752187762217
3104      0.0034275763316144944
10431     0.005501772057353067
2340      0.003448602531274851
8264      0.003087552505132351
9697      0.004530857056575773
5847      0.008019562319725955
7488      0.0015833282990656318
12026     0.004772995244849243
2876      0.0024596415554835587
8654      0.008096380690534201
6210      0.0018338307268892517
338       0.000952231504316684
2741      0.006175314287177093
7888      0.0018758152423463063
2696      0.0038818269000241213
4762      0.0037096191651624024
10259     0.00229327811024058
9256      0.0034275763316144944
4906      0.0014096679178264675
5799      0.001706377746481455
4794      0.0014350126164371733
6150      0.0027774205406593463
67        0.002496022253334834
2257      0.003607694620687123
6986      0.006175314287177093
2057      0.003945504155213355
