t_index   tf-idf
8894      0.002536124133736134
8418      0.005295358500330305
10572     0.01213112359207423
12124     0.006237604802498237
5211      0.011343094045769744
3259      0.005605777107459472
1409      0.015427388256617476
944       0.004772309327941779
587       0.0014739504023925393
11910     0.00892602465580072
4417      0.0027793503140865006
4558      0.008167384467009237
10243     0.0025448873865462655
9264      0.0036532941718792995
1171      0.007192258175868959
8708      0.003479213409283084
2637      0.0013442324508993317
11005     0.0021359476168875814
6114      0.0009357798406570605
8640      0.0015302722508463802
3537      0.009323861426485378
876       0.001438451635173792
7368      0.00660185050331701
8874      0.0016401118291577248
6816      0.001601303380337733
10317     0.003534136913993167
6098      0.0026056421154150252
2643      0.0025701433481962774
4255      0.0020397962589037825
199       0.0018256170252443147
4688      0.0036193059527618423
7722      0.010676425282882889
4906      0.0030127677115952887
6766      0.003031646649563847
3848      0.0020130285162071465
4347      0.0015302722508463802
10988     0.0010145245048077693
1958      0.005767910303970794
11189     0.003227809820380109
443       0.0015499441186624797
4839      0.0026427550067604335
4966      0.001093105681282227
3385      0.0018685923691531573
2261      0.0014649299458478614
9132      0.0023984701609270674
4069      0.0037584705801091945
5212      0.007608372401208402
2686      0.0015960195883568526
4305      0.0018256170252443147
3808      0.004399331042932554
6354      0.0025529565447378754
2877      0.0028425296634307803
631       0.005105913089475751
6989      0.0011992736435988592
6249      0.0030534600962506
5197      0.0026619639638688656
1520      0.0012528235267030648
9600      0.0024246708208643638
8893      0.011080931592176668
10740     0.012682462602415873
7888      0.0033408551543667765
307       0.006288354322072869
9176      0.0046880542469093355
1399      0.013685501466505205
9938      0.0061709553026469905
11827     0.004421395710735644
3643      0.0018186693832143077
5905      0.003400310522176434
3653      0.0025981550982254755
1913      0.004328416424659614
737       0.004605437864822672
9221      0.003192039176713705
11066     0.0036793845068515993
1023      0.004581492721519125
4758      0.002105894787218164
12062     0.007071903858075395
9446      0.003502486579173789
10910     0.0029005788278531498
10353     0.0019376202019064275
477       0.0067701035438282806
4641      0.003089963063767785
3924      0.0031535456450348573
2146      0.008230999187364625
9872      0.007004973158347578
4787      0.0015549370578424424
7484      0.002519631794812252
5868      0.004816339970782847
10845     0.00916298544303825
4111      0.001811780371773696
4112      0.0031898335307404715
5033      0.004399181952801357
1034      0.011435339693971801
3490      0.0029098729799659105
569       0.003405545905285412
12171     0.0010431815066000304
7447      0.0023728351649033364
4344      0.00296431601743831
7097      0.0015599607229953125
11751     0.005147338578030368
9216      0.002427116714605144
4953      0.002058141817717986
2742      0.01319799312879766
4632      0.0036846482577603612
11884     0.0010461288262544799
2809      0.0012845644022237113
1131      0.004211789574436328
223       0.016338196649550336
2958      0.005530873665823842
5618      0.004816339970782847
4227      0.008249308568277745
3903      0.0025691288044474227
2613      0.002040265976253631
11033     0.002681635831684965
11937     0.0035963486799236353
7227      0.0024918690305249067
10755     0.0034498010084966398
198       0.0026619639638688656
10037     0.003665248608831649
12087     0.0033465977688750268
4348      0.0018396922534257996
4937      0.0025908500031653165
3861      0.002657803230302751
946       0.0016173631050431724
5796      0.002992962571116387
2561      0.007953848879902964
2150      0.005072565974294552
10825     0.0030854776513234952
9905      0.0038334851864213104
1720      0.003923980919468373
10571     0.0019456630552509295
2032      0.004153818300498381
6036      0.0027224614890030787
7475      0.0004829727349809229
2478      0.0031898335307404715
916       0.0035588084276276296
392       0.0036846482577603612
3065      0.0024876142397393572
2447      0.0017981743399618176
5755      0.004250494114271604
11170     0.002318109295474154
5799      0.001215633770519683
10259     0.0016337451198894354
2625      0.0015449815318838926
8345      0.004816339970782847
8585      0.004816339970782847
7175      0.004211789574436328
8467      0.010244587523789702
3312      0.0014515834413028634
10619     0.0032676393299100673
8812      0.002318109295474154
3692      0.0014471826596959038
3631      0.00335364965051284
7165      0.004044331716779424
3998      0.009429205144100526
1963      0.002623987674229229
9683      0.0031898335307404715
11412     0.000872605778662549
7123      0.0009742030741956783
4910      0.006307091290069715
2357      0.0007979641036522602
4518      0.0028425296634307803
8182      0.0027224614890030787
226       0.003160740722638024
4027      0.0014255277291887398
6311      0.0010678992633781927
5963      0.0006285830072233105
9160      0.0018540144279938296
11084     0.004825335577081375
3074      0.002883955151985397
9516      0.004399331042932554
4739      0.0013638099601635033
12093     0.001225609573002646
8337      0.0025034660584176706
3946      0.005072248267472268
11016     0.0025701433481962774
1584      0.0036846482577603612
5186      0.001076215223349676
4754      0.002210697855367822
5777      0.0036846482577603612
4286      0.0038215391907436705
6033      0.0012090503234593998
11196     0.0030998882373249595
449       0.0011643954336210138
6022      0.0014086080973940208
10933     0.001313853391609058
7702      0.002936640722662546
4067      0.0025529565447378754
11836     0.001400277994388241
9550      0.0016732988844375134
9488      0.0015016256971683033
6727      0.0011074530279262707
8036      0.0017716242597144373
11238     0.0005117636336352569
6174      0.002519631794812252
10800     0.013612307445015393
1107      0.002810800892529815
192       0.0026427550067604335
5591      0.0040156468650078825
12244     0.002992962571116387
3250      0.0014694277148626928
8558      0.0020307758023591044
3776      0.0018759801391314136
10223     0.0017459105430016695
2339      0.000840671732669681
11031     0.0030534600962506
10099     0.0018685923691531573
3934      0.0027878037940015977
8769      0.001601303380337733
9399      0.0021359476168875814
2762      0.0014739504023925393
191       0.002318109295474154
384       0.0014649299458478614
6264      0.004816339970782847
1879      0.0013175895217510006
7488      0.0011279726040335986
232       0.002993895001841514
10853     0.004124654284138872
7525      0.0018049490096400608
5778      0.0037556793872517143
3789      0.0035588084276276296
3232      0.004816339970782847
10903     0.001590769775980593
7552      0.0014044324207136485
6166      0.0013175895217510006
10385     0.0014876707759667867
4978      0.0017781812669434248
4496      0.00335364965051284
2463      0.0019062185223897871
9674      0.0031898335307404715
10164     0.0024720643789010303
851       0.0025876997885236146
3257      0.00296431601743831
10901     0.0017087976516562613
3170      0.0036193059527618423
717       0.002623987674229229
9331      0.004581492721519125
10647     0.002115789975173723
9589      0.0012528235267030648
1027      0.004816339970782847
11984     0.0017459105430016695
4992      0.004124654284138872
7754      0.0023707948661513037
1802      0.0022567011812760934
4073      0.0011339313386003404
3730      0.0013365310446191718
4729      0.002536124133736134
10882     0.0012845644022237113
4193      0.002058141817717986
9839      0.004250494114271604
10737     0.003919495507024084
1713      0.002096118107357623
2631      0.0019702782772248917
8256      0.0023573012860251315
2803      0.0018326243044158245
3154      0.0028588349234929503
5953      0.0036793845068515993
3167      0.003400310522176434
2433      0.0017209821018967129
11549     0.0020709150476529805
3240      0.0040156468650078825
9679      0.004250494114271604
3433      0.004913610373508152
11899     0.0027017934733988246
6959      0.004250494114271604
4793      0.0037556793872517143
8379      0.0020307758023591044
1349      0.0020307758023591044
9891      0.004816339970782847
2462      0.004250494114271604
1964      0.0031898335307404715
3225      0.0036193059527618423
9141      0.0028588349234929503
6973      0.004021117997635633
9194      0.0027878037940015977
8028      0.0013213428295631722
9930      0.0013559225267168714
8473      0.004124654284138872
8043      0.00296431601743831
2579      0.0019296558166747462
800       0.003227809820380109
7769      0.0024782063062576357
2023      0.00335364965051284
8563      0.004816339970782847
8546      0.004816339970782847
2308      0.0034498010084966398
2717      0.004124654284138872
7490      0.001540048930706921
1580      0.0020864571305673767
4648      0.0027436663957882083
7426      0.0006464895539209392
338       0.0006783754513835023
10718     0.0022807130008934413
7019      0.004124654284138872
8859      0.0026056421154150252
115       0.0021995909764006786
704       0.0011896126668086127
3596      0.002536124133736134
6210      0.0013064320403966662
11722     0.0029098729799659105
2003      0.004124654284138872
6535      0.0011490212878709554
2257      0.0025701433481962774
11178     0.0022929890669817076
1607      0.0014604568222663678
2399      0.00335364965051284
12069     0.00335364965051284
7997      0.0031188024012491185
4838      0.0013559225267168714
331       0.0018186693832143077
9775      0.0015855535089603448
9069      0.0023573012860251315
460       0.003400310522176434
4176      0.0033095122522994514
8459      0.003919495507024084
243       0.002536124133736134
8450      0.0014515834413028634
2011      0.0035588084276276296
9209      0.004124654284138872
8267      0.002810800892529815
11108     0.0024418259956426568
3981      0.002623987674229229
3887      0.0037556793872517143
5726      0.004816339970782847
7543      0.009632679941565693
11336     0.004399331042932554
5006      0.0029098729799659105
167       0.0025529565447378754
11001     0.0011220570490821213
7217      0.0009264501046955002
2157      0.0022686188091539487
7207      0.0008200559145788624
12191     0.0020307758023591044
2939      0.004355641078553932
12084     0.001001708809720423
2282      0.003022651043265319
5351      0.002627706783218116
634       0.002177820539276966
7590      0.004399331042932554
6335      0.002384515239725551
8889      0.002167149236848976
672       0.002318109295474154
10544     0.0011399338877852094
2088      0.0018540144279938296
3565      0.0010197076524491018
6203      0.0012528235267030648
5107      0.0017781812669434248
2443      0.002456805186754076
6         0.005713184434541611
11046     0.0021886331875647313
1056      0.002384515239725551
