t_index   tf-idf
9505      0.005544465421807123
1913      0.0019782796717516446
763       0.009759206615968552
9913      0.004840430794116362
6743      0.04467494096756511
8106      0.0017514913320521882
8048      0.0023766567616504454
3837      0.0034773660802773798
320       0.005695441587281285
8259      0.005366817758063319
11770     0.002701515575988769
5839      0.018520717168290603
9264      0.004098400303410986
12111     0.0026796432981874264
621       0.003851330143400315
2990      0.007908578045650675
4417      0.00635143628476812
9562      0.017086324761843855
12208     0.01436326405479724
3085      0.0036499093525212286
8881      0.006287990637290044
8034      0.0016488154579770591
443       0.0021251811111557715
10522     0.007589876925315962
6844      0.006603847588805347
2910      0.07924617106566417
1798      0.0019199687964292376
3281      0.011549855946392405
158       0.005748117696465234
10971     0.003269489967871116
931       0.0025224646361405294
4739      0.001869966234038618
12207     0.012003637688499352
1686      0.005721624708566208
835       0.006188479528035473
8888      0.0033279022994070536
6588      0.002078396929855627
6880      0.0018645458085546891
7762      0.0098658721052567
9991      0.0037917845234771703
7771      0.0019487445630736793
4046      0.0027363157574414676
6360      0.003828602726363948
341       0.0028874639865981012
10627     0.004064474539374178
9600      0.0016622743256441259
5025      0.0062818405356911714
10317     0.0012114438390749772
10223     0.002393877342466207
11884     0.0014343828236272767
8449      0.003127163186792038
2738      0.0019723099740011785
8751      0.0035004455716509016
12171     0.0028606833067588463
707       0.008288919355758505
9196      0.0038399375928584753
3419      0.0015384905930713624
8136      0.0027481604782897896
11523     0.003597838769819458
5963      0.001723743091973202
11912     0.0023692294977284895
4016      0.002453263060730549
67        0.004876249659865475
2682      0.0022785517569873077
9556      0.007048021965156802
8261      0.0017912934162139856
3340      0.00562123221812056
498       0.006603847588805347
8822      0.001345923250582894
3785      0.006955167779187377
7097      0.0021389152181275936
7207      0.00337321968986563
8287      0.005006331223865853
6766      0.006235190789566881
1476      0.007908578045650675
9563      0.012186408481905863
6079      0.002613681066781873
6012      0.003886430933334747
338       0.0037205746405775592
6946      0.0035726845500020452
8309      0.0071453691000040905
3698      0.0049625535228590215
6715      0.005256221956639529
6748      0.0214966145333692
3873      0.0023852339352301555
6785      0.007057691039979783
6457      0.014115382079959566
384       0.0020086152865749028
11187     0.004186703018570411
2452      0.013794909387161065
6114      0.0012830795753339078
5215      0.007048021965156802
11836     0.007679875185716951
2438      0.0057749279731962025
11146     0.004026528001176481
4603      0.007839691645867267
664       0.010512443913279058
2082      0.0028093404962144957
5832      0.007048021965156802
7049      0.0024471881642699465
9242      0.006603847588805347
9029      0.003794938462657981
737       0.0042097816908688345
7516      0.0023681448143564104
8274      0.006577248070171134
2561      0.002181158558818751
7972      0.006427950668442698
8337      0.006865174964320622
9202      0.003262236797640113
3643      0.0024936394635825046
110       0.0025031656119329265
7475      0.001324440695927067
11238     0.0007016965285926718
6361      0.0015466016117161713
7892      0.0027129958373966296
8135      0.0035004455716509016
6740      0.007794978252294717
5989      0.00471939421757243
8187      0.0013425262353047673
2261      0.0020086152865749028
8101      0.001837830562493262
5219      0.0062818405356911714
6989      0.0016443648927695696
3282      0.006062326077606605
9553      0.0033279022994070536
8160      0.0027601318830469124
5395      0.0023265297732467274
2243      0.0062818405356911714
11784     0.004004964069307772
6011      0.001445483565933747
4073      0.0031095436708009337
10805     0.002420215397058181
5710      0.0023766567616504454
10243     0.0020936290046019795
7150      0.0020147823306880222
3410      0.004879603307984276
449       0.0015965421924906684
8315      0.0026901518674705854
3692      0.0039685627575166025
837       0.012064144921856281
2647      0.0057749279731962025
10315     0.007057691039979783
5351      0.0036029381666805096
457       0.002860812354283104
9314      0.013643410057127195
11992     0.004598303129053688
2320      0.005914018126214725
1147      0.004230603377587885
2357      0.004376462919000026
7111      0.0053741536333423
725       0.005827997084516735
2877      0.0019487445630736793
2613      0.0009324926970506288
8768      0.0031784385185367266
11001     0.0015384905930713624
10769     0.002084961849994493
11220     0.0020086152865749028
2129      0.004373689274108069
10647     0.0029010316154443826
8550      0.005505990031402561
2009      0.007057691039979783
5137      0.004879603307984276
11477     0.005827997084516735
12136     0.005505990031402561
6022      0.0019313904840557192
2366      0.003885859846228677
6566      0.0026901518674705854
325       0.007057691039979783
7200      0.004802378505465092
4049      0.0015754621782148152
11138     0.0027261294276779637
10673     0.0012992783482818726
6020      0.003707566149820016
4315      0.004323933719480784
6458      0.002860812354283104
3346      0.00514953977839668
1619      0.008552592151879026
3251      0.0019723099740011785
7331      0.004879603307984276
4027      0.0019545895668257977
10892     0.007057691039979783
5474      0.006603847588805347
2729      0.006001818844249676
8372      0.0039198458229336335
9027      0.004323933719480784
3634      0.0019782796717516446
8373      0.003232175990116933
1334      0.002420215397058181
1743      0.0019429299231143386
5005      0.0032506774968878703
4518      0.0019487445630736793
5006      0.00398982583850996
4172      0.003046602120476466
8430      0.007000891143301803
7561      0.0033895315710704846
5436      0.0021458459874852767
6203      0.001717788959293893
6150      0.0027129958373966296
313       0.003046602120476466
6795      0.007057691039979783
10496     0.005449190134724582
6568      0.004373689274108069
10237     0.004305639878970167
807       0.004230603377587885
72        0.0039198458229336335
10405     0.004879603307984276
8581      0.005256221956639529
608       0.0062818405356911714
6033      0.0016577700311350536
3260      0.004144459677879252
3555      0.003410852514281799
11409     0.0032506774968878703
6107      0.0027968340457134337
5186      0.0014756353062423393
7437      0.0035004455716509016
3375      0.00398982583850996
5144      0.003732859567395974
1508      0.0012114438390749772
3101      0.00514953977839668
2157      0.0031105804290461362
230       0.003853984728932633
5273      0.005505990031402561
10374     0.006603847588805347
7227      0.0017083432013392402
