t_index   tf-idf
8136      0.0015124627880516858
11523     0.001980087152751702
1361      0.002765832992763741
11770     0.002973583102081255
5839      0.017473649267590895
8187      0.006649789522956379
12208     0.0052699257241241885
11024     0.0009999437844329167
3886      0.00431122570095906
4891      0.0012626879525117125
6880      0.00615696828697208
8904      0.01107226075432594
11238     0.0007723638385644161
2466      0.0048714746792687036
320       0.012538050132568163
9913      0.0013319767007923039
6743      0.023293003935608413
443       0.0011696032214587792
3250      0.0011088447436978053
3340      0.011601266492716901
9563      0.02682738434598284
7762      0.019909003378361986
7475      0.0014578240851622752
12207     0.004954693003338031
8287      0.002755257467886456
6766      0.0057192766580424345
6874      0.003319778886298041
1403      0.0062250101536507245
2763      0.002465793082995966
6566      0.004441612445015264
2987      0.009090740988017845
7447      0.0008952824877507626
3785      0.01148342595031788
4417      0.008389301373583083
5347      0.007221240163208216
11759     0.0034572398976569856
10330     0.00862245140191812
449       0.0008786643555835169
1955      0.0008881054682196956
2261      0.0077381547777835985
8101      0.007080209656357021
338       0.002559544256283853
3418      0.0021573052188627656
7217      0.0006991084477985902
7207      0.008044690362024699
3555      0.0018771784050231747
11409     0.0017890253458049555
6107      0.001539250510264982
6360      0.0010535445800207177
9314      0.0018771784050231747
8060      0.0017119222786807105
2257      0.0019394556897027232
1056      0.001799378875934742
226       0.002385126332543871
4794      0.0023143394962965476
8673      0.002407080054402739
6715      0.0028927859846470034
6748      0.002957690226577039
8259      0.0016878016535996497
9562      0.006269025066284082
5142      0.005103744866807947
8822      0.0007407350655690254
8881      0.0034606246344234567
2126      0.0036344579637680495
6011      0.00477317126453016
7771      0.010725005538618264
212       0.0016353523319200783
3019      0.00556094432093195
1508      0.001333447403010188
6678      0.0021210582621643426
2651      0.0048586682037689176
8311      0.001758969602443341
2646      0.0019264863571639007
8534      0.0023534792588149377
9587      0.02718962959515616
9556      0.0019394556897027232
2682      0.0012540114634199651
4787      0.0011733709429392616
12181     0.001165858404201746
8651      0.0033196663814047123
2226      0.007221452624866661
6098      0.0019662434119160194
3023      0.0062250101536507245
6521      0.0032707046638401566
6068      0.003011887982658977
10647     0.0015965961231098164
5996      0.0016767115216239274
7110      0.002236902299683945
2104      0.0026032540943549116
1342      0.0026855121751743253
4469      0.0022160182474559925
5116      0.0021573052188627656
329       0.0013723859742837048
10553     0.0014442905249733324
5186      0.0008121226933645783
11784     0.0011020752190719259
2166      0.0019527039538929974
12044     0.002924294886281474
4083      0.0031125050768253623
7497      0.006512819318403892
10493     0.0025659080819827847
2339      0.001903137709703278
931       0.0013882500408830148
7401      0.002780472160465975
6535      0.0008670628725494302
10604     0.0024357373396343518
488       0.0010597986493895903
4620      0.002693642575139686
3867      0.001799378875934742
8981      0.00886407298982397
2210      0.0013080040049934366
2249      0.0009612571392319778
10099     0.0014100583551623826
4470      0.0025659080819827847
2579      0.0029122748779318156
10425     0.002497390805990508
6311      0.0016116947748005632
10237     0.0035544431341285633
213       0.003827568905383329
8264      0.0016598331907023561
8531      0.003884232799308023
6462      0.005785571969294007
1798      0.0010566636780348145
9492      0.0015744612673217653
10317     0.001333447403010188
3790      0.0013723859742837048
2160      0.0017788429562629363
8157      0.0028090669404424273
9264      0.0025061927781299645
7256      0.0010535445800207177
6989      0.0009049837991412668
12025     0.0026032540943549116
7763      0.003207465062117012
9991      0.006260478277060179
1983      0.00848423304865737
7780      0.002023589024760853
11412     0.0006584769847496115
6033      0.0018247227576748959
11995     0.0013080040049934366
6784      0.002957690226577039
8659      0.0014743462683349461
330       0.0020543964711342384
7433      0.00431122570095906
8280      0.00431122570095906
158       0.0015817515363322774
10881     0.002316872760364692
3461      0.0017210486758515047
10958     0.0009831693614153394
2137      0.0014442905249733324
9848      0.0015965961231098164
6406      0.00431122570095906
6001      0.003319778886298041
7715      0.00431122570095906
7373      0.003884232799308023
3565      0.0015389630385898502
11507     0.0028927859846470034
9721      0.0024357373396343518
8382      0.003938173476039576
5963      0.0009486699570008545
11912     0.0013039163760548286
11835     0.0024746052018814677
6767      0.0021210582621643426
5569      0.0014561374389659078
12111     0.001474754042123009
8394      0.0034572398976569856
9202      0.0017953870602615094
7174      0.005276908807330023
1177      0.003884232799308023
2508      0.0018771784050231747
3524      0.0033196663814047123
9474      0.0032707046638401566
10143     0.003286810005376868
11135     0.00431122570095906
1089      0.0028927859846470034
3668      0.0024357373396343518
6038      0.010326292055109028
8982      0.005668145912107552
1571      0.0018099093980329078
5316      0.0033031286688920206
10544     0.0034408217208608876
12003     0.0022809224893860286
8453      0.018172289818840247
9075      0.0025659080819827847
3579      0.0032707046638401566
3096      0.0014212590372134942
11421     0.00431122570095906
8760      0.001399057696018039
4347      0.0011547586346812402
11262     0.003884232799308023
6045      0.002834072956053776
1720      0.0014805374816717549
8450      0.0021907585553847474
758       0.0013039163760548286
1249      0.003884232799308023
8048      0.0013080040049934366
331       0.0013723859742837048
4930      0.0018099093980329078
2353      0.00431122570095906
10988     0.0007655702646208985
1350      0.0019137844526916645
1713      0.0015817515363322774
4102      0.0017119222786807105
11138     0.0015003378977858867
8379      0.0015324435841915513
10496     0.0014994934555128637
777       0.0020543964711342384
1017      0.0013671874578490872
2631      0.0014867915510406275
2738      0.003256409659201946
4016      0.0006750823174208886
3144      0.003207465062117012
11660     0.00431122570095906
11772     0.003319778886298041
450       0.0018891403447917742
2361      0.001980087152751702
7888      0.0035294594595352844
10674     0.0013222753894017998
2274      0.00431122570095906
2447      0.0027138404222969846
4655      0.0023796968555440346
10900     0.00431122570095906
8884      0.00431122570095906
4049      0.0008670628725494302
4327      0.0034572398976569856
7797      0.0012670724588622682
7123      0.0007351433127263842
11867     0.0014805374816717549
3692      0.002184116808392116
6204      0.0017397173936642293
580       0.0010757173786218577
7272      0.0019394556897027232
9503      0.0010789510896784514
9942      0.0021037044232749646
1088      0.002465793082995966
10684     0.0011964744209459624
7552      0.0010597986493895903
3776      0.0014156332397417194
6973      0.0020229170446734346
9924      0.002304171306674212
630       0.0025659080819827847
3573      0.0015257110522419602
10673     0.0014301276571159337
151       0.0024357373396343518
7241      0.00431122570095906
10205     0.003827568905383329
2064      0.0025659080819827847
740       0.0034572398976569856
6841      0.002304171306674212
2133      0.0019137844526916645
1665      0.00431122570095906
5612      0.00862245140191812
11027     0.001098718150590923
1527      0.0012043722283770861
6388      0.0015530942511006647
12245     0.002465793082995966
3052      0.0025659080819827847
8320      0.0029486925366698923
5335      0.0021037044232749646
6044      0.002780472160465975
9921      0.002038800181344929
10345     0.0011261013494496274
8261      0.0009858465893489738
1538      0.00124971861997289
11013     0.00431122570095906
7266      0.007768465598616046
1607      0.0022041504381438517
83        0.0013080040049934366
7204      0.0012540114634199651
8388      0.0019527039538929974
3341      0.0016118072796938916
10855     0.003884232799308023
3368      0.0021389151803317473
5436      0.0023619524628206733
11414     0.0034794347873284585
6210      0.0009858465893489738
8390      0.0014867915510406275
11632     0.00431122570095906
1295      0.0014100583551623826
3104      0.0018426261413927566
2772      0.0031125050768253623
3873      0.0026254489840263845
2063      0.001747995021955544
4566      0.003802678339971967
8017      0.0030302469960059486
8256      0.0017788429562629363
2870      0.002236902299683945
9163      0.002465793082995966
3571      0.0014212590372134942
4739      0.0010291445373148706
11851     0.0014212590372134942
10043     0.0015124627880516858
3268      0.00264301114910703
1802      0.001702929118353024
6882      0.0013882500408830148
984       0.0025659080819827847
8306      0.002957690226577039
1334      0.0013319767007923039
2803      0.0013829164963818706
4978      0.0013418332397360313
6608      0.0034572398976569856
7214      0.0021389151803317473
10176     0.00431122570095906
6361      0.0008511793267317369
6114      0.0007061487591908599
6895      0.0062250101536507245
9557      0.0017303123172117284
1262      0.002304171306674212
6742      0.0036344579637680495
3053      0.007268915927536099
8309      0.0019662434119160194
11937     0.0013569202111484923
3861      0.0010028023535610382
8159      0.0009453930726326675
10746     0.00264301114910703
3643      0.0013723859742837048
10656     0.00431122570095906
6020      0.0010202380610852245
10910     0.0007296018611904851
6900      0.0008602054302152219
2658      0.001133141660841897
8795      0.0017788429562629363
6953      0.002834072956053776
9441      0.002957690226577039
5989      0.0012986701818568105
825       0.0023534792588149377
8106      0.0009639413288457434
105       0.001539250510264982
5015      0.0013620324441539183
10433     0.0018539295877349911
7597      0.001129611447503323
1209      0.0036344579637680495
3157      0.0034572398976569856
6435      0.001799378875934742
4906      0.0007578214763918174
10478     0.002304171306674212
2671      0.003319778886298041
3264      0.0023283320716370208
2698      0.003207465062117012
6871      0.002831266479483439
3152      0.002731164208325249
1366      0.0031125050768253623
3848      0.001519051305847095
9371      0.0007556295767712753
7398      0.0036344579637680495
1726      0.00124971861997289
9455      0.00431122570095906
1175      0.005785571969294007
11897     0.0016515643344460103
232       0.001129611447503323
5030      0.002086826092353393
8968      0.002731164208325249
12087     0.0012626879525117125
667       0.0007853797059497264
8539      0.0036344579637680495
1266      0.007268915927536099
2920      0.001462147443140737
4288      0.00431122570095906
5956      0.0015891291160284586
10243     0.00038407945805464213
3654      0.002407080054402739
2093      0.001643405002688434
3934      0.0021037044232749646
1572      0.0014805374816717549
1648      0.0019527039538929974
922       0.0021958190430381055
9966      0.0030302469960059486
7151      0.0017303123172117284
1399      0.001147468365670728
9258      0.002008744437983315
5968      0.0010693004399551253
8033      0.003884232799308023
487       0.0015059439913294886
2686      0.0012043722283770861
4283      0.0016353523319200783
3148      0.0030302469960059486
7441      0.0036344579637680495
11540     0.0015257110522419602
8566      0.0013319767007923039
7553      0.002407080054402739
7488      0.0008511793267317369
6076      0.0016353523319200783
9561      0.003802678339971967
6696      0.0011366922213437473
3664      0.003884232799308023
3034      0.003884232799308023
384       0.0011054506825405141
5184      0.0031125050768253623
8034      0.0009074331882199985
8389      0.002780472160465975
3426      0.0019527039538929974
7407      0.0026032540943549116
2357      0.0006021516356638334
8743      0.001799378875934742
313       0.0016767115216239274
10455     0.0020543964711342384
7128      0.0019394556897027232
