t_index   tf-idf
12093     0.006299751621617465
8326      0.004252803184114271
910       0.0038092176842443987
9583      0.0017679180706833917
8278      0.00450077985536342
11942     0.005461987605778969
1237      0.004309520806939205
11020     0.007284711121419719
5665      0.005887328811227475
3152      0.004650895572148068
12208     0.01570476053656574
9507      0.004376208747854684
1935      0.005887328811227475
5963      0.0016154886948927594
10933     0.0016883333438068087
5015      0.0023194030751896434
10903     0.002044177586525786
8382      0.004470873269900002
4016      0.002299193399911722
7562      0.005036646400330465
9913      0.0022682211933781984
6743      0.019832811321985423
3569      0.00268114781029431
11912     0.0011102186535249445
946       0.002078350656722144
6210      0.0016787967282391942
6114      0.0012024996986221164
103       0.002195846257683891
10684     0.0061124236722239385
10988     0.006518442470504026
10544     0.0029296851608779295
7207      0.0031613749750431506
8259      0.00287415498982549
11770     0.010127420709986882
5839      0.019837234675767437
6607      0.0017576334737207315
9991      0.007107306256565903
7771      0.0018263596388226752
12184     0.004926121060811925
4767      0.0038092176842443987
6108      0.0033252567330786546
7888      0.0034344636562765704
83        0.002227398124445345
11138     0.0038323848476052537
4891      0.00430045896869931
5316      0.0028124465115566114
8187      0.008807490954318231
8492      0.007341579998009993
443       0.0019917156307450224
5735      0.005681600285293146
6252      0.004369481154101119
10673     0.0036530434719809174
5347      0.0040990131361206055
6767      0.0036119470406421775
9202      0.001528681011454546
8101      0.008612056259026397
7186      0.014778363182435778
1764      0.010320406435672431
963       0.017574634865297003
5799      0.0015621187582523465
320       0.008006635274873691
11927     0.00778940142934687
6782      0.007341579998009993
6635      0.007341579998009993
7426      0.004153773462390575
10317     0.0022707256500535808
8287      0.00234596197446854
6766      0.0038957391728694844
9562      0.021351027399663176
5710      0.00445479624889069
7475      0.0018618948913757317
10881     0.003945399265838425
6753      0.003525677590723012
8309      0.003348313056523656
2737      0.0027061256685991866
3348      0.004147813585609222
10674     0.0022517008442711805
704       0.003057362022909092
3785      0.004345579868477781
6079      0.009798147380786153
6011      0.0040641132143644475
8882      0.0023194030751896434
2213      0.004573154791057727
11238     0.0013152572613234622
8881      0.005893092674561683
6896      0.004052382326469913
3340      0.0013170519931345274
7180      0.003525677590723012
9563      0.005710539240313375
7762      0.00308209209085314
4417      0.005952553812777851
8028      0.0016979574524821437
10860     0.0038092176842443987
8193      0.003498428773308304
9904      0.0038841796014907
2882      0.004879373630390954
11978     0.0029152299673186007
10425     0.008505606368228542
876       0.0018484450964069016
6387      0.0034647092968223088
2032      0.008006635274873691
8106      0.0016414942918749978
8904      0.002693562398826704
7123      0.0025037489636333373
10769     0.003908044433806102
7447      0.0015245752508799215
10992     0.0025002240226896003
5214      0.005515879361766646
9824      0.0012238157975450225
341       0.0027061256685991866
4412      0.002203645702442825
7743      0.005461987605778969
4376      0.006493315924155731
8653      0.004309520806939205
2216      0.004650895572148068
11170     0.0029788264376624392
8320      0.0025106621236138573
2696      0.0035536531282829515
10958     0.0008371188403355243
3576      0.004198995467420666
5119      0.0061891131991702285
3524      0.002826527534891693
9503      0.0018373442469162033
10385     0.005735078643582105
4757      0.00268114781029431
9774      0.005160203217836216
10974     0.0038092176842443987
2452      0.004309520806939205
488       0.0018047295841054616
4655      0.004052382326469913
3571      0.0024202599546751533
6161      0.004009174418519354
6871      0.009642719169255189
4978      0.002285005879260633
2738      0.003696890192813803
321       0.00985224212162385
9264      0.00042677920497140694
7489      0.004433077624444957
8450      0.0018653197844761434
5764      0.004728097965326209
952       0.004826138729511865
6989      0.0030821911999738792
6204      0.0029625622283412597
5205      0.0038841796014907
10909     0.006650513466157309
1334      0.0022682211933781984
7484      0.0032377877170051165
2112      0.0024695187919742917
3535      0.0032170143552613544
338       0.0026151865227248064
6073      0.0023549664974618807
1083      0.006650513466157309
5142      0.004345579868477781
8104      0.0025755706897981605
7597      0.0019236136968353687
5832      0.009908088849568258
7217      0.0023810215251111404
2063      0.002976658189561977
12207     0.011249786046226446
11165     0.008792313887502252
8959      0.0016143629393826106
3419      0.0014418704108977985
12171     0.0006702567168009857
10772     0.002429928414708182
539       0.0018596646738121276
8874      0.001053791658347717
1361      0.0023549664974618807
3295      0.004433077624444957
11668     0.007341579998009993
7354      0.007341579998009993
7222      0.00308209209085314
8512      0.003348313056523656
12245     0.004198995467420666
12239     0.007341579998009993
6349      0.002302063498795625
9371      0.0006433802555842381
1219      0.006353324877175594
2357      0.0010254031476884119
6566      0.0025212051318323357
6300      0.006614454404618734
269       0.007341579998009993
884       0.0033960040183491557
10054     0.003176662438587797
6696      0.001935671536346236
11412     0.002242639006031285
8907      0.01350233956609026
109       0.005893092674561683
8390      0.0025318551774967204
8255      0.0035823952135479466
7769      0.0015922774817983842
7204      0.0021354543036499404
495       0.004309520806939205
9029      0.0017783044969943195
6727      0.0014231038909583963
4641      0.0019853385868652917
5351      0.005065000031420426
2088      0.007147359968787808
2876      0.0022517008442711805
11835     0.0014046672039665334
472       0.0025755706897981605
2631      0.0025318551774967204
8091      0.003685759975859386
1726      0.0021281440267654286
634       0.002798551997331753
7424      0.0022517008442711805
10633     0.0037392570660431503
11590     0.004147813585609222
8519      0.0024898887618700952
4322      0.001415690287751448
3888      0.0009516711348479354
12180     0.0029307712958340838
4124      0.0028848214472509187
4027      0.0018318375650444676
1389      0.007341579998009993
4905      0.007341579998009993
4739      0.0017525287410796709
10194     0.0033960040183491557
7683      0.005300280384448986
10068     0.002285005879260633
3266      0.0022517008442711805
3554      0.0032377877170051165
9370      0.0025002240226896003
368       0.0023750696318276068
2915      0.002899915527630149
12004     0.005887328811227475
6899      0.006614454404618734
587       0.0018940618697411377
9589      0.0016099084932512814
8311      0.005990693573538914
6588      0.0019478695864347422
9543      0.0022682211933781984
5486      0.0031189036042752094
1324      0.007341579998009993
11015     0.00344596681752754
10099     0.0024011863294431876
8876      0.0028848214472509187
1942      0.0014648425804389647
953       0.002050923722236342
1955      0.001512353514721945
3104      0.0031378053857050565
10243     0.0006540483524843543
6247      0.0031003363852745067
8332      0.0037392570660431503
8506      0.002995346786769457
6233      0.0022194207438895825
457       0.00268114781029431
9552      0.0040990131361206055
967       0.001386548955864055
11863     0.0017224112518052794
8654      0.0037059520310536984
7488      0.0014494720418982475
2339      0.0010802834825610393
4694      0.005160203217836216
4397      0.0017525287410796709
10848     0.00234596197446854
10094     0.0022194207438895825
11922     0.003258980770887979
