t_index   tf-idf
2613      0.0005540691676196693
8261      0.0012164022673218577
1527      0.000557262582152163
11238     0.00047649661447203096
6360      0.0006499662471359493
1538      0.0013492367949171325
6588      0.00035284095768277547
9488      0.0006990723000599759
10910     0.0007877018562623154
2639      0.0037565107581417506
6871      0.0008733506313873657
1334      0.001232610248162644
6166      0.0015334885704912104
11818     0.001329868352297588
11414     0.0008049665910303752
4791      0.0004946976304512127
5722      0.0010664424099095056
5784      0.0005990776905517734
11863     0.000468001482113795
6740      0.00016541520246610974
368       0.001398230667085559
11867     0.0004566960947620158
10769     0.00017697772868034638
11675     0.006617903380429058
8259      0.0034491746218962434
4406      0.0029355878407300267
2738      0.0003348310084937464
7771      0.001323321619728878
11138     0.0015041125391826351
8972      0.0007259693185143431
9930      0.0001578102787603097
6009      0.0003441527404052697
8882      0.000420141270237809
4305      0.0004249522018945419
1451      0.0013700882842860474
11927     0.004091864080539861
4419      0.0067769912371718945
10833     0.004127627386284306
1402      0.0003450046207125752
8408      0.0007192563333732058
7493      0.0003670282833424949
8113      0.0002697952625666703
5587      0.0004249522018945419
11761     0.0016748888106933274
7123      0.005215641573335515
2316      0.00035537973555137156
5559      0.004079154496411028
6381      0.000664934176148794
8106      0.0008920305887152691
2074      0.000738744432373061
8330      0.0006654562149631371
9123      0.0003803071808164857
11829     0.0009893952609024254
6452      0.0005332212049547528
6210      0.0018246034009827866
8519      0.0018040935417444226
9594      0.00033272810748156853
1822      0.0006242092594427485
11884     0.0041396583262505
1739      0.0004212362211483921
2104      0.00040150823376071154
10882     0.01629606662790387
2764      0.0009896752584558403
11521     0.0023924852441906197
2063      0.0031003871451552333
217       0.0002877134652319729
3558      0.0013113245027463873
5116      0.00033272810748156853
7207      0.0017179731870503579
4048      0.0018246962237906913
8932      0.0005743127959254212
10848     0.00021247610094727096
1766      0.0015722534760973252
758       0.0007038752259714043
9202      0.0005538166167072256
508       0.0004288411448541922
6777      0.0008597762133797108
2882      0.0033144727898411536
10034     0.0009123481118953456
3888      0.0011205193716367508
4757      0.00024283421427736697
8830      0.0003517939958471122
3861      0.0009279925520812057
683       0.0005332212049547528
11682     0.0003144506952194651
10382     0.0008152801838199326
12140     0.0002743566580978714
4414      0.0002522256385919176
7221      0.000664934176148794
10673     0.0013234390701379127
12022     0.0025601007600526346
9285      0.0025601007600526346
6853      0.0006900092414251504
5608      0.00032185788560690047
5907      0.001329868352297588
4480      0.00033565174816369096
4046      0.0018581325992339348
6029      0.0004212362211483921
1733      0.0005332212049547528
7322      0.0010039987018032436
1601      0.002048080608042108
4966      0.000508888402924651
7844      0.0005605541160482334
11922     0.0008855073545051128
3340      0.00023857340851353944
10148     0.0003712516819851085
2079      0.0002332719898438938
9196      0.0004889178908430612
7174      0.00027129152695746123
8876      0.0013064056871164738
10455     0.0015842808052391577
11022     0.0008946670574293212
8491      0.0034123840752992387
6756      0.0002991284754409144
2267      0.0007806351407013043
8273      0.0007513431741160438
9832      0.002895232499543509
8918      0.0003484471977640966
3571      0.0010960267132307082
3600      0.000512020152010527
682       0.00040150823376071154
4623      0.0003712516819851085
346       0.0002342881580884275
49        0.0027682150453662117
8497      0.00041419516156156183
8055      0.0010553819875413367
4397      0.0022221957084440544
3565      0.00023735920853332847
5963      0.0008778984725691566
11912     0.00040221441484080247
1237      0.0007806351407013043
11046     0.0002547260677716992
10958     0.0011372802446912287
11024     0.0007711226952802518
11732     0.0003591061278722598
6073      0.0034126663922965433
9503      0.0019969210716866545
1955      0.000547901426466756
4382      0.0009981843224447055
7475      0.002417082538924435
6011      0.000736181522969539
8187      0.0019372791616867743
12093     0.007274828032095339
3281      0.000980385934631427
3860      0.0008138745808723837
6728      0.0009347294387154643
2915      0.000787944669725803
7097      0.000726229800598124
4549      0.0007107594711027431
8292      0.0003851805990425089
3620      0.000742503363970217
3448      0.0007035879916942244
1011      0.0011322388376651658
5342      0.003993425633429141
11412     0.0019296213543471988
10243     0.0015994208015904863
7888      0.004277113183844755
4027      0.0013272907493824715
8104      0.0018661759187511503
7847      0.0023828827524755
6681      0.002603874910679866
3266      0.002855142877575096
4799      0.0015996636148642583
4111      0.0012651942565525352
11075     0.0007758137974698329
10415     0.003237803632883825
8800      0.0011183338217866515
3554      0.0011729985691009566
10902     0.0035497116741592363
6233      0.0030152270443129093
6566      0.00433861290023915
338       0.001184300175462776
11339     0.0017051648606631724
131       0.004496399443288785
7922      0.001733005638164
2670      0.0009123481118953456
1880      0.0010291763369553108
1508      0.0012339712349011365
9581      0.000837077521234366
2357      0.0018574355858368083
1649      0.0010050756814376364
4469      0.00034178360631294567
9527      0.0003121046297213742
367       0.0022433265466661467
2100      0.0005605541160482334
2207      0.0003851805990425089
7970      0.0005605541160482334
4729      0.0011806764726734835
10237     0.0009136886201271192
3603      0.0007035879916942244
9007      0.0002951691181683709
1781      0.0010160046545669643
4468      0.0011514355555785301
5569      0.0017966780038870533
7256      0.00032498312356797463
7295      0.00041419516156156183
4412      0.005588418504204163
7981      0.0005487133161957428
6387      0.0006276043092909368
10013     0.0004076400919099663
5629      0.0004561740559476728
4376      0.006028087097824293
10223     0.0012191963363074446
9775      0.0009226804493184243
10881     0.0026800404113822597
3096      0.0008768213705845666
25        0.0015593029404382837
8450      0.0016894386146863343
10992     0.001358686605198199
10740     0.0006325971282762676
9589      0.0002916220154040825
1913      0.0006716889193958769
4377      0.0011555417971275267
3304      0.0018867041713167903
10647     0.0009849925764974145
6022      0.00016394213690956445
1800      0.0017947708526454866
953       0.000185754194050721
6581      0.0004212362211483921
9543      0.00020543504136044067
9990      0.00033272810748156853
9500      0.000578504822762552
9256      0.0008525824303315862
6727      0.00399564982204333
87        0.0006713034963273819
1798      0.0001629726302810204
3616      0.0005198668870956297
7425      0.0004185628838565576
6203      0.000583244030808165
4677      0.0019249964848961165
4930      0.0008374444053466637
12169     0.005330696033270573
7774      0.0010160046545669643
4470      0.0011872447152469021
10386     0.0015612702814026087
11590     0.002254029522348131
11147     0.0004288411448541922
4071      0.0004461636664135063
12171     0.00048564652068362827
5968      0.00016492163862795087
3573      0.001647207185039176
2246      0.0009893952609024254
7769      0.0012979273456969545
3257      0.0003450046207125752
5764      0.004068170924880329
6852      0.0008576822897083844
4193      0.0009581548431642692
2339      0.00117410814731202
3593      0.0005332212049547528
8283      0.0004212362211483921
8655      0.002227575629197548
11181     0.0003244610847536316
9627      0.0003450046207125752
3897      0.0003756715870580219
10043     0.0006998159695316814
1726      0.0011564886813575422
324       0.0008011922802091896
10094     0.0004020302725750546
4115      0.00041419516156156183
11835     0.003307774619010231
2834      0.0009211484444628242
1151      0.0004371081675821291
4794      0.0016657573709944523
6114      0.0027227897354493336
4113      0.0025156055617557207
6459      0.0009981843224447055
4028      0.0005605541160482334
7557      0.005054834653780705
11994     0.0004800516471585825
7900      0.00041419516156156183
11409     0.0008277813621477753
3597      0.004402309733072511
5005      0.0005518542414318502
9029      0.007086763228450782
116       0.0005395905251333406
8315      0.0029685246159531025
5276      0.0005990776905517734
5238      0.000664934176148794
331       0.00021166749329906185
6132      0.00018393284450267218
3546      0.0013195670112744536
4906      0.00035064371528520974
8028      0.0021529996487828717
580       0.002156847467746516
10814     0.0003483386759645412
3790      0.001481672453093433
4937      0.001658461410908273
7430      0.0002697952625666703
8749      0.0003244610847536316
8174      0.0005864992845504783
3430      0.0030117179774547436
1885      0.0019204966066850998
5989      0.007411028591935004
2631      0.0022931263257135034
8520      0.006398654459457033
8332      0.0037253504000788686
5710      0.003631277799905209
10417     0.0008923273328270126
7160      0.00034178360631294567
6361      0.004200963817779038
10553     0.00512342394715436
10259     0.0003802898288257186
8651      0.0005120028000197599
9371      0.0015150612712992208
3776      0.00021833765784684143
5395      0.002172310013611252
4138      0.0022373478866019995
3576      0.0007606143616329713
12111     0.0035634781000325167
8340      0.0014215189422054862
3073      0.0015378972474256734
6521      0.0012611281929595878
8558      0.0007090610764745418
10484     0.00033565174816369096
3481      0.000664934176148794
2155      0.0005827363566301469
588       0.0011211082320964668
8897      0.0008576822897083844
5007      0.0028803098829514946
330       0.00031685616104783155
10805     0.0008217401654417627
12181     0.0003596281666866029
8348      0.0006900092414251504
474       0.0008424724422967842
6246      0.00029324964227523916
11691     0.002743566580978714
8913      0.002246404311535587
212       0.003278933301694928
3692      0.00016843167249140688
6989      0.0012562070018707803
8801      0.0006242092594427485
8920      0.0007090610764745418
4871      0.0009290662996169674
5799      0.004527444609347427
5071      0.0015605231486068712
5010      0.0005990776905517734
5142      0.004329418228188102
9545      0.001412410951837603
6818      0.0028419414344386202
8379      0.00047270738431636123
1558      0.0008152801838199326
8449      0.0010617714429886772
4065      0.00028080053894194836
3282      0.0012864704211941384
2647      0.00024509648365785675
208       0.0004748044894241213
9163      0.0003803071808164857
4582      0.00033272810748156853
10032     0.0023828827524755
4942      0.0005605541160482334
2694      0.0008742163351642583
11132     0.0009347294387154643
6027      0.0005990776905517734
3696      0.00152836360492789
10988     0.00023615271781130315
3449      0.00039635756324914444
7165      0.004550131242359291
3412      0.0004461636664135063
11893     0.0009347294387154643
10099     0.0010873891275316996
7385      0.0018246962237906913
10885     0.0007789936613614152
2644      0.0016567806462462473
4041      0.0004800516471585825
1693      0.0003244610847536316
2150      0.00019679173764491375
2272      0.0014071759833884489
8751      0.0020798972156210564
6882      0.0017129140736338228
12112     0.0011885126946406038
4641      0.0010788845000598087
11549     0.002530766015355404
337       0.0010823499511639983
11591     0.00046736471935773213
8554      0.0003483386759645412
4033      0.0004561740559476728
5926      0.0008631403956959187
3391      0.0005990776905517734
1399      0.0035395545736069275
6050      0.0013113245027463873
12029     0.0004946976304512127
9743      0.0016849448845935684
2320      0.0007529990263524328
7426      0.00030096910320362257
4536      0.00024859420962244444
4287      0.0011981553811035467
10101     0.000284194143443862
6623      0.0022530051992483034
10684     0.001476288718909479
10205     0.0002951691181683709
4225      0.00028080053894194836
5002      0.0005332212049547528
8908      0.0006542752460406307
2166      0.0015058589887273718
8296      0.0018867041713167903
3419      0.001305916320524368
11723     0.0008874279185398091
2568      0.0005990776905517734
10799     0.0010773183836167795
9046      0.0004800516471585825
10644     0.0005990776905517734
8805      0.00018698811821451288
5434      0.0005982569508818288
10008     0.00023028711111570605
1571      0.0002791481351155546
5302      0.00023635369215818062
517       0.0008030164675214231
9541      0.0007838434122698842
5319      0.0004076400919099663
4627      0.0003712516819851085
8395      0.0005332212049547528
103       0.0011932798302530707
11901     0.00029712817366015095
3682      0.0002654428607471693
11063     0.0002283480473810079
9247      0.004654539233041558
5036      0.00332467088074397
151       0.0003756715870580219
9848      0.003939970305989658
10907     0.0004455151258395096
5435      0.002315646758149449
2914      0.0009347294387154643
10798     0.0003903175703506522
10466     0.0005332212049547528
2249      0.00044477332082162174
105       0.0004748070924247702
8776      0.00041419516156156183
2137      0.0008910302516790192
1200      0.0007914964768312681
5954      0.0006654562149631371
213       0.0011806764726734835
2930      0.0011211082320964668
2813      0.00023846513072221055
5272      0.0002342881580884275
4870      0.00034178360631294567
3425      0.0003903175703506522
24        0.0010069552444910727
4922      0.0016849448845935684
1351      0.00192020658863433
9642      0.000664934176148794
7775      0.0006242092594427485
2883      0.00024395861586398065
7907      0.0012303177979405388
11766     0.0003271376230203154
500       0.0012045247012821346
12084     0.001865356680888261
1514      0.0003193241134454883
1710      0.000284194143443862
8418      0.00020543504136044067
2417      0.001239260405844005
9490      0.002666106024773764
8640      0.00017810213026696003
513       0.0010974266323914856
5596      0.0004371081675821291
3318      0.00035537973555137156
9360      0.0002374035462123851
515       0.00025993344354781486
5877      0.0004076400919099663
4140      0.0004946976304512127
7408      0.0005308857214943386
5039      0.000664934176148794
1983      0.0009814128690609461
3721      0.0010553819875413367
477       0.00026264822324193436
11447     0.00046736471935773213
9314      0.0020266627496804564
11722     0.00033866821818898807
11958     0.0012885024051728696
11897     0.0010189042710867968
6499      0.0003121046297213742
2810      0.0003517939958471122
1017      0.0014760599659779576
2205      0.0015612702814026087
8907      0.0008152801838199326
2822      0.0002236667643573303
8659      0.002046538410103967
458       0.000664934176148794
6817      0.000284194143443862
9645      0.00031685616104783155
320       0.0009668918555524562
5401      0.000512020152010527
2590      0.0004076400919099663
10909     0.0003011717977454743
10943     0.0006765350781541585
3429      0.0006900092414251504
2443      0.0005718750205001832
8325      0.0003271376230203154
4322      0.0032055118088443416
4063      0.00040150823376071154
8642      0.0004561740559476728
967       0.0012558111304478644
4826      0.0015360604560315809
2660      0.0004566960947620158
7202      0.0005332212049547528
6354      0.0008913845209804527
1549      0.000545623465183935
2918      0.0005094521355433984
2858      0.0009347294387154643
3524      0.00025600140000987993
11423     0.00041419516156156183
10920     0.0007914964768312681
737       0.000536008082276452
10923     0.00036298465925717154
10375     0.0015612702814026087
632       0.0004461636664135063
6151      0.0003483386759645412
7217      0.0005391286979851304
2966      0.0005094521355433984
10960     0.002132884819819011
7709      0.0002877134652319729
10866     0.00040150823376071154
2508      0.0005790464999087018
10650     0.0007806351407013043
12064     0.0005259470680686995
2067      0.0003591061278722598
876       0.001004493025481239
11784     0.0006799063919892432
4648      0.0009579723403364648
4758      0.0004901929673157135
1045      0.0010138705113938709
3606      0.0003670282833424949
10772     0.0013204861479184258
5403      0.00046736471935773213
2365      0.0013640586629598374
8267      0.0006542752460406307
5304      0.0004212362211483921
5402      0.00035537973555137156
5431      0.0008030164675214231
2579      0.00022458475048588167
3892      0.0004461636664135063
11170     0.0005395905251333406
11872     0.0004298881066898554
8673      0.000742503363970217
8264      0.00025600140000987993
3709      0.00040150823376071154
1942      0.0001326722442138988
6607      0.0003183812111662143
10544     0.0042455118148447615
4049      0.0002674597791062561
7920      0.0010617714429886772
4562      0.0009330879593755752
11836     0.002933507345058367
11946     0.0007035879916942244
3867      0.00027752397889608247
8837      0.00024859420962244444
1871      0.00033565174816369096
3647      0.0004212362211483921
6033      0.0004221492706718885
4347      0.0007124085210678401
9086      0.0005990776905517734
4518      0.0003308304049322195
7654      0.0009123481118953456
313       0.000258604599156611
11890     0.0003483386759645412
9264      0.0007344224953631781
4016      0.0012494413488034824
7496      0.00030981510146100124
6743      0.0013971046260510408
9562      0.0009668918555524562
10104     0.0005332212049547528
11681     0.0003908493036525483
2737      0.0017156753856049974
7797      0.0003908493036525483
9507      0.00039635756324914444
10674     0.00020393877696964972
2236      0.0003011717977454743
10485     0.0005225622748465896
6204      0.00026832219701012505
10077     0.00033565174816369096
2090      0.0008049665910303752
1131      0.0004901929673157135
6161      0.000363114900299062
3250      0.00034204136701244925
7161      0.0014020941580731965
3946      0.0005903382363367418
75        0.00019209059657430811
8768      0.0002697952625666703
11001     0.0001305916320524368
7342      0.0003803071808164857
1295      0.0008699113020253597
1259      0.00039574823841563404
2313      0.0010773183836167795
8157      0.001299754228623
2314      0.000512020152010527
3357      0.0006713034963273819
11055     0.0005990776905517734
12208     0.0002031993893845741
3720      0.0005280705344431857
539       0.0008421583624570344
9509      0.0006008942101568921
11163     0.0008152801838199326
5362      0.002070975807807809
6311      0.001491461145790064
2658      0.002097216900179928
7128      0.0038886701807318872
1192      0.000136975356616689
2177      0.001299754228623
4638      0.000664934176148794
11165     0.005043414354196216
12038     0.0011555417971275267
11864     0.000284194143443862
3898      0.0003517939958471122
10377     0.0007606143616329713
4801      0.0005605541160482334
4891      0.0003894968306807076
4978      0.00020695524699494686
4664      0.0009604529828715405
5361      0.0007914964768312681
6044      0.0004288411448541922
2931      0.0023368235967886606
9552      0.0003712516819851085
2876      0.00040787755393929944
2082      0.0009538605228888422
7423      0.00040150823376071154
7205      0.0004561740559476728
2791      0.0004076400919099663
2418      0.0003803071808164857
2160      0.0010974266323914856
3801      0.0007422418072396549
10419     0.002853480643369764
7773      0.0002759271207159251
6535      0.0012035690059781523
9595      0.00046736471935773213
5832      0.0011965139017636576
1694      0.0011299287614700826
8706      0.0007318758475919419
8091      0.000500734400570702
3555      0.0005790464999087018
931       0.001284685555225367
7848      0.0004800516471585825
1234      0.0020075411688035578
807       0.002154636767233559
4513      0.0006710002930719909
3981      0.0003053951963880879
3846      0.0007566769157757527
12012     0.0005609643546435387
6134      0.0005990776905517734
5436      0.002003603297875117
3321      0.0004315623170827904
9539      0.0008157551078785989
927       0.0006710002930719909
10416     0.00039574823841563404
104       0.0006967997247127255
2637      0.001095148030441722
6403      0.0005486709955183363
1236      0.0004461636664135063
2870      0.0010350138621377256
5884      0.000960103294317165
10317     0.0005141546812088069
3533      0.00040150823376071154
11389     0.0007914964768312681
8660      0.0005990776905517734
9563      0.000258604599156611
5082      0.0003712516819851085
7516      0.0006030454088625819
6045      0.0004371081675821291
5222      0.0005605541160482334
2439      0.0008910302516790192
4787      0.00036194553260651035
78        0.0006185763112019782
10246     0.0006710002930719909
3251      0.0005022465127406195
6536      0.0012674246441913262
8276      0.0010160046545669643
12135     0.0020527474959266745
506       0.0003903175703506522
10224     0.0003851805990425089
5905      0.0007914964768312681
4348      0.0008564570368169114
5149      0.0003903175703506522
4289      0.0015996636148642583
1912      0.0009893952609024254
3700      0.0003670282833424949
8048      0.0008069506222011576
4173      0.0008424724422967842
9840      0.001024040304021054
7442      0.0009347294387154643
12170     0.0025274173268903526
3848      0.0007028644742652824
11177     0.0005605541160482334
11296     0.0005332212049547528
4694      0.00046736471935773213
5374      0.0005990776905517734
232       0.0001742235988820483
7135      0.00022008102465307096
6026      0.0017153645794167687
4486      0.0017972330716553202
7718      0.0010889539777715147
10024     0.0014020941580731965
4614      0.005984407585339145
6150      0.0004605742222314121
6826      0.0006713034963273819
5089      0.00033866821818898807
2210      0.0004034753111005788
8466      0.000664934176148794
8958      0.001024040304021054
6071      0.002070975807807809
9578      0.00033866821818898807
2524      0.00021411425920422786
9729      0.00023028711111570605
5006      0.0010160046545669643
11930     0.0007333336205256492
7692      0.00034178360631294567
8281      0.00033565174816369096
1617      0.001242767863035932
3326      0.0002759271207159251
7402      0.0012046871909818973
10030     0.0005903382363367418
6696      0.00017531568935623317
2877      0.0008270760123305486
9230      0.0028027705802411667
7597      0.0001742235988820483
4943      0.00046736471935773213
9448      0.0008424724422967842
11851     0.00021920534264614164
9370      0.00045289553506606636
5255      0.0011885126946406038
186       0.0018782553790708753
11084     0.0014040026947097417
7255      0.000664934176148794
2919      0.0003144506952194651
3862      0.0006151588989702694
109       0.0008006148656536438
8812      0.0002697952625666703
6571      0.0013132411162096716
11995     0.0002017376555502894
10972     0.0005990776905517734
8036      0.0002061921037339927
4286      0.0010378044152504508
9630      0.000664934176148794
5965      0.0003654754480508477
9364      0.0002612811374232948
9553      0.00028248219036752065
2446      0.0005990776905517734
2656      0.00022458475048588167
3579      0.0005044512771838352
3368      0.0003298917528186134
8648      0.0008374444053466637
12003     0.0003517939958471122
1607      0.0005099297939919324
1429      0.0004800516471585825
2411      0.0005864992845504783
6648      0.0002474139357465516
8906      0.00033565174816369096
7254      0.00192020658863433
9783      0.0005332212049547528
6060      0.000512020152010527
11300     0.0003517939958471122
74        0.001338490999240519
5643      0.0007806351407013043
4762      0.0003075794494851347
8494      0.0005605541160482334
10027     0.002227510091910651
11814     0.0004566960947620158
9047      0.000842401616825845
3933      0.0005990776905517734
3736      0.00034204136701244925
4073      0.00013197363205762002
11027     0.00016945882655143308
3431      0.0003591061278722598
8274      0.0008374444053466637
664       0.0004461636664135063
8390      0.0009172505302854014
6196      0.0004288411448541922
699       0.000258604599156611
946       0.0001882382786880262
12100     0.0002895232499543509
5631      0.0007259693185143431
9550      0.0001947484153403538
12110     0.000664934176148794
2326      0.0003121046297213742
1056      0.0005550479577921649
2362      0.0009433520856583951
3080      0.0002991284754409144
2377      0.0011555417971275267
7644      0.0007182122557445196
8947      0.000664934176148794
8601      0.0004212362211483921
1957      0.0003450046207125752
7132      0.0002951691181683709
3580      0.0003903175703506522
9694      0.000512020152010527
4546      0.0019515878517532609
6533      0.000664934176148794
7866      0.000664934176148794
7977      0.0009893952609024254
1688      0.0006966773519290824
6018      0.0005990776905517734
190       0.0016567806462462473
11220     0.00017049720656116
2836      0.0004076400919099663
1312      0.0005605541160482334
8495      0.0002534676278484677
6476      0.0004288411448541922
8034      0.00013995633290201246
11184     0.000512020152010527
5350      0.000512020152010527
10425     0.0007703611980850178
8708      0.00020246571141310446
12113     0.00022739315667821857
11066     0.00021411425920422786
7625      0.002659736704595176
665       0.000664934176148794
8695      0.0002991284754409144
161       0.0008424724422967842
5107      0.00020695524699494686
41        0.0005990776905517734
10501     0.0006998159695316814
449       0.0005420768940594
2046      0.0008923273328270126
2047      0.0005605541160482334
9818      0.0003851805990425089
8528      0.0004561740559476728
6816      0.00018636915299489697
2291      0.0008923273328270126
6568      0.000742503363970217
6918      0.0003193241134454883
3179      0.0002895232499543509
8255      0.0006489221695072632
4474      0.0005605541160482334
7880      0.0006151588989702694
8769      0.00018636915299489697
10194     0.0003075794494851347
11744     0.00039574823841563404
3668      0.0003756715870580219
7401      0.0004288411448541922
2112      0.0002236667643573303
7924      0.0002759271207159251
4615      0.000664934176148794
4263      0.0002227575629197548
1720      0.0004566960947620158
8928      0.0005616010778838967
772       0.000664934176148794
1730      0.0003244610847536316
3965      0.0004288411448541922
102       0.0002100706351189045
7175      0.00024509648365785675
10062     0.00028248219036752065
4443      0.000664934176148794
2839      0.0004076400919099663
1387      0.0004561740559476728
8367      0.0014071759833884489
11234     0.00030981510146100124
9640      0.0007035879916942244
3042      0.0007107594711027431
8874      0.000190885909672262
3228      0.0003517939958471122
1651      0.0003851805990425089
7296      0.0007806351407013043
3569      0.00024283421427736697
835       0.0005252964464838687
12059     0.000664934176148794
8686      0.0009670510629086364
2257      0.0002991284754409144
634       0.0005069352556969354
6249      0.00035537973555137156
329       0.00021166749329906185
10054     0.0002877134652319729
8128      0.0003517939958471122
226       0.0009196642225133609
9271      0.0005990776905517734
3418      0.0006654562149631371
10118     0.00028080053894194836
10119     0.0005120028000197599
8272      0.00030981510146100124
3317      0.001329868352297588
9220      0.0010159969469228705
5104      0.0035944661433106404
6176      0.000742503363970217
8082      0.0007606143616329713
9112      0.0011100959155843299
836       0.0004461636664135063
774       0.00031685616104783155
789       0.0005332212049547528
717       0.0003053951963880879
3385      0.00021747782550633993
6662      0.0006597835056372268
10345     0.0006947289007761866
6231      0.0002728117325919675
540       0.0012045247012821346
5385      0.0006597835056372268
8959      0.0002924289026052946
8361      0.0005332212049547528
4842      0.00032185788560690047
7153      0.00021411425920422786
672       0.0002697952625666703
199       0.0004249522018945419
8101      0.0012480039523034535
2762      0.00017154706061536448
2522      0.0004561740559476728
12107     0.0002759271207159251
10363     0.000664934176148794
11025     0.0015026863482320875
11411     0.0005605541160482334
10289     0.00039635756324914444
4817      0.0004076400919099663
984       0.00039574823841563404
2363      0.0004371081675821291
9747      0.0011683802679983047
8160      0.0002342881580884275
2024      0.0003032600318094057
9814      0.0002991284754409144
6012      0.0013195670112744536
3482      0.00046736471935773213
6973      0.0006240019761517267
10180     0.0005990776905517734
10562     0.0005605541160482334
5330      0.00021833765784684143
8375      0.00034178360631294567
9760      0.00046736471935773213
4417      0.0008626059167762085
3408      0.0005990776905517734
11823     0.00026264822324193436
11680     0.00041419516156156183
1784      0.0005990776905517734
7552      0.0006538245878973188
9221      0.000185754194050721
8452      0.00025993344354781486
120       0.0005332212049547528
7319      0.00026264822324193436
8193      0.0006337123220956631
3469      0.0005990776905517734
1560      0.0001833334051314123
8613      0.00039574823841563404
3592      0.0006437157712138009
11253     0.0005605541160482334
11187     0.00035537973555137156
1046      0.00046736471935773213
6831      0.0016816623481447001
7049      0.0012463474177248819
8386      0.0004076400919099663
11123     0.0006337123220956631
1752      0.0005990776905517734
7553      0.0003712516819851085
3993      0.00030844907811210075
11511     0.000664934176148794
9791      0.0006008942101568921
3785      0.002361500851738965
825       0.0007259693185143431
704       0.0001384541541768064
6079      0.0008874279185398091
3310      0.0010138705113938709
9577      0.00031685616104783155
8828      0.0002859375102500916
10353     0.00022551169271805283
1520      0.00014581100770204124
5540      0.0003851805990425089
4845      0.0003851805990425089
7816      0.0003803071808164857
2158      0.0004461636664135063
3983      0.0005990776905517734
10563     0.0002895232499543509
3661      0.0003517939958471122
5100      0.0006966773519290824
11379     0.0005332212049547528
11418     0.000664934176148794
11378     0.0004212362211483921
9820      0.0003011717977454743
2347      0.0003712516819851085
3261      0.0003298917528186134
10022     0.0004946976304512127
3479      0.0005990776905517734
4671      0.000512020152010527
10901     0.00019887997170884512
6182      0.0013643589400693114
5351      0.0001529140241382671
167       0.00029712817366015095
2261      0.00051149161968348
7649      0.000664934176148794
1247      0.0004800516471585825
1048      0.001329868352297588
8234      0.001329868352297588
4555      0.0006242092594427485
3991      0.0004800516471585825
4722      0.006075741351650517
187       0.0002951691181683709
10167     0.0005605541160482334
6500      0.000512020152010527
1047      0.0009505684831434947
10021     0.00041419516156156183
8318      0.00033866821818898807
5486      0.0008474465711025619
1075      0.003923878812337633
7790      0.000738744432373061
2438      0.003921543738525708
8236      0.001329868352297588
4724      0.00046736471935773213
9045      0.0002697952625666703
11679     0.0002236667643573303
5332      0.0002951691181683709
10316     0.000664934176148794
2708      0.000664934176148794
11978     0.0005280705344431857
6616      0.00015378568919877656
7030      0.0011580929998174037
5654      0.00041419516156156183
4069      0.00014581100770204124
8430      0.0011885126946406038
12103     0.0003483386759645412
9492      0.00024283421427736697
3583      0.0002017376555502894
10117     0.0004946976304512127
37        0.0004461636664135063
6672      0.0003903175703506522
10919     0.0002612811374232948
9992      0.0013195670112744536
3038      0.00046736471935773213
9846      0.00031685616104783155
1580      0.00024283421427736697
11003     0.002144205724270961
2442      0.00041419516156156183
2965      0.0029953884527588667
4869      0.00046736471935773213
619       0.0004076400919099663
1094      0.0002791481351155546
1802      0.0013132411162096716
9411      0.0011437500410003663
7978      0.000664934176148794
4941      0.000664934176148794
6139      0.001329868352297588
8646      0.0012046871909818973
8159      0.00014581100770204124
6017      0.0005550479577921649
2852      0.000664934176148794
10823     0.0006196302029220025
2693      0.000664934176148794
2509      0.0010664424099095056
7973      0.000664934176148794
5328      0.0004946976304512127
5886      0.0004288411448541922
10739     0.00040150823376071154
11980     0.000664934176148794
3312      0.00016894386146863345
6155      0.0004288411448541922
4232      0.0004288411448541922
2302      0.000664934176148794
621       0.0003269122939486594
469       0.0008283903231231237
8685      0.00020246571141310446
2928      0.000664934176148794
9015      0.00046736471935773213
884       0.0006151588989702694
7339      0.00024624814412435364
11053     0.0006654562149631371
171       0.0004946976304512127
6832      0.0005332212049547528
3730      0.0004666601503417629
9697      0.0003756715870580219
8506      0.00027129152695746123
2262      0.0006597835056372268
6042      0.0003244610847536316
9588      0.00031685616104783155
3708      0.00021411425920422786
384       0.00017049720656116
2083      0.0009943768384897778
5893      0.0003011717977454743
8654      0.00033565174816369096
10255     0.002048080608042108
1052      0.0010561410688863715
11255     0.0006773364363779761
7875      0.0015407223961700356
8372      0.00033272810748156853
3440      0.001024040304021054
1211      0.0014215189422054862
8917      0.00029324964227523916
6807      0.0005990776905517734
6789      0.0005605541160482334
7877      0.0013113245027463873
6522      0.00046736471935773213
9688      0.000664934176148794
2467      0.000664934176148794
10138     0.0003670282833424949
8551      0.0005990776905517734
3804      0.0004946976304512127
7497      0.0001674155042468732
7668      0.0004561740559476728
4720      0.000512020152010527
11657     0.0007806351407013043
5719      0.0003712516819851085
4665      0.0003244610847536316
8863      0.0003517939958471122
4167      0.0012874315424276019
470       0.0004561740559476728
10926     0.000512020152010527
6099      0.0007035879916942244
9493      0.00017866936075881733
10637     0.00046736471935773213
8946      0.0005990776905517734
9607      0.0013685221678430186
4267      0.0021061811057419607
6472      0.0030721209120631618
9243      0.001024040304021054
5316      0.0005094521355433984
12062     0.0008230699742936142
2686      0.000185754194050721
3041      0.00033272810748156853
67        0.00020695524699494686
1884      0.0005332212049547528
2866      0.0003244610847536316
5576      0.000512020152010527
2787      0.00024859420962244444
6102      0.00039917275030029736
6064      0.002659736704595176
3406      0.0003851805990425089
3873      0.0004049314228262089
12066     0.0006242092594427485
7494      0.0002547260677716992
9160      0.0002157811585413952
6195      0.000512020152010527
4864      0.0004371081675821291
7528      0.0004946976304512127
8304      0.0002791481351155546
3495      0.0003803071808164857
8381      0.0005990776905517734
10253     0.0003903175703506522
2185      0.00026403526722159286
4566      0.008797489268257176
9283      0.00041419516156156183
5181      0.0002991284754409144
70        0.0005605541160482334
5335      0.0003244610847536316
3660      0.0003298917528186134
3656      0.0002534676278484677
472       0.0004665439796877876
168       0.0006900092414251504
5023      0.0008742163351642583
10154     0.001329868352297588
4913      0.000664934176148794
12031     0.0003193241134454883
10214     0.0005990776905517734
3084      0.00040150823376071154
56        0.0003450046207125752
628       0.0003483386759645412
3768      0.0002951691181683709
6214      0.0005990776905517734
1623      0.0005982569508818288
4970      0.0001252562893944493
3857      0.0001620129168161082
1272      0.000664934176148794
11054     0.000664934176148794
8931      0.00041419516156156183
12244     0.0003483386759645412
9258      0.0006196302029220025
11154     0.0010450160278936236
6185      0.0011555417971275267
6395      0.0004800516471585825
883       0.0004076400919099663
5090      0.0009161855891642637
586       0.000657616027938425
9529      0.0008283903231231237
1695      0.0005332212049547528
8337      0.00029136817831507345
3625      0.0003075794494851347
5334      0.0004076400919099663
5310      0.0010664424099095056
765       0.0010664424099095056
5312      0.0004076400919099663
5287      0.0004946976304512127
10007     0.0003851805990425089
8974      0.00029136817831507345
3030      0.00035537973555137156
198       0.00030981510146100124
12201     0.0004076400919099663
8771      0.0010664424099095056
8770      0.00033866821818898807
6095      0.003081444792340071
3175      0.0007259693185143431
20        0.0009347294387154643
1577      0.0003756715870580219
4644      0.0012865234345625766
8433      0.0003712516819851085
7975      0.0010889539777715147
6173      0.0008152801838199326
422       0.0008424724422967842
3615      0.0004800516471585825
1467      0.0006107903927761758
5387      0.0001299080979878669
7368      0.00019209059657430811
2132      0.0004461636664135063
7915      0.0003756715870580219
10131     0.000512020152010527
5277      0.000664934176148794
9025      0.0003803071808164857
9739      0.0002522256385919176
3626      0.0003756715870580219
9548      0.0005990776905517734
11855     0.00040150823376071154
2055      0.0004800516471585825
7862      0.000664934176148794
9714      0.0003075794494851347
12063     0.00022185697963495227
1245      0.0008923273328270126
1261      0.0003271376230203154
5759      8.858824086970149e-05
2054      0.001329868352297588
3852      0.0002728117325919675
2134      0.0004561740559476728
11080     0.00029712817366015095
