t_index   tf-idf
7497      0.009810977819390478
8382      0.011865009831657697
2249      0.008688285681519798
12208     0.04763202096804555
8259      0.011441347747959164
9913      0.024078040360476262
6743      0.023392546687469987
9747      0.009781439935934525
9791      0.011737980489859632
1252      0.02561565941048605
5351      0.008961153901743832
8264      0.01500233845442514
10289     0.02322756950784409
9221      0.03265701619253253
11754     0.0779336953634907
8452      0.030465532575822095
7424      0.02390267050072484
6579      0.046383723020458026
3340      0.006990506732790953
2443      0.033513342547517144
10303     0.05229266972246505
9142      0.02673296935560016
8874      0.005593201878922497
6942      0.043914885687911374
12133     0.017896941572948074
10246     0.013107445895863547
3656      0.01485385290891469
2137      0.013054164360335886
6964      0.01856858348909792
10799     0.021044539878257686
2787      0.014568258104925557
4104      0.03284990851867275
11441     0.031248129844207367
2205      0.022873610436831168
9824      0.006495637694662043
9220      0.011908005242011388
11181     0.01901425151806218
4138      0.014568258104925557
9264      0.0022652127033097754
8247      0.01195133525036242
7847      0.025389643500152704
6362      0.02738877092543838
4794      0.013945379016145863
5393      0.02082616373340153
11770     0.013438308249790287
5839      0.013161242236807244
10684     0.010814288035473121
2613      0.004638553416098
704       0.008113768445412589
831       0.02813225742515231
963       0.013325822040719705
3104      0.016654505508742222
7174      0.01589837909900712
8907      0.02388875461692892
2166      0.017649439583263628
9143      0.03896684768174535
910       0.0202181554009895
7217      0.006318864816641104
