t_index   tf-idf
8259      0.008217542581407134
1942      0.01675261956634617
11540     0.005942686695196585
5434      0.03021693395006452
7709      0.03632978589987149
11343     0.02586126093745987
5107      0.015679432607965227
1659      0.0209202882154464
3873      0.010226196318997793
7207      0.0024103300914693634
7565      0.012493165020953002
1142      0.023040570273334945
1508      0.0051938144702883
9775      0.009320601842728215
2149      0.027500600178970127
103       0.020090173495715603
11723     0.028014040163297425
10958     0.0019147359110436857
10345     0.004386195863878383
8928      0.007091377146428982
1514      0.008064257030714513
8959      0.003692520756377905
2858      0.011802895757923721
11255     0.008552775830618035
7847      0.016412089997336277
8320      0.011485238885924166
9264      0.005857014061596546
10933     0.007723425462276451
191       0.0068134483159792815
11970     0.004497816781493228
4970      0.003163240324983578
9141      0.008402763421537292
4238      0.010637960037951935
10143     0.006401107883399701
6847      0.01776851221013425
5759      0.004474440320612215
11238     0.004512567730839061
10008     0.01744711135209766
11936     0.005207205006453484
835       0.006632955958225866
11066     0.005407272258687985
8571      0.026932089810477067
5435      0.006497741762738571
8942      0.008712796250150171
9091      0.010139746610608909
667       0.006118151300492343
12165     0.0104601441077232
517       0.010139746610608909
8902      0.011267481321415123
2122      0.008631452289814776
8101      0.003939658885344672
10250     0.00528524170640711
1343      0.007008630428364602
1682      0.004851083519011946
10419     0.01029460143712959
7030      0.007311661743322309
10988     0.005963834658096501
11339     0.00717707972199941
428       0.011802895757923721
3790      0.0053454812810497885
6231      0.006889626683303222
10496     0.00584056843169375
8159      0.003682332133734975
5660      0.012930630468729935
5969      0.006968303142499964
1630      0.009375643305822821
11912     0.002539395152261475
6033      0.003553672773924866
7888      0.001963906013395718
2625      0.004541050690399066
11930     0.004629928148373953
10769     0.004469420982308636
1522      0.008974810890637123
2232      0.009604332174100309
9493      0.004512141701815215
10243     0.0014960000990526115
6312      0.007824115076122854
274       0.00755423348751613
7123      0.002863403510895585
9500      0.005843857557674309
158       0.006160965928808041
9319      0.009166866726323376
1000      0.00906891773759171
340       0.009604332174100309
6204      0.00677624730681371
6631      0.009994282860761674
5053      0.012493165020953002
11387     0.01083001587363819
3682      0.006703532135222711
2443      0.007221106957752313
2169      0.00800193100635159
485       0.0041649547523114
10503     0.005131626568380598
1192      0.0034591953320159408
6681      0.010116712466398357
3266      0.010300598337328937
11033     0.007881935151692826
7140      0.0037441231113731726
2809      0.0037756257568122347
4073      0.0033328810615214422
368       0.0027162398551840586
5274      0.004629928148373953
10910     0.0028418194040844857
3137      0.005428227999114168
6022      0.0041402182752133644
6816      0.004706593360992674
2686      0.00469106309947981
2762      0.004332274110899619
7408      0.006703532135222711
9701      0.0041649547523114
3063      0.007824115076122854
516       0.00771249415850801
7880      0.007767655599980943
8755      0.0052654933066375075
488       0.004127945015578238
10821     0.005648512596007496
2801      0.01083001587363819
2382      0.01029460143712959
3861      0.0039059428688427173
8918      0.004399867792761562
4891      0.004918204455915786
78        0.005207205006453484
5335      0.008193986842037844
2819      0.01029460143712959
6818      0.00717707972199941
8348      0.008712796250150171
3708      0.005407272258687985
11565     0.0104601441077232
