t_index   tf-idf
12093     0.006692331451410342
8326      0.007744840989252089
910       0.002312340353778858
9583      0.0010731936675409447
8278      0.0027321449561883517
11942     0.0033156347049743307
1237      0.00261604342239418
6148      0.0026524416389997994
7008      0.003057436377913215
3321      0.0014462399936843364
2613      0.0015915271251714547
12207     0.001707262251883339
11784     0.002278483957318791
8259      0.005670345364824337
8187      0.0030551330164120217
10426     0.0017332575113561124
963       0.010668473363977946
5334      0.0027321449561883517
10988     0.005539720316574975
9913      0.001376896736156267
6743      0.028091635978061465
488       0.0010955396595596204
171       0.0033156347049743307
9488      0.004685424462718695
9160      0.005784959974737346
3340      0.0047970046201556696
83        0.0013521155770093443
2447      0.0028053628998817802
9529      0.0027760793013165675
11936     0.004145912490475428
10243     0.0015881291374106902
2261      0.0034281938322187496
6578      0.0017696557279617314
758       0.0013478900954818974
11770     0.003073865230157309
5839      0.018062936559606425
9507      0.002656525544885395
6360      0.001089074675827868
9561      0.001965460578944455
953       0.002489977774210691
2744      0.003210942659900201
2249      0.0009936749019920004
2729      0.005121786755650017
10289     0.003984788317328092
2377      0.0025816136630840295
946       0.0012616380819398354
5969      0.001849359045150284
5532      0.004093728570938269
4357      0.005097900655460868
12208     0.006809563114933199
6930      0.0013143685028182434
7497      0.004488306568401509
10544     0.004446076453825011
9264      0.0012953562379630682
12111     0.0015244891491154272
11946     0.0047156901906661285
10673     0.0029567155374391
6361      0.0017597695757943534
4376      0.0009854225779327246
7921      0.0029296501965072027
8388      0.0020185576062970133
12064     0.002350052832983407
8261      0.002038187230178963
4347      0.002387404215396699
11927     0.0056741563491195385
6210      0.003057280845268445
1879      0.0020555942098871914
4937      0.0010105074792404315
11978     0.0017696557279617314
338       0.001587517918486906
10077     0.002249654165478345
2876      0.0013668682544402768
8506      0.001818289691675301
3013      0.003057436377913215
11078     0.002406853534463489
11111     0.002823270919163197
2037      0.0034317362387685023
8408      0.0012051762096220394
11108     0.0019047674922021897
12087     0.001305271270558295
1131      0.004928164340762742
10385     0.001160470458672039
4016      0.002093547069421084
2091      0.002548950327730434
11823     0.001760359279235897
12084     0.0007813916228317669
8382      0.0013569952593391501
6349      0.0013974403057205114
8551      0.004015225987554481
6132      0.003698344716517806
1560      0.0012287639220757854
1985      0.0014869622491369015
1982      0.002249654165478345
6758      0.007646850983191303
5587      0.0014240883540028967
4286      0.0009936749019920004
10401     0.004860332850143268
11226     0.004456618943073515
452       0.004456618943073515
8576      0.004456618943073515
7222      0.001870947398259824
9371      0.0003905563428326606
9769      0.004456618943073515
2045      0.004456618943073515
6756      0.006014587659415337
7774      0.0022698715914103583
2339      0.0032788662887116593
8396      0.002691047120997379
11170     0.0018082612099593108
8101      0.002091138587235735
8917      0.001965460578944455
487       0.0015567309587790168
320       0.004860332850143268
944       0.0012408937255449788
2466      0.0025178809742554516
3342      0.0020764880187364174
2357      0.0018673764067874013
4758      0.0065708857876836555
9796      0.0020918332294082133
6964      0.002123679636583047
580       0.0011119952374316856
10317     0.0034460425920901116
9256      0.0019047674922021897
3021      0.002691047120997379
3033      0.003057436377913215
485       0.0011053618917424683
6535      0.0008963039958172262
3634      0.0011254728924334871
2169      0.002123679636583047
539       0.0011288873533111742
2347      0.0024882572409881685
11549     0.002423152797693664
7475      0.002260482360790478
11897     0.001707262251883339
9202      0.0018559353042292728
10769     0.0011861659791757525
6586      0.0033156347049743307
116       0.0018082612099593108
9563      0.005199772534068338
7888      0.0005212125929979839
667       0.00162373223664093
7494      0.003414524503766678
6871      0.004390123610049467
217       0.0019283552046559355
3117      0.001940485008125129
2738      0.0011220766421003773
9562      0.008100554750238778
24        0.002249654165478345
87        0.002249654165478345
8932      0.0012830810313661292
7165      0.003154815943294214
6607      0.002133901050206401
11027     0.0011357716952589453
6012      0.0022110486834807652
6882      0.0014350678575110343
1361      0.0014295544427407898
1315      0.0021075573722114
1096      0.0034317362387685023
5366      0.0032174722568356017
1880      0.0017244739868851632
7525      0.0014079660896312498
11455     0.005304883277999599
11723     0.002973924498273803
7516      0.0013472730028889842
10345     0.0011640783744310665
5233      0.0023346863457975333
105       0.0015911607180891674
7123      0.0015198710717656918
5735      0.0017244739868851632
10856     0.0032174722568356017
5963      0.0014709948380181872
12171     0.00122061413822115
7128      0.008019450212553781
1192      0.0018361124782841213
1508      0.0013784170368360447
8432      0.006631269409948661
8768      0.005424783629877933
5832      0.0020048625531384453
11937     0.0056107257997635605
1101      0.0018932933902784997
8769      0.0012491105547502552
11835     0.006821492345362403
7847      0.004355701304278397
8375      0.0022907520006693175
807       0.002406853534463489
12244     0.0023346863457975333
2221      0.002990343283249468
2166      0.0020185576062970133
299       0.004456618943073515
7913      0.0027321449561883517
8255      0.0021746504668751464
4534      0.005035761948510903
8174      0.001965460578944455
6403      0.0007354765749308842
11836     0.0021845979267288685
1334      0.001376896736156267
472       0.0015634695976194113
8104      0.0015634695976194113
11624     0.003057436377913215
10907     0.0014929982699504387
6229      0.001674174527691636
3846      0.0016905035102692892
2069      0.001371862753988534
10110     0.0018284786358913245
6000      0.0024328487939362627
4517      0.0037570276604933645
2660      0.001530467631346902
3385      0.0014576116427998237
449       0.0009082967312116999
11884     0.003264167364031574
4891      0.001305271270558295
8086      0.0037570276604933645
6570      0.0017158099698609398
9220      0.014981038852853035
8906      0.002249654165478345
8264      0.0034316199397218796
4322      0.0008593779752626092
2133      0.0019783255705976884
2682      0.0012963021725968847
11757     0.003348349055383272
8452      0.010452983317804063
12003     0.0023578450953330643
8685      0.0013569952593391501
6942      0.01674174527691636
8512      0.0020325536736082016
2966      0.001707262251883339
8908      0.002192589552530589
9848      0.0016504402738891798
9221      0.003734966661316037
11024     0.0010336662287759623
4073      0.0008845329503451336
11739     0.0012449888871053456
5211      0.003539311455923463
10501     0.0015634695976194113
6588      0.001182431097923729
6114      0.0007299631601606397
7186      0.008971029849748405
1764      0.006264880153032826
8646      0.0040371152125940266
9792      0.0022110486834807652
4641      0.004820704838488158
10246     0.004497276157818285
8295      0.0027321449561883517
8695      0.008019450212553781
9029      0.001079498624275144
4757      0.011392912542863506
5626      0.001818289691675301
9503      0.005576690016299913
11238     0.0007984112993957674
1538      0.002583729111674157
7386      0.004456618943073515
109       0.0071546638336320734
10674     0.0027337365088805536
9775      0.004947298925319082
10054     0.019283552046559356
3696      0.0014633745366831555
3736      0.0011462398010365876
3326      0.001849359045150284
6011      0.001644714438657753
3648      0.003573833032035447
2063      0.002710417501052768
8491      0.0010395899498928832
12066     0.004183666458816427
8874      0.0006396917104926023
5186      0.0008395109953402165
10958     0.0005081630497051424
2365      0.0018284786358913245
11077     0.004065107347216403
1726      0.002583729111674157
3583      0.0013521155770093443
4870      0.0022907520006693175
10943     0.0030229148018012303
2085      0.002123679636583047
7538      0.0026524416389997994
3717      0.003057436377913215
7204      0.0025926043451937695
2658      0.005856780578398368
10343     0.0017886659584080184
4794      0.001594926045834864
341       0.0016427214469209139
9047      0.0018820223805038794
8886      0.002312340353778858
10223     0.0040857378689599195
5142      0.00395689897115059
9509      0.002684933953692233
3700      0.002459950561816047
8159      0.000977275830214121
11138     0.0015509358034296922
6579      0.0026524416389997994
2443      0.0038329042796280605
10029     0.002691047120997379
7926      0.0023578450953330643
6022      0.0010987969322780338
2362      0.0021075573722114
8659      0.001524067623425421
3888      0.0005777006595704476
8049      0.0019164521398140303
4412      0.002675393902672521
7424      0.0027337365088805536
10032     0.0014519004347594655
5302      0.0015841242329252838
2438      0.0016427214469209139
11140     0.0016504402738891798
1580      0.0016275589346947865
5764      0.005740271430044137
1610      0.00891323788614703
8044      0.0029296501965072027
5205      0.007073535285999194
11863     0.003136707880853603
10772     0.001475059184294996
4838      0.001057699097087061
6079      0.0014869622491369015
2235      0.0021402207075649953
6311      0.0008330240588228717
11913     0.0017983882148581841
1942      0.0017784305815300042
7972      0.0018284786358913245
10143     0.0016988277520459617
11970     0.0011937021076983494
4970      0.0008395109953402165
467       0.005859300393014405
12082     0.0015771646507779793
2267      0.00261604342239418
6033      0.0009431301643407636
2696      0.0021572029253799736
5799      0.0009482656391737118
10882     0.0020040711495103065
11814     0.001530467631346902
674       0.005980686566498936
6387      0.0010516053144314047
7797      0.0013098036414925206
3597      0.0021075573722114
7256      0.001089074675827868
4739      0.0010638517577815012
9500      0.0007754679017148461
2342      0.0020615039055667896
1694      0.0018932933902784997
3776      0.0014633745366831555
11960     0.0037570276604933645
6081      0.008030451975108962
1520      0.000977275830214121
6696      0.002350052832983407
10881     0.0011975038827398152
5017      0.0037570276604933645
8098      0.003573833032035447
2538      0.0027760793013165675
8881      0.0017886659584080184
3267      0.0021075573722114
4112      0.0024882572409881685
8309      0.0020325536736082016
931       0.0014350678575110343
3790      0.00283733757146631
329       0.001418668785733155
7769      0.0009665731341122157
3554      0.001965460578944455
10052     0.003573833032035447
10205     0.0019783255705976884
8247      0.0013668682544402768
8450      0.001132320221074961
11918     0.0027760793013165675
10094     0.0013472730028889842
