t_index   tf-idf
12100     0.0029085951110798636
11291     0.004308204116765961
10158     0.004822672701454682
1802      0.0026386044581074323
11814     0.011470098072292167
10992     0.0068247873322648
2613      0.0023855417568503998
10933     0.001536197811727514
7317      0.0026666798164292544
7135      0.0022109678322839283
876       0.01681881911895511
7426      0.0015117909568612732
12082     0.007092041484597243
8218      0.003869583556534743
7910      0.004582794746674313
10571     0.002274929110754933
10822     0.0015946085688065576
667       0.004867628067644458
11521     0.0034336106911131313
2809      0.0030039044482769867
2025      0.007609003797061728
7888      0.003124984513623077
8497      0.004161068315379998
11527     0.0063180401224095595
3576      0.003820624447279464
9264      0.004271543954812719
1642      0.016894238666745987
10333     0.006680031031156345
2920      0.0022655251591521307
3730      0.014064418992607899
9583      0.00643444467044329
1682      0.003859543371169944
467       0.0043912558989404665
11694     0.003687222600348449
2249      0.001489420402546251
4966      0.0012780927965761425
6075      0.006018426645081661
7140      0.019362465233101266
3402      0.009165589493348626
10673     0.001107956042051355
10958     0.0007616861536239716
1580      0.002439549875740317
8247      0.004097600657267116
1630      0.007459303025731564
10690     0.004095215077187815
729       0.0027880485879867977
8805      0.0018785114029857986
7694      0.0034023130227293723
6806      0.006018426645081661
10925     0.003869583556534743
6607      0.007996266572751461
5799      0.004264069225822889
11255     0.0034023130227293723
12111     0.0007616861536239716
10393     0.00819043015437563
7217      0.004332935874268185
11080     0.008954986033849779
6020      0.001580808424318864
4073      0.0026516548225731036
5759      0.0008899710967371549
10951     0.02142728903602791
899       0.006680031031156345
11740     0.00993961700568129
2787      0.0024974156751300957
10907     0.0022378567474861523
2131      0.005356822259006977
334       0.006018426645081661
10243     0.0005951121273154344
4782      0.003465969497312486
9500      0.004649398760171649
3668      0.0037740545592136656
6079      0.0022288093492557515
1650      0.003921190360599629
7516      0.002019428984550082
1986      0.004482228833354147
6222      0.004969808502840645
4376      0.004431152954835944
1334      0.0020638320308979654
6233      0.004038857969100164
3776      0.0021934537011382683
580       0.005000312650077426
10891     0.016070466777020932
12171     0.0012197199154092664
7447      0.0027743918851177475
6950      0.002710404714708242
11984     0.0020413723272019522
5033      0.005143658898660048
6668      0.0030465969349467987
9701      0.0016568281542161832
6681      0.00402445045366616
3266      0.004097600657267116
2277      0.003820624447279464
28        0.002353694880488356
233       0.007068353208866593
1608      0.003820624447279464
4700      0.0051438332194288314
11184     0.0051438332194288314
737       0.0017949398857770415
9389      0.004308204116765961
2775      0.005631412888915329
10094     0.002019428984550082
10385     0.0034788608914915627
10479     0.0043912558989404665
8500      0.006680031031156345
6132      0.0018478176532345373
7207      0.0009588346078152853
8160      0.004707389760976712
4906      0.0011742069029807279
10814     0.0034994639293053137
10881     0.0017949398857770415
6361      0.0013188602754854385
10882     0.0015019522241384933
6114      0.0032824277487663047
11836     0.0016372481165154817
102       0.004220803837927527
10630     0.006680031031156345
9085      0.006018426645081661
6387      0.001576252361411468
633       0.003646599730691277
4536      0.0024974156751300957
3228      0.010602529813299889
1325      0.006680031031156345
3857      0.0016276066873987484
6900      0.0026656915529746435
1581      0.0029460310216266336
11844     0.006680031031156345
11074     0.006010181368089757
6678      0.0032864748897271684
8105      0.005631412888915329
1572      0.004588039228916867
10317     0.0010330554056287718
6210      0.0015275205395407173
7552      0.0032842111992073017
6566      0.0022940196144584334
2339      0.0019658785133198696
10030     0.0029653143717530183
2088      0.013006624294849022
10353     0.0022655251591521307
2112      0.0022469907250051795
8918      0.0017502770779996542
4322      0.003864367774477579
5054      0.006018426645081661
78        0.0020714375959738035
5953      0.00430204957724187
6203      0.0029296796316748593
9136      0.004482228833354147
4637      0.01336006206231269
9069      0.0027562291959678463
4985      0.005356822259006977
5312      0.004095215077187815
944       0.0018599769688388472
8566      0.0020638320308979654
2433      0.0060366756804992395
10043     0.0023434862979701946
5075      0.0023233909585419093
6930      0.0019701083932352572
1411      0.005631412888915329
4677      0.0024173513550714695
7597      0.0035005541559993084
9503      0.0050153440761976364
2063      0.0013542159236029213
6871      0.0021934537011382683
1592      0.006680031031156345
1428      0.01336006206231269
8949      0.0023434862979701946
9267      0.002850457195924211
4138      0.0049948313502601914
5582      0.0019979787927057826
11592     0.007548109118427331
7197      0.01336006206231269
449       0.001361446968541493
11666     0.0031354511262778055
2639      0.002695606071501718
3641      0.0030256182142737653
8799      0.005118034530920603
9047      0.002820965414293727
8143      0.003533563394587201
4838      0.001585386338930496
9459      0.009137706542207798
2365      0.0027407086366546887
6090      0.004695217872932293
346       0.007061084641465068
9507      0.001990934529243779
1720      0.0022940196144584334
1955      0.0013760755057030446
11238     0.0005983697870196851
11780     0.0034994639293053137
1842      0.0035341766044332964
1159      0.006680031031156345
3179      0.0029085951110798636
10130     0.005631412888915329
9683      0.003729651512865782
11739     0.0018661152110018586
6727      0.0012948681557291783
7924      0.0027720063050384477
12170     0.004231803883229231
283       0.0027407086366546887
6817      0.0028550580872129523
8830      0.0035341766044332964
7475      0.0022588263297569316
5569      0.002256212954881242
7342      0.003820624447279464
7227      0.0029135699433829676
5763      0.005631412888915329
2877      0.0016617865724672255
5100      0.0034994639293053137
7865      0.005631412888915329
1246      0.006680031031156345
11063     0.0022940196144584334
9152      0.005356822259006977
12093     0.0014330204238184785
2769      0.007459303025731564
9473      0.003820624447279464
10103     0.005631412888915329
1248      0.004095215077187815
615       0.006018426645081661
7990      0.004695217872932293
1043      0.0029460310216266336
4398      0.0051438332194288314
9251      0.006680031031156345
10652     0.006680031031156345
1520      0.0014648398158374296
6011      0.0012326321397413051
445       0.003921190360599629
3935      0.002597981588450261
11912     0.0010101769726578616
1668      0.002462276981978161
946       0.001891070707435094
11913     0.002695606071501718
2670      0.004582794746674313
11066     0.00430204957724187
8091      0.003353636549463266
7759      0.002984995344616593
4001      0.0022198469043756648
9456      0.006680031031156345
4907      0.004969808502840645
2765      0.006680031031156345
12196     0.0024283860833682843
3679      0.006680031031156345
11412     0.0010202775258208265
11057     0.0030256182142737653
11995     0.0020266875242205998
4998      0.004161068315379998
9930      0.001585386338930496
10037     0.002142760725163118
11220     0.0017128411674528843
3383      0.003820624447279464
7608      0.005631412888915329
9791      0.00201222522683308
9163      0.003820624447279464
11293     0.004969808502840645
8901      0.0022940196144584334
4142      0.0037740545592136656
9726      0.006680031031156345
7681      0.003314143301393147
8939      0.006018426645081661
3606      0.003687222600348449
4393      0.006680031031156345
8193      0.003183185740988215
9739      0.0025338975692388026
3173      0.002695606071501718
8592      0.0030256182142737653
1219      0.0028904137353304355
3063      0.0031124501731389816
3908      0.0031124501731389816
8499      0.004231803883229231
6249      0.003570199497154548
4620      0.0020868329840367894
10201     0.0026248705036524844
4930      0.002804365111237802
6232      0.0018974128793856173
6513      0.003921190360599629
9429      0.0032334338354047076
453       0.006018426645081661
11178     0.002681033370624766
8822      0.0011477323543432152
8398      0.006680031031156345
733       0.0035341766044332964
9245      0.003729651512865782
6670      0.005356822259006977
1606      0.006680031031156345
11159     0.005356822259006977
5323      0.0043912558989404665
199       0.002134567598747199
9581      0.0016818819118955106
12051     0.018055279935244986
8648      0.005608730222475604
2631      0.0023037099856783347
3887      0.0043912558989404665
9364      0.0026248705036524844
4423      0.004969808502840645
9509      0.00201222522683308
8905      0.0051438332194288314
8329      0.004095215077187815
2345      0.006018426645081661
4794      0.0011953182013839311
3660      0.003314143301393147
6347      0.003729651512865782
7201      0.0027562291959678463
324       0.00201222522683308
2919      0.0031590200612047798
