t_index   tf-idf
485       0.007318998156974401
667       0.02150262884250707
11859     0.011193431009744225
6033      0.006244803612431075
6020      0.006983182845292068
9849      0.007878906937499645
368       0.004773198192119559
9267      0.006295912738570466
2625      0.007979904611283794
5274      0.008136087328695975
3653      0.006709798603184237
1520      0.006470894332097383
4549      0.015771269623352614
6817      0.012612149802736828
2809      0.006634837494980722
11552     0.0066163036133561485
2025      0.016806294794481
8755      0.018505908514590073
8143      0.007804715264743574
12176     0.006400027936548845
7358      0.04048876912110315
1704      0.05901774988691528
7903      0.05901774988691528
8874      0.004235628607339366
11970     0.007903930460682274
4970      0.005558703872058521
7887      0.018301050605205448
9264      0.003430807589478883
488       0.007253961629317097
103       0.008826022822146902
10821     0.00992602698910055
8259      0.0028881071985139635
1942      0.0058878138670071
5107      0.009184392563241767
11965     0.02950887494345764
8769      0.008270809692618194
5387      0.0057651448145877625
10740     0.009357933570714624
3774      0.009576074521288518
10243     0.005257786755893644
2762      0.007613025379347873
2063      0.005982215973197371
4016      0.013862127197526015
6681      0.008888956099117003
3266      0.009050525723575424
8028      0.006824799857549587
4782      0.01531083612890467
283       0.0121070138803678
2613      0.0035126909364625626
1900      0.01268951805197251
5434      0.013274915157673976
7709      0.01276833252014901
2686      0.00824351865054219
9493      0.007929103378918
12005     0.00858328234670947
2013      0.012536175652135308
12111     0.003364730096105894
2249      0.00657947847726742
8379      0.010489055600534402
5342      0.009845711203022979
580       0.007362919921635044
4364      0.021954008434878575
7475      0.007483732864364592
3117      0.012848648306226581
8908      0.01451792305656176
8822      0.005070079817729736
7847      0.009613554335009275
10194     0.013649957898995636
637       0.028342340243870424
8954      0.017818389674953517
5160      0.023663632309205578
587       0.007613025379347873
4673      0.010133775966782398
10345     0.007707781081184342
7426      0.003339149928989705
9371      0.002586013842833733
6616      0.006824799857549587
28        0.010397390006040796
9930      0.00700340567197452
1165      0.009429400557572578
634       0.011248548804809182
6914      0.01451792305656176
6132      0.008162689633220529
1110      0.009728035157626344
7217      0.004785159764058311
11863     0.006923089885896948
