t_index   tf-idf
4397      0.009301883318038252
3565      0.00695492911670413
10231     0.01856858348909792
7972      0.01598746704715235
8592      0.017649439583263628
8259      0.0038137825826530546
11532     0.035107488762976355
7207      0.005593201878922497
12191     0.013850932395577482
4906      0.006849540267387579
7123      0.006644564557334627
9500      0.006780373191916987
159       0.026146334861232527
7217      0.018956594449923314
11859     0.014781069153893014
2809      0.017522775948282422
2025      0.00739764258047668
10718     0.031111264525007967
485       0.009664830899594402
6505      0.015724368750426685
10822     0.009301883318038252
1192      0.008027107116601094
774       0.01856858348909792
8769      0.010921710235124026
12093     0.008359285805607792
337       0.010571413732415888
1335      0.02899054959990376
4999      0.014781069153893014
2166      0.017649439583263628
5435      0.015078093064816427
10988     0.006919577391765812
6166      0.008986636225276054
3873      0.011865009831657697
6020      0.009221382475193373
11238     0.003490490424281496
5434      0.035059391313856915
10008     0.013495415191152464
5759      0.005191498064300071
10424     0.017771815453856327
758       0.005892699007170859
4347      0.010437241505772746
10910     0.006594478360760153
4966      0.007455541313360832
7340      0.022572570746452667
5186      0.007340339728487534
12165     0.024272898506383322
517       0.02352941200666939
4749      0.016756671273758572
2061      0.02228697594246354
7170      0.02513119068113477
2309      0.02388875461692892
9541      0.01531174460463949
6459      0.01949872024741346
11884     0.007135135071376709
3844      0.01886169737319413
5956      0.014363282394872605
8091      0.01956287987186905
6231      0.01598746704715235
3126      0.035107488762976355
3571      0.012845995144045044
7113      0.03896684768174535
1955      0.008027107116601094
6250      0.030005693780001518
6079      0.013001387870658548
12171     0.0035575164199436937
2377      0.022572570746452667
11022     0.013107445895863547
10763     0.031248129844207367
727       0.031248129844207367
11863     0.00914202895188956
11827     0.015078093064816427
10385     0.010146677600183724
