t_index   tf-idf
4406      0.04040977833985154
4305      0.002010824549544463
1451      0.03457652752227204
11540     0.004453939096606964
7709      0.008168560556368621
3419      0.0012358889236266846
9045      0.0025532798037106626
6681      0.00379114897809131
3266      0.0038600585901791672
11723     0.004199206020336923
2729      0.0024106684384770957
8956      0.005669532346816058
485       0.0031215602905522296
10822     0.0015021674923540037
1192      0.0012963030126188102
7140      0.004209231572413318
2809      0.0014148825299855373
3861      0.002927435442072596
8605      0.002706046292656664
213       0.005586824178665108
4027      0.009420878905942976
8104      0.00883052807930798
2442      0.003919846963763766
7645      0.008444778961391874
8261      0.0028779372484100474
1527      0.012305542333418053
2613      0.0014981663207273043
9488      0.0033079290720229295
2639      0.020314712422911496
9374      0.003435202644854102
758       0.0009516159887356667
8034      0.006622571404711169
2447      0.00792239129490424
2417      0.005864036558087937
8654      0.003176530312331742
1538      0.0054723703545396735
6114      0.004122856109561542
2069      0.0019370815698140382
1798      0.0015423351822247294
4937      0.0028536898585588997
931       0.0020263276994255184
7049      0.007863428635500946
112       0.004845639989317016
12093     0.0013499467760608856
3569      0.00689438008361394
10958     0.0007175304345733067
7123      0.0010730352701285733
10094     0.0019023606376196425
7475      0.001595909906893484
11766     0.003095954606264724
9264      0.005487161206775232
4400      0.0070268796619210394
7295      0.003919846963763766
2738      0.004753144533617747
11675     0.004473593071863535
8259      0.0024635614198504205
2524      0.0020263276994255184
9729      0.002179383819689218
11158     0.0023195362873707315
8959      0.0013837396623279522
11970     0.0016855172618018101
4970      0.001185396477892397
4597      0.004543097472384846
9824      0.001048984969324305
5646      0.0029536858435950347
8519      0.006402571101951674
6017      0.002626422582886114
6566      0.004322065940284005
11412     0.0028833930077545094
10243     0.0044849029884641445
4412      0.0018888391735224215
12025     0.003799780820952821
4146      0.0023195362873707315
7689      0.0029986532342642608
8106      0.0070349755366071335
2232      0.0035991389720748572
5559      0.002757440875938304
3207      0.005046281838194979
7180      0.0030220093634768675
1017      0.00399116835521162
4322      0.00121344881807267
1648      0.0028502200569245615
8048      0.0019091983923817243
5436      0.006895140729973395
9898      0.004423031329573899
426       0.006658593602555486
6847      0.003329296801277743
5759      0.0016767571387801472
10910     0.0021298936320467577
5434      0.002830882528448074
10008     0.002179383819689218
11936     0.005854062771230314
835       0.004971283761651685
11066     0.0020263276994255184
8571      0.005046281838194979
5435      0.004869943101679841
8918      0.004946435220433806
10612     0.004136690339581599
4789      0.00336323141036298
9091      0.003799780820952821
517       0.015199123283811284
8902      0.004222389480695937
2122      0.0032345607959761383
4268      0.003799780820952821
10408     0.003435202644854102
11927     0.0013353259593166065
10718     0.002512089682143501
9553      0.0026733459465216086
9930      0.0014934798844997426
1165      0.002010824549544463
1607      0.0016086191085832458
3653      0.0014308680251096822
11033     0.0029536858435950347
4896      0.0018755180347948648
9775      0.001746406763492554
9701      0.004682340435828343
8143      0.0016643595699142614
516       0.0028901893223394408
7880      0.0029108605871564198
12113     0.002151996105954735
368       0.0010178869850689745
9267      0.0013426066502541575
43        0.005046281838194979
3179      0.0027399809017419007
7902      0.006593192910285374
4376      0.0013914248408905137
10673     0.0020874534125605243
8491      0.0014679096186893301
11001     0.0012358889236266846
8874      0.0009032499928694717
226       0.005222093367836736
4165      0.004639072574741463
10916     0.004845639989317016
667       0.00343908504779228
12111     0.0028701217382932267
5154      0.005304954170717339
4754      0.0024349715508399203
1580      0.0022981266945379802
8706      0.0023087677704228893
10833     0.006510484742134424
4419      0.004750805451286364
10772     0.002082795784035585
10544     0.0012555793546619699
4347      0.0016855172618018101
5142      0.0018623913722047635
12016     0.0029108605871564198
8296      0.0029758884634537783
11884     0.0011522578376136302
11220     0.0032270920546213764
12084     0.001103331442590611
3888      0.0008157181155839448
4843      0.004136690339581599
6824      0.005304954170717339
11323     0.0043171254859975415
4210      0.0024349715508399203
8113      0.0025532798037106626
10650     0.003693874977376462
10933     0.004341428598360365
11185     0.005046281838194979
6794      0.006292782855437138
6588      0.0016696025026583506
7775      0.0029536858435950347
6814      0.006292782855437138
1617      0.0016801809825309807
5395      0.0018689307495232514
2270      0.0019658571588752364
7030      0.0027399809017419007
7557      0.003986481918984059
4787      0.0017126842955945743
3591      0.004423031329573899
10224     0.003645259872097947
495       0.003693874977376462
5963      0.0006923522978111826
11912     0.0009516159887356667
2779      0.0028502200569245615
6388      0.0022669388137183614
6458      0.0022981266945379802
3689      0.006292782855437138
6073      0.0020185427121101837
8917      0.005550493229151629
5799      0.0013389589356448686
167       0.0028119521362330226
8160      0.0022172488004600457
9250      0.0043171254859975415
7160      0.0032345607959761383
104       0.002198117005977825
2205      0.003693874977376462
5181      0.002830882528448074
103       0.0018821539351576214
10821     0.0021167303931208217
10032     0.0020500954379005292
6648      0.0023414681165579453
4016      0.0029561057998864996
3310      0.0023987588548557886
8943      0.005046281838194979
367       0.0019300292950895836
6022      0.001551510368144139
6521      0.002387004956529307
2685      0.00198059782372606
2357      0.0008789169837329245
7883      0.006658593602555486
6672      0.011081624932129384
12027     0.0038578113045972173
11739     0.001757934619059722
4137      0.0014595452754145057
9359      0.0015748664973567457
4069      0.0013799215656439556
6616      0.001455392102127552
9600      0.0013353259593166065
5186      0.001185396477892397
1508      0.0029195044072117464
10415     0.0021887016276119437
320       0.0022876100785353404
8488      0.005046281838194979
11455     0.003745269560658102
11835     0.001204000460542743
1710      0.002689547473461477
5319      0.0038578113045972173
7916      0.004423031329573899
1659      0.003919846963763766
2796      0.005304954170717339
10223     0.0019230319024366217
7888      0.0007359564977735509
8450      0.0015988455295509803
9090      0.0024106684384770957
564       0.001895574489045655
6706      0.0035134398309605197
12196     0.004575220157070681
9422      0.0038578113045972173
8330      0.003148861654861801
7882      0.005304954170717339
11414     0.002539339052863937
3981      0.0028901893223394408
11785     0.002539339052863937
10882     0.0028297650599710747
984       0.007490539121316204
5203      0.0032345607959761383
4582      0.003148861654861801
6753      0.0030220093634768675
10351     0.002512089682143501
11423     0.003919846963763766
1942      0.0012555793546619699
6825      0.005669532346816058
8642      0.0043171254859975415
9202      0.002620596019636365
6513      0.007387749954752924
4049      0.0012655886649013423
2686      0.001757934619059722
9493      0.0016908853996450393
2866      0.003070624468755383
1781      0.0032050774851798435
8942      0.003265043729352342
9538      0.002626422582886114
5601      0.0029108605871564198
6099      0.003329296801277743
8495      0.0023987588548557886
11370     0.005669532346816058
8147      0.003986481918984059
11910     0.0016385938981663159
4794      0.002252048785216102
11901     0.0028119521362330226
3385      0.002058159710951304
8882      0.00198805977873398
7368      0.0018179008632322202
5209      0.002179383819689218
398       0.0030220093634768675
8822      0.0010811971453957825
10947     0.0035134398309605197
3857      0.001533252676535053
7227      0.0013723336689847312
11196     0.0017071848263528766
6241      0.002539339052863937
3027      0.004423031329573899
1520      0.0013799215656439556
3692      0.0015939982918389667
11053     0.003148861654861801
10659     0.0038578113045972173
2658      0.0016539645360114648
9371      0.0005514687905007755
2210      0.0019091983923817243
9697      0.0035552687876650477
8912      0.004058453153475181
904       0.004423031329573899
11744     0.003745269560658102
4377      0.003645259872097947
3341      0.002352637954832699
11784     0.0016086191085832458
49        0.0029108605871564198
12012     0.0017696121912185061
12045     0.001843053843728276
2144      0.002830882528448074
12064     0.0016591470311539168
6232      0.0017874179298560165
7111      0.0043171254859975415
7601      0.005304954170717339
337       0.0017071848263528766
8418      0.0019441895943241704
110       0.002010824549544463
4073      0.0012489678512119693
6570      0.0024227378870500227
3631      0.003693874977376462
6422      0.004423031329573899
1505      0.003176530312331742
11729     0.002596447793303044
6246      0.0027752466145758146
2063      0.0012757106526694187
10992     0.002143049162305372
1275      0.005046281838194979
10378     0.004543097472384846
5689      0.005669532346816058
9164      0.005669532346816058
