t_index   tf-idf
1192      0.019265057079842628
11859     0.03547456596934324
5197      0.04357430242394575
11723     0.031203330889580518
6681      0.02817115317566312
3266      0.02868320460086981
8349      0.021179327499916356
10243     0.004165784891208042
2762      0.024127434279164032
1955      0.019265057079842628
6403      0.007716846524659432
3378      0.014885109413384797
2230      0.03137560183347904
11913     0.018869242500512026
8160      0.016475864163418494
7920      0.018666758715004783
4562      0.01640440408579136
8769      0.013106052282148832
7322      0.017651069484394717
186       0.03773848500102405
8408      0.012645079614803552
1454      0.016694947842104804
6880      0.011129904211064915
7254      0.033758708910182775
10712     0.022634036847832956
9542      0.042128986515571634
6528      0.037497755813048844
3049      0.02674437113095625
10068     0.014553729754060033
5724      0.022282300186917507
7702      0.024035274837791918
9783      0.037497755813048844
6060      0.03600683253600182
1617      0.012485037147114825
7924      0.019404044135269135
8822      0.008034126480402507
5569      0.015793490684168694
6210      0.010692643776785022
5342      0.015601665444790259
368       0.007563683289050994
9264      0.0027182552439717306
443       0.012685696478899066
1520      0.01025387871086201
2613      0.0055662640993176
11552     0.010484296495010514
2025      0.008877171096572017
7475      0.00395294607707463
7140      0.010425942817823759
149       0.01876723359437336
8755      0.014662373669252137
10345     0.012213868482492113
12176     0.010141582730223557
5435      0.018093711677779713
4268      0.02823529440800327
11936     0.014500063171816626
835       0.01847023120675203
