t_index   tf-idf
7140      0.017187695587354387
3653      0.02504019043941944
3643      0.017527755649819055
2822      0.0074085563759228755
12045     0.0032253442265244825
3117      0.0047949665780483266
11033     0.00516895022629131
11552     0.007407383393213949
2025      0.0062719143617084895
5759      0.0029343249928652573
1110      0.02178233959207638
7597      0.005770841090506107
110       0.00351894296170281
3583      0.0033410971866680173
2716      0.00675116978304513
103       0.009881308159577511
128       0.005057831314094021
11651     0.0060116046284946776
1898      0.03101370135774786
9264      0.011523038534227988
4137      0.01021681692790154
331       0.003505551129963811
10223     0.003365305829264088
11691     0.004543783638280326
1917      0.009356710812825629
10822     0.007886379334858518
1798      0.002699086568893276
7135      0.003644892622062273
7425      0.0017330171577068158
5363      0.00695820922556893
635       0.003492272310810168
8262      0.0034660461915206053
7426      0.006230660193585863
9267      0.004699123275889551
10317     0.0017030442375401856
6816      0.015432851419196994
8267      0.010835841121926534
2877      0.005479078916468026
9596      0.006428447643428121
1171      0.005545335289220705
8708      0.010059464857275003
3634      0.0027810598284044863
3861      0.0025615060118135214
11835     0.004214001611899601
2809      0.0024760444274746904
4937      0.004993957252478074
2411      0.00971336315101535
3724      0.005660481392958242
3326      0.004569793002871353
638       0.00795042057667348
2625      0.008934023640893813
4047      0.005131031988326945
1726      0.003192216040148143
10253     0.006464281210408808
9824      0.0036714473926350677
5802      0.0030662663797886795
5299      0.0034275088188909495
9701      0.008194095762699602
338       0.0013075932613624032
3596      0.014665413468995907
2561      0.006132532759577359
5004      0.012470864309626703
2144      0.004954044424784129
1520      0.002414862739876922
3663      0.013719464373173182
10067     0.007760370801610159
10684     0.0030562118361119692
5351      0.002532500015710213
2145      0.022435542396258903
11884     0.002016451215823853
735       0.006464281210408808
11958     0.0026674567454914792
8640      0.005899310416306335
11240     0.006078573489704871
9855      0.005947369965594564
11549     0.0019958818937525105
667       0.004012265889090994
10147     0.005769043796499702
1978      0.010835841121926534
1637      0.008830993216841212
6994      0.03391947992521911
3730      0.007728636040623907
7342      0.018895479603393
3312      0.0027979796767142154
8822      0.0018920950044426193
2249      0.0024553850839077692
115       0.00423979130233754
2164      0.00351894296170281
5274      0.0030362934596220494
10933     0.005065000031420426
2591      0.00795042057667348
7868      0.00795042057667348
10145     0.002806508319444205
3935      0.004282904430235031
4749      0.004735581012149162
786       0.005417920560963267
3970      0.005057831314094021
4124      0.004327232170876378
6727      0.004269311672875189
6580      0.003897196709531094
3694      0.005022469584785484
3049      0.006298493201131
7552      0.0027070943761581924
8648      0.0046231381362797095
11108     0.0047067080785575845
4316      0.004493020180154186
12111     0.002511356521006573
8805      0.0030968213346323856
7097      0.003006880813889515
1630      0.006148519704180909
7148      0.0044198195059212625
10988     0.001955532741151208
10910     0.0018636569280409128
5223      0.005417920560963267
4729      0.004888471156331969
6184      0.004888471156331969
12181     0.002978007880297938
540       0.006649616436667436
4906      0.0019357396407834464
11115     0.0043049122118009485
8028      0.002546936178723216
1713      0.004040343598240056
2637      0.00259105675318277
11005     0.004117116420957223
4840      0.00516895022629131
368       0.0017813022238707052
1192      0.0022685302720829178
5747      0.007740304826754325
11065     0.006221720378413833
4970      0.0020744438363116944
2113      0.00516895022629131
9360      0.003931781194698595
515       0.0043049122118009485
232       0.0028854205452530533
4016      0.0017243950499337916
11165     0.004396156943751126
10740     0.003492272310810168
7520      0.00795042057667348
3004      0.007102293018581567
1649      0.003329131115834374
967       0.002079823433796083
2063      0.0022324936421714825
9930      0.0026135897978745493
1165      0.00351894296170281
8418      0.003402331790067298
332       0.005247643159962456
11859     0.004177258673926287
8143      0.0029126292473499573
118       0.002940316719429216
9589      0.002414862739876922
4838      0.007840769393623648
1743      0.002731365254233201
10387     0.00582626940223605
966       0.006554221731151678
5181      0.004954044424784129
3037      0.004396156943751126
3537      0.008986040360308372
4896      0.003282156560891013
3791      0.018072788835911353
11989     0.00852240042793972
5272      0.0038801854008050796
