t_index   tf-idf
893       0.07116362417074963
5406      0.04479603330967098
12084     0.019449236743476823
5956      0.00817763523211725
11409     0.04603149156176983
10800     0.01057189424926743
212       0.008415499226304052
4137      0.005145696116972308
2252      0.02371446381321634
12111     0.0075890627715089155
3419      0.004357185037311595
9849      0.005923557770528931
11912     0.006709934635902584
11826     0.03203381137462599
9703      0.03301113677069333
3785      0.01313189828868468
6579      0.03961237659411379
9264      0.0038690494348502737
213       0.01969661371018428
6305      0.044371009039067696
8640      0.005942371076279374
4966      0.004244760747752882
7174      0.01810326379157015
11863     0.010409901580253806
3334      0.022185504519533848
10777     0.022185504519533848
2142      0.019988205281110626
9583      0.005342467746444702
8148      0.016016905687312996
2813      0.007956380383439595
5107      0.006905054262875197
717       0.010189499581678465
11835     0.004244760747752882
1017      0.007035526699150411
5569      0.0074932620034377
9500      0.0038603584596315693
4839      0.010262377106544165
11805     0.02763921289777955
6607      0.005311388745404254
11784     0.011342525977309602
7411      0.007227708733620113
7670      0.012534268791549036
4286      0.00494661520553682
3239      0.017790906042687408
12087     0.02599109508089802
1399      0.011809710916757128
163       0.017083533684964368
2809      0.004988235488927113
11552     0.004974301256756812
2025      0.004211796505672855
7140      0.00494661520553682
9701      0.005502604453783674
667       0.0040415525014201245
10933     0.00510197083456948
12176     0.004811699835507526
10401     0.016130155736241887
687       0.011101461162760947
10684     0.0061570399034080545
1349      0.007885932312810536
5963      0.007322762624294917
9775      0.0061570399034080545
8874      0.003184450704787991
8338      0.010914934852743514
8933      0.011511066578665555
11910     0.005776940531491463
9707      0.015593606804264186
4842      0.010738776606636073
9862      0.014054531145031388
3776      0.007284827985532205
2456      0.009980410665988464
11084     0.009368899733603253
11891     0.015593606804264186
11590     0.012534268791549036
10099     0.007256139710872115
4016      0.00347396375023158
6009      0.005741321811651415
6002      0.019988205281110626
2093      0.008456938152520773
7424      0.006804409850571305
1214      0.013819606448889774
7892      0.015367042115472879
12171     0.0020254473047854604
4620      0.006930722684209775
8558      0.007885932312810536
10059     0.009784263611971666
724       0.013819606448889774
3254      0.012245885278529519
445       0.013022931489582707
2613      0.0026409282223039707
7199      0.00825495693647801
4982      0.01862753468048467
12140     0.018307799768837518
1091      0.022185504519533848
2057      0.010914934852743514
5057      0.022185504519533848
7524      0.014054531145031388
