t_index   tf-idf
3653      0.034555462806398825
12176     0.03296014387322656
4794      0.027193489081484435
337       0.041228513556421965
10798     0.08920708070364156
9848      0.05628001333962103
6681      0.04577812391045257
3266      0.046610207476413444
9903      0.12811464322282373
4937      0.034458305042098715
11022     0.05111903899386784
12082     0.0537813145915291
8159      0.03332510581030153
5434      0.06836581306202098
7709      0.0657569124787674
10516     0.07671320704281157
3318      0.08122203856026597
7227      0.03314185810598126
9600      0.03224812191749604
2613      0.0180903583227822
