t_index   tf-idf
2441      0.002092218526707678
11552     0.0009919640060781418
2025      0.004199535089353574
6150      0.0015322305457203672
9904      0.0023406846506799856
4673      0.0060773154269495614
368       0.0021468970034424217
5387      0.004321760668868556
6453      0.006324670358732043
10008     0.0030644610914407344
10595     0.002671461625211372
2675      0.0019025041620861262
11872     0.0028602889893440016
8143      0.005850696304720438
4137      0.007183002294288855
1334      0.0013668756536514908
9972      0.002802723095879622
3074      0.0022332811366175126
10049     0.0024701476540814134
3497      0.0015866435408023647
9471      0.0012868676589680864
1970      0.0023406846506799856
1110      0.005833989061051025
5759      0.002947138639122311
9267      0.003775714771893788
12113     0.0015129754282039842
1171      0.0022278202908659604
2625      0.0035892147378263355
3970      0.004063934330975109
4316      0.0072202245689814
9162      0.0017951006480236536
4906      0.0015553541218522016
7140      0.005918657494834448
9264      0.005143714435463246
9701      0.00987585340831917
12111     0.0015133938860214283
8859      0.0020177607065513734
10259     0.002530283562681746
9583      0.0010653829421585505
8805      0.001244137828760609
7097      0.0024160090382343707
7475      0.0014960203494023348
3445      0.002755874939589373
8595      0.0020766088245362468
11238     0.0007926004456883746
12063     0.0014761401075856868
10812     0.002853322959430149
3203      0.002853322959430149
10145     0.0022550110514311518
118       0.004725050448689745
1734      0.0031940554281832323
587       0.003424199188090965
2215      0.003109642113805231
10572     0.001565686014309435
7367      0.004424183579586808
4711      0.0024701476540814134
10525     0.0031940554281832323
12181     0.0011964049126087786
7822      0.003291503448024008
11986     0.006813519984978512
6950      0.0017951006480236536
9465      0.0030351842936489266
2396      0.002802723095879622
3653      0.005029907249839712
3228      0.0023406846506799856
5186      0.0016668020344163834
8558      0.001572594944476046
6249      0.002364542607285763
2809      0.0029842282182664386
9930      0.0031500034245125572
407       0.003109642113805231
11937     0.006962363528818683
2915      0.005242642045584636
667       0.006447658721333999
485       0.0010973170453687968
12084     0.002327113916031725
11927     0.0018776199078600316
7525      0.005590875534954949
4518      0.006603606030328275
1192      0.004556873035625075
3643      0.002816687370800617
8495      0.0016864636490470828
2822      0.0014881816300980448
10933     0.002034847174195106
7597      0.0034776247619643787
128       0.0020319671654875546
11652     0.003291503448024008
1898      0.0020766088245362468
1798      0.0021686983784994012
7135      0.001464323673492267
7425      0.0006962339672883278
5363      0.0013977188837387372
635       0.0028060179265898292
8262      0.0013924727057637368
11863     0.0010379596189918278
2074      0.001638428335942388
2347      0.0024701476540814134
10501     0.0015520906340268392
11898     0.0030351842936489266
28        0.0015588517767426522
6696      0.002332949100574503
8918      0.005796041269940631
7426      0.00150188839600847
9371      0.0007754277316211778
10503     0.001352000595162865
1195      0.0056049749497975795
1121      0.002061375296620432
1165      0.004241171429825221
7227      0.0009648284747010556
11016     0.0019902711226206984
9042      0.003980542245241397
4001      0.0014702042816461829
4896      0.002637191297833827
6132      0.0012238093627681434
12176     0.007676307161159023
9507      0.0013185956489169136
4397      0.0021122180460174203
2185      0.0017567761375107728
8390      0.0015257467881857967
6196      0.002853322959430149
10544     0.0017654871275159577
5302      0.001572594944476046
448       0.0036101122844907
11549     0.002405517042251934
9814      0.003980542245241397
704       0.0018424277692639943
4549      0.004729085214571526
11662     0.0037590279248033097
4794      0.000791659070785573
8755      0.0013872697066978003
10821     0.0029763632601960896
8389      0.002853322959430149
11005     0.0016540380381138188
6361      0.0008734809684801667
12107     0.0018358993723325964
6727      0.0025727729731736945
9824      0.0007374959828000573
232       0.004636833015952505
4016      0.004156620382373156
867       0.0021766318410856795
9360      0.0015795802179575144
515       0.001729484382033569
6704      0.004424183579586808
7924      0.0018358993723325964
6721      0.0013093668599343533
737       0.0011887884250779534
1560      0.001219820953210605
9311      0.001711923230066494
9090      0.0016948367624227616
1340      0.0037590279248033097
3378      0.005633374741601234
12016     0.002046500238131806
9656      0.0022138284997063316
7287      0.0021082234529106814
5030      0.002141502758528591
1339      0.002141502758528591
4027      0.0011039021134329108
9493      0.0011887884250779534
6535      0.000889780677070376
3974      0.003109642113805231
4513      0.0014881816300980448
457       0.0016157135276009382
9552      0.0024701476540814134
9202      0.0009212138846319971
4838      0.0010500011415041858
513       0.007301800781166638
12093     0.002847267654311824
8382      0.0013471190201882102
2149      0.00241514247083629
11412     0.0020271889705173627
10243     0.0015765707011849938
7774      0.002253351419711593
2744      0.0015937866768936952
5435      0.003423846460132988
11912     0.0006690400619495299
2626      0.001914320596179546
1900      0.0038050083241722523
5542      0.0029685795038953966
7709      0.011485923577077275
10820     0.0024701476540814134
11325     0.003406759992489256
423       0.0020038665029032945
6871      0.0014527240669838604
6859      0.00483028494167258
9655      0.004424183579586808
6607      0.0021183704748773883
2088      0.0028714284590763244
6114      0.0007246504734054676
6403      0.0007301237614306595
967       0.0008355622528787756
3518      0.004424183579586808
7092      0.004424183579586808
12177     0.004056001785488594
1676      0.0031940554281832323
2093      0.0016864636490470828
7204      0.0012868676589680864
2154      0.003986003090992949
7049      0.001382109181567306
8450      0.0011240791714310385
8028      0.0030696698049240503
7888      0.0020696767884985446
1607      0.0033928516569681558
11138     0.0007698240305233261
11339     0.0018909045555777196
11884     0.0008101026718593645
6033      0.000936266043785154
8917      0.0019511559167978434
2357      0.0012358570688297016
7708      0.005816656285350545
6088      0.004591022187124254
9594      0.0022138284997063316
6026      0.002853322959430149
3234      0.0029083281426752726
9600      0.0009388099539300158
10903     0.001231862475722963
10988     0.0007856288741742844
2790      0.0021766318410856795
1879      0.0020406335533377945
5802      0.0036955874271688885
5248      0.0031940554281832323
2461      0.004424183579586808
774       0.0021082234529106814
7467      0.003729683936617867
1134      0.004424183579586808
10077     0.0022332811366175126
3500      0.001914320596179546
534       0.00354782260239909
8259      0.0008660117654932701
1942      0.0008827435637579788
2996      0.002253351419711593
3774      0.0028714284590763244
2762      0.0011413997293636552
7887      0.002743825636588299
7516      0.0026749350450372264
4782      0.002295511093562127
283       0.0018151709311177342
5308      0.002364542607285763
580       0.0011039021134329108
3583      0.0013422748522858411
3634      0.0011172816777869552
11913     0.0017852995087820694
10673     0.0007337991253760795
10947     0.0024701476540814134
9500      0.0007698240305233261
10186     0.0031940554281832323
9459      0.0015129754282039842
8592      0.0020038665029032945
5472      0.003109642113805231
4848      0.0022332811366175126
8160      0.0015588517767426522
4960      0.0017475473485282123
4536      0.0033080760762276376
5299      0.001376990442523875
710       0.002597003805055067
9025      0.0025303990153015374
1955      0.00182274921425003
6887      0.0027122603495203144
471       0.0018573306049682679
2063      0.0008968970090819931
11970     0.0011850143194327136
1963      0.0020319671654875546
1058      0.002802723095879622
4233      0.002671461625211372
5004      0.001670042964316822
9349      0.002295511093562127
5432      0.0021949566261046318
5284      0.002597003805055067
539       0.0022413425762975864
10112     0.004424183579586808
7816      0.0025303990153015374
1248      0.0027122603495203144
1985      0.0014761401075856868
7880      0.002046500238131806
5720      0.0024701476540814134
773       0.002597003805055067
10195     0.0024995557852142913
8187      0.0007582244240149196
8928      0.00186832498326586
3037      0.0017661416542580945
4069      0.0019403263936128982
5707      0.0031940554281832323
9640      0.0023406846506799856
5953      0.002849246808799201
2236      0.0020038665029032945
1584      0.002853322959430149
6914      0.0021766318410856795
3369      0.0018909045555777196
1454      0.0015795802179575144
11930     0.001219820953210605
11558     0.0021082234529106814
6989      0.0009286951650576318
8920      0.001572594944476046
3165      0.0024420469914971533
672       0.0035902012960473072
3137      0.0014301444946720008
4255      0.0031591604359150287
331       0.0014083436854003084
10340     0.002597003805055067
9477      0.004424183579586808
4269      0.00354782260239909
6697      0.003729683936617867
10393     0.0027122603495203144
1056      0.0018465241739941676
6817      0.0018909045555777196
7317      0.0017661416542580945
4739      0.0010561090230087101
2433      0.0013326964748312247
4562      0.0015520906340268392
3375      0.002253351419711593
5402      0.002364542607285763
8583      0.0025303990153015374
876       0.004455640581731921
3946      0.0019639272767796555
3903      0.0009947427394221464
6108      0.0020038665029032945
8554      0.002317694450995514
3797      0.0017756480111124724
4930      0.0018573306049682679
9802      0.002562824626234801
11098     0.0023406846506799856
1622      0.002671461625211372
3155      0.002597003805055067
3908      0.004122750593240864
5546      0.002562824626234801
9553      0.0018795139624016549
4760      0.0031940554281832323
3940      0.0022138284997063316
4620      0.001382109181567306
10201     0.00173845135249182
3163      0.00241514247083629
1150      0.0020038665029032945
10343     0.0017756480111124724
10721     0.002853322959430149
1690      0.001926362118691904
1978      0.0021766318410856795
2591      0.0031940554281832323
7868      0.0031940554281832323
786       0.0021766318410856795
3935      0.001720642827867349
6580      0.001565686014309435
7552      0.0021751325991838755
10674     0.0013569201594297946
3266      0.0013569201594297946
187       0.0019639272767796555
3049      0.0025303990153015374
1889      0.00540800238065146
4210      0.001711923230066494
11992     0.002597003805055067
2417      0.002061375296620432
8749      0.002158823316461208
11136     0.002633137114698491
384       0.0011344144558821869
6724      0.004249288275281884
3371      0.002853322959430149
5330      0.0014527240669838604
4978      0.00275398088504775
7465      0.0030351842936489266
799       0.006813519984978512
6011      0.0008163720867282297
6999      0.003729683936617867
6201      0.0022138284997063316
8685      0.0013471190201882102
5351      0.001017423587097553
1508      0.002736769779103879
7001      0.0031940554281832323
569       0.0013185956489169136
3675      0.005266274229396982
8277      0.0023406846506799856
105       0.0031591604359150287
1765      0.003109642113805231
2547      0.003729683936617867
10943     0.0015004569831356908
10578     0.00129130389343971
7541      0.0016231948080265728
1061      0.006404045802372743
5897      0.0063183208718300575
9857      0.005937159007790793
11833     0.0030351842936489266
8347      0.0014942895116025693
11851     0.0014584972652627562
10401     0.0016083197495379467
2249      0.0009864429158057413
7048      0.003693048347988335
5926      0.001914320596179546
6570      0.0017033222699347323
11540     0.001565686014309435
12098     0.0024701476540814134
5434      0.0019902711226206984
10718     0.0017661416542580945
721       0.0031940554281832323
2637      0.0010409485645974448
1139      0.003109642113805231
8385      0.003406759992489256
747       0.003406759992489256
12222     0.003406759992489256
4555      0.0020766088245362468
48        0.003729683936617867
627       0.0024995557852142913
3319      0.002253351419711593
465       0.00354782260239909
9248      0.00354782260239909
3771      0.002755874939589373
5556      0.0024995557852142913
4898      0.0024701476540814134
11836     0.0010843491892497006
5424      0.00354782260239909
1430      0.004427656999412663
54        0.0031940554281832323
2844      0.00354782260239909
1728      0.002597003805055067
3392      0.0031940554281832323
10769     0.001177533039007079
5484      0.003291503448024008
5430      0.003729683936617867
10143     0.0016864636490470828
2150      0.0013093668599343533
6311      0.0008269612927470139
8686      0.0012868676589680864
3558      0.0029083281426752726
5423      0.0017567761375107728
8287      0.0014137238099417404
6766      0.001173825340296919
13        0.002671461625211372
5685      0.002853322959430149
5417      0.0029083281426752726
6435      0.0018465241739941676
10958     0.0005044646286738094
2035      0.0024420469914971533
1526      0.0019639272767796555
83        0.0013422748522858411
7201      0.0018254501952916595
3993      0.001026143184898408
102       0.0013977188837387372
6682      0.0023893364053917026
6509      0.0022138284997063316
186       0.0017852995087820694
