t_index   tf-idf
10888     0.00514953977839668
7272      0.003524010982578401
9267      0.013370701279850681
12113     0.013394511845053312
667       0.00570817208963461
7140      0.0017466141318519183
9701      0.003885859846228677
12176     0.0033979529766212943
587       0.01010491770712411
9359      0.003920930506305712
4316      0.012784263605387168
11125     0.007772861866669494
6727      0.00607386609130697
4953      0.008465964796592541
6689      0.007057691039979783
10250     0.0024655380125249665
5609      0.004537784840781722
4906      0.004130908305589417
4966      0.0044963831632124605
5968      0.0058287897693430155
449       0.003193084384981337
8036      0.007287402882742892
6033      0.0016577700311350536
11412     0.003589378409137702
10243     0.0020936290046019795
1607      0.0060074461039616575
1171      0.0059169299220035365
3903      0.007045239814257882
5759      0.0020873033454402346
1192      0.0016136967914816632
1622      0.01419041858134185
4739      0.005609898702115854
3125      0.01282888822781854
232       0.014367609519146646
4016      0.0036798945910958233
876       0.01380616981800825
2710      0.00514953977839668
9583      0.0018863868073786707
8034      0.0016488154579770591
2613      0.0009324926970506288
7317      0.003127163186792038
7135      0.0025927586693020293
11729     0.003232175990116933
8143      0.004143740578704063
10393     0.004802378505465092
11552     0.003512779753482904
2025      0.004461464855235936
3888      0.004061771647701498
8037      0.0053741536333423
2612      0.004276296075939513
9596      0.006859219908193923
777       0.003732859567395974
11823     0.006188479528035473
10391     0.009925107045718043
8993      0.012064144921856281
6349      0.004912650971656643
7597      0.002052515645592378
4097      0.0053741536333423
6403      0.001292770680677482
10317     0.0012114438390749772
11899     0.003704520948062306
9729      0.0027129958373966296
9709      0.00442575985680984
12117     0.0046622814376233584
1107      0.003853984728932633
1805      0.006032072460928141
3986      0.01029907955679336
2785      0.004598303129053688
11158     0.0028874639865981012
118       0.004183131002899297
828       0.016517970094207683
580       0.0019545895668257977
11238     0.0014033930571853437
3682      0.006254326373584076
4073      0.0015547718354004668
6120      0.005052146580228125
4936      0.005505990031402561
7475      0.0019866610438906
4001      0.00260317098322404
12045     0.0022943170271153535
226       0.0021668995675817385
2480      0.005827997084516735
488       0.003851330143400315
10440     0.003704520948062306
3621      0.008373406037140822
3850      0.003704520948062306
7797      0.00230228372035541
9930      0.0037183030114091528
4518      0.009743722815368396
8874      0.0011244065632885433
11814     0.0026901518674705854
1376      0.009196606258107375
6174      0.0034547528732992738
4342      0.006603847588805347
3173      0.0031610844395187666
5933      0.030980318997668878
8769      0.002195601542112562
6580      0.011088930843614246
1682      0.0022630054560339235
4582      0.0039198458229336335
9264      0.002732266868940657
1567      0.004026528001176481
5686      0.007057691039979783
7945      0.007057691039979783
3946      0.0069547321605547595
7372      0.005505990031402561
3556      0.008552592151879026
12018     0.005655453812272887
8583      0.01792148580940367
331       0.0024936394635825046
10557     0.0053741536333423
7924      0.0032506774968878703
72        0.0039198458229336335
11835     0.0029975887754749735
10673     0.0012992783482818726
9488      0.002058930079622519
9578      0.00398982583850996
1361      0.0025127735307969553
2762      0.002020983541424822
3266      0.0024025880142481155
187       0.0034773660802773798
7123      0.0013357629780208786
3049      0.0044803714523509175
8091      0.0039327438917674895
3065      0.003410852514281799
5275      0.006392131802693584
384       0.0020086152865749028
6774      0.003732859567395974
2524      0.0025224646361405294
1366      0.005655453812272887
1350      0.0034773660802773798
1202      0.0033895315710704846
2779      0.003548083215192173
2920      0.005313473955743399
2023      0.009196606258107375
5486      0.0033279022994070536
9204      0.012563681071382343
9212      0.006603847588805347
3249      0.007057691039979783
2984      0.007057691039979783
9742      0.004730139527113949
3634      0.0019782796717516446
7165      0.001848440269180974
2344      0.004276296075939513
2631      0.002701515575988769
6622      0.004802378505465092
11112     0.005655453812272887
4677      0.0028347805839111302
10772     0.0025927586693020293
2882      0.00260317098322404
2619      0.0062818405356911714
10974     0.004064474539374178
11001     0.0015384905930713624
7217      0.001270287256953624
2157      0.0031105804290461362
10094     0.0023681448143564104
3981      0.003597838769819458
10988     0.0013910490632931271
4322      0.0015105561317760297
7811      0.004537784840781722
10194     0.003623571297929254
947       0.00398982583850996
3337      0.005827997084516735
4449      0.012064144921856281
7692      0.004026528001176481
11147     0.005052146580228125
6616      0.0018117381065144524
10910     0.0013256941034517833
12063     0.002613681066781873
2152      0.004802378505465092
3730      0.0018325631848902047
4468      0.0027129958373966296
368       0.0012671118912069965
367       0.0024025880142481155
10037     0.0025127735307969553
2605      0.003348070695056426
9581      0.0019723099740011785
2357      0.0010941157297500064
7097      0.0021389152181275936
2737      0.0028874639865981012
2686      0.0021883567551697052
5142      0.0023183892597291255
10881     0.0021048908454344172
6361      0.0015466016117161713
10553     0.0026242907734695853
9256      0.003348070695056426
11108     0.003348070695056426
7529      0.003548083215192173
6068      0.0027363157574414676
6721      0.0023183892597291255
3040      0.005505990031402561
11901     0.0035004455716509016
1726      0.0022707516161878543
4137      0.0018169081650134182
3565      0.0013981558533580469
11884     0.0014343828236272767
758       0.0011846147488642448
6108      0.003548083215192173
8554      0.004103752803695664
3797      0.003143995318645022
4930      0.003288624035085567
4536      0.0029286704437736944
9802      0.004537784840781722
11098     0.004144459677879252
3155      0.004598303129053688
3908      0.007299818705042457
5546      0.004537784840781722
9553      0.0033279022994070536
4760      0.005655453812272887
9798      0.007057691039979783
9773      0.007057691039979783
10343     0.003143995318645022
672       0.0031784385185367266
10721     0.01010429316045625
332       0.003732859567395974
241       0.00514953977839668
3163      0.004276296075939513
1150      0.003548083215192173
1690      0.003410852514281799
3940      0.0039198458229336335
4620      0.0024471881642699465
10201     0.0030781342246440214
11937     0.0024655380125249665
3174      0.0046622814376233584
737       0.0021048908454344172
7151      0.003143995318645022
1964      0.004373689274108069
8683      0.0062818405356911714
9589      0.001717788959293893
10519     0.004276296075939513
1623      0.003524010982578401
8718      0.0028874639865981012
12174     0.005655453812272887
8749      0.003822452624765077
102       0.0024748269925992587
11940     0.006603847588805347
9371      0.0013729867309890441
2877      0.0019487445630736793
5274      0.002159837615607437
3653      0.0017812094230102485
8755      0.0024563254858283217
12177     0.002393877342466207
3736      0.0020147823306880222
8708      0.0023852339352301555
1110      0.002582442322771942
11033     0.0036768821197329937
4896      0.0023347299247575247
3791      0.006427950668442698
4838      0.0018591515057045764
11989     0.0030311630388033025
11875     0.00514953977839668
7426      0.0008864238213555145
10503     0.002393877342466207
1195      0.0033080908853186748
1121      0.0036499093525212286
1165      0.0025031656119329265
7227      0.0017083432013392402
2809      0.0017613099535644704
