t_index   tf-idf
2025      0.016486174893633743
4906      0.015264689738749462
876       0.021864464854641635
7317      0.03466683761358031
11729     0.035830979547582
6203      0.019042917605886587
8034      0.018278297077002827
3935      0.06754752129970679
11912     0.0262646012891044
105       0.03100490313533749
11930     0.023943342710162446
217       0.03757537855929566
9399      0.032466403776691244
5963      0.009554461709794319
7256      0.021221397968988743
2139      0.06103783234811981
2357      0.012129054375514356
9830      0.06269474511891086
9692      0.07320836755589927
697       0.05097547468779517
6029      0.05501345048198001
4479      0.07823954638606159
3993      0.020141724800720177
1542      0.06963868936709071
11694     0.04793389380452983
11679     0.029210879425067334
3653      0.019745978746513612
4930      0.036456746446091426
9581      0.021864464854641635
6361      0.0171451835813107
9244      0.058268974833603916
6456      0.051684719937081805
4016      0.013598086679477898
