t_index   tf-idf
11872     0.014664317430442754
1985      0.005045314696076452
12176     0.00983884891738106
11238     0.0013545186721092373
11542     0.009752402353873195
6818      0.01292588487245665
11022     0.005086471541678392
2036      0.007633154929632991
3583      0.013763325724184669
10503     0.004621016959586509
1192      0.009344990374550527
8957      0.01633307572640895
1171      0.01142173537182772
10317     0.0023385085052790608
1436      0.00552236414657634
2643      0.006802568463882685
28        0.0053280157742398105
11552     0.006780888280355058
2025      0.008612180914584792
10822     0.014438744254865347
10424     0.006896525400003948
3137      0.004888105810147585
5274      0.004169238780376545
5759      0.0020146111891313706
2377      0.008759505065787602
946       0.008561563899333012
7148      0.012138011777455408
5576      0.023288001142687746
5582      0.00904557562866797
8036      0.004689075155065078
1607      0.003865487708685113
3903      0.0033999416019055446
2625      0.008178409701116725
368       0.0024459672327776846
9267      0.0032262637416555127
587       0.0078024041201276715
10988     0.005370418274206302
3125      0.008254740683903139
232       0.003962070002437029
4016      0.002367826038715057
876       0.0038072451239425736
3888      0.0019601584568509716
11881     0.006274939645733799
4029      0.00854325783304586
3643      0.004813592596368217
5387      0.014771390942849245
2762      0.011703606180191508
2686      0.004224290651770376
3774      0.009814285330275795
2249      0.006743147096104918
9471      0.004398398416473012
10578     0.008827122137244583
3653      0.0034383545080993853
338       0.0017955011947065834
11884     0.0027688583859073797
3497      0.005423005534981216
6107      0.005398863730033892
10100     0.00854325783304586
4794      0.0027058198091029287
11110     0.00585120029380936
8267      0.007439532710576425
5799      0.006434996675785785
10080     0.017297354462807522
5163      0.012747725693813307
8822      0.005196201206230476
7165      0.0035681334549364074
4322      0.008747698195956709
6184      0.006712527557948375
460       0.008999826854715736
3861      0.0035172918371170737
10901     0.013568363443001955
12084     0.002651288988911766
11027     0.003853712916251744
5659      0.010256855198151438
7426      0.0017111066800295505
11863     0.007095306052212793
8226      0.006462942436228325
7568      0.006849036256191856
2160      0.006239225294355075
25        0.005065795124906463
2822      0.005086471541678392
953       0.004224290651770376
7888      0.0017684924797245027
7525      0.004777277975763743
4787      0.004115554799861589
78        0.004689075155065078
8430      0.006757079013933084
2447      0.004759347009252174
7957      0.010373988108143346
7049      0.004723925411625568
2155      0.006626089269045775
980       0.0077017533599097725
10947     0.008442743474397666
10958     0.0017242149248701845
6132      0.004182870807073206
11835     0.002893195136528084
8495      0.005764181725847492
7475      0.0012783158955713978
8315      0.005192929973027796
2631      0.00521486588797832
9478      0.011644000571343873
154       0.013623801609513214
3310      0.005764181725847492
10111     0.006462942436228325
8320      0.005171214523264363
105       0.005398863730033892
10375     0.008876326438173288
5259      0.008178409701116725
7490      0.004076149408637224
1682      0.00436838864149832
2134      0.010373988108143346
3378      0.004813592596368217
5724      0.007205718965918597
10712     0.007319464652284289
3458      0.0075021651847456804
3757      0.013623801609513214
8159      0.0033159309263981617
3606      0.008346697926161911
2658      0.003974452093997698
6362      0.010628478269573102
2915      0.005972960340491949
4146      0.00557381107860728
9264      0.0008790377654634949
4417      0.002452096794517443
2281      0.005881003098233178
2357      0.002112024393746281
8259      0.0014799753305817823
3007      0.00756666755869776
1743      0.0037505313938724547
7123      0.0025784877386671686
4729      0.006712527557948375
9371      0.0013251712726958932
4518      0.003761755673992973
5223      0.007439532710576425
9196      0.0037062084229579316
6403      0.0024954976323525524
3634      0.00381876871960019
11977     0.011250064023843251
1101      0.006424010408805655
3570      0.006896525400003948
10943     0.005128427599075719
7541      0.005547934493105748
1061      0.005472113763967754
5897      0.005398863730033892
4493      0.010628478269573102
7135      0.005004927182533271
61        0.012126139939543158
4003      0.010146338901373817
4225      0.006385767480117641
7346      0.013623801609513214
2563      0.01512146327948327
6871      0.004965280766258269
9801      0.008759505065787602
8828      0.006502588852503327
11679     0.005086471541678392
103       0.004522787814333985
7217      0.002452096794517443
