t_index   tf-idf
9267      0.017121558074528264
5274      0.011062930625157565
667       0.003654737245508628
7140      0.0044731767865250445
9701      0.007463928813548152
12176     0.004351174108676773
10119     0.0038619881169807296
9359      0.010041723012848953
4953      0.021681810832197397
5078      0.008456412093915759
2301      0.004976683835425353
4316      0.008185304090577923
11916     0.0062484689224353105
10673     0.0016637623733774475
932       0.0049351355604813915
3621      0.005361190664043958
8828      0.004313598545720028
9705      0.006354688999568648
2876      0.003076581351578445
6361      0.0019804667503164177
587       0.01035170447620899
3251      0.005051196501072326
5933      0.011334619303248963
8769      0.0028115293674576703
6580      0.010649765265649326
1682      0.005795683940205692
6727      0.007777755918901334
6403      0.006621716489806773
7475      0.0042399586635288936
2613      0.002388166115218772
10259     0.005736979562912078
4739      0.007183632661455285
758       0.0030338648353750958
11412     0.0015320999150114723
10243     0.0008936502241865435
1520      0.0021996769511750183
11238     0.002695626268256997
8037      0.0068817544875802395
5272      0.003534426305683835
6946      0.004574922790101629
6774      0.004780031393233129
5275      0.012277956135866885
3993      0.0023266018746706477
449       0.006133251194914647
9578      0.0051090839120193545
5030      0.004855486452505419
2696      0.004855486452505419
9714      0.0046400846983384505
9264      0.00466499249790528
5486      0.00426147225138593
4356      0.025369236281747275
1734      0.021725901773880004
2344      0.005475917087341687
10572     0.003549921755216442
9600      0.0042571778108905665
1349      0.0035655865572773717
10742     0.0039012594810061674
1508      0.0015512878203336343
3730      0.002346648566790097
4906      0.007052991958498102
11835     0.003838496517769933
9892      0.004894757816530858
12036     0.003823764115166158
3653      0.002280888634085731
1889      0.0030654270920029317
2035      0.005536918426265822
6616      0.0023199814697280777
12063     0.0033468919271002207
2877      0.002495422080767616
1110      0.0033068898390611005
11033     0.004708350701176243
4896      0.0029896871643759725
9775      0.0027838761279435757
11552     0.002249106508830638
2025      0.0019043436345781554
8755      0.003145393691423726
12177     0.0030654270920029317
8143      0.00265308802728907
118       0.0053566165977720365
7426      0.002270181139841186
967       0.0018944926327647486
12084     0.0017587758639315677
10503     0.0030654270920029317
1195      0.0042361031798800195
1121      0.004673811316099791
9930      0.0023806956574698866
1165      0.003205373786897609
7227      0.0021875813931340766
2809      0.00225540680522447
10317     0.0046538634610009035
4376      0.002218013855280918
3398      0.004512594921585544
11112     0.007241967257960001
2637      0.002360170507849652
3798      0.004780031393233129
2920      0.0034020262290898333
2023      0.0058882561520555475
3337      0.007462913758391068
4449      0.015448476005545336
12113     0.006860819268489353
12196     0.00729317272562752
6036      0.004780031393233129
11001     0.001970080363404913
4067      0.004482418751816996
10571     0.003416147674565989
1891      0.007724238002772668
5896      0.007724238002772668
11872     0.0032426048443553283
8182      0.004780031393233129
11995     0.0030433756551827484
8233      0.007724238002772668
9503      0.0025104307532122384
755       0.0062484689224353105
12062     0.0041388920269484165
7425      0.003157179772455981
10009     0.0068817544875802395
384       0.002572088221752681
11035     0.006730739667247978
6022      0.0024731996957545184
2069      0.0030878230964362387
953       0.002802252214540745
2137      0.003360477954145872
7888      0.0011731583776390265
1913      0.0025332426159724035
8959      0.0022057632241069334
10522     0.0024297625800516445
3903      0.006766220415673411
7552      0.002465868144619344
12111     0.0011437861382802214
6204      0.004047857302090038
11123     0.004780031393233129
9577      0.004780031393233129
8428      0.0068817544875802395
6277      0.0068817544875802395
1444      0.004512594921585544
3692      0.002540927970159145
4641      0.0027126408414595076
10910     0.0016975884889085544
7017      0.006594130145273637
1350      0.004452864815668724
1202      0.004340390262624911
10195     0.0056673096516244815
2150      0.0029687624844056126
9589      0.0021996769511750183
374       0.004395524564614524
9113      0.005307096881244719
4848      0.005063578022627826
3872      0.008044073029201897
4033      0.0068817544875802395
7150      0.0025799852947424183
4124      0.0039416372249567
1219      0.004340390262624911
7430      0.0040700796871031356
9581      0.002525598250536163
11884     0.0036735348882335535
10250     0.003157190590295997
368       0.0016225723227337116
7924      0.004162583725387768
4315      0.005536918426265822
3908      0.004673811316099791
3940      0.005019472538938118
4620      0.0031336930948407233
10201     0.0039416372249567
3473      0.007241967257960001
8760      0.0032552332531112786
5075      0.0034889204162923066
5727      0.004092652045288961
5432      0.004976683835425353
6578      0.003983185499900663
3646      0.0049351355604813915
5214      0.003768274019424738
3029      0.008044073029201897
10684     0.0027838761279435757
8408      0.0027126408414595076
5926      0.004340390262624911
3250      0.0025799852947424183
8993      0.007724238002772668
6349      0.003145393691423726
232       0.005256607726005563
876       0.005051196501072326
7597      0.0026283038630027815
4097      0.0068817544875802395
3888      0.0013003031347427238
4518      0.002495422080767616
12083     0.005600631809748947
9729      0.0034740672769303376
9709      0.0056673096516244815
12117     0.005970182170950043
1107      0.0049351355604813915
1805      0.007724238002772668
3986      0.006594130145273637
2785      0.0058882561520555475
11108     0.008574596895590056
1607      0.002564234420612897
4966      0.0019192482588849666
11158     0.003697478636303839
828       0.02115172408103162
580       0.002502906772040956
3682      0.004004420186387164
4073      0.001990928950941852
6120      0.006469415422866377
4936      0.007050574693677206
4001      0.0033334334702670877
12045     0.002937937315250024
226       0.002774775683900048
2480      0.007462913758391068
6203      0.0021996769511750183
6033      0.0021228210299683195
8583      0.005737241331723287
1334      0.003099153709764271
1171      0.002525598250536163
5759      0.0013364252442752656
1192      0.002066384010214143
1622      0.006057076358152516
5968      0.0024879762711827176
4016      0.001570736085088206
3125      0.005475917087341687
2710      0.006594130145273637
