t_index   tf-idf
8259      0.0027291288206141126
1942      0.005563714021116802
7123      0.0023774130067527564
9500      0.004852010174032339
158       0.005115297399606676
10522     0.0033771470722736164
2685      0.004388205269998565
7140      0.006217305350078388
2658      0.0036645177563923736
3063      0.00649616893934971
9701      0.013832235048960797
12176     0.009071599231163272
10578     0.0040693842880416544
10822     0.006656393567036549
1110      0.004596273491906025
5759      0.0055725254451661314
9267      0.0029746743673062298
28        0.004912528305606432
11552     0.0031260517072279055
2025      0.0026468629416384454
9319      0.00761102237369051
1000      0.030118791018423845
9264      0.007294400540015883
6122      0.0066955528557767294
4158      0.006593367558936582
7502      0.006643805101603844
7920      0.005565776681079408
4562      0.004891221401726782
8889      0.0052886394220351155
10345     0.0036417497768898503
2803      0.004472275825455132
4838      0.0066178971028750064
9047      0.005887794786713972
10821     0.009379640182361072
3467      0.006403492856375917
539       0.014126627063453594
10907     0.004670756055533024
6727      0.008107775378762973
10674     0.004276165823524169
10472     0.008298005494485611
10289     0.004155390875256512
7148      0.005595734787313158
6588      0.0036991651779081803
8262      0.004388205269998565
8755      0.013115425988551224
516       0.012806985712751833
7880      0.012898584069693126
8143      0.007375097910720993
118       0.01116780845728161
7797      0.004097642584852748
6900      0.002781857010558401
12045     0.004083463332664024
5181      0.006272092941469815
7402      0.006314937098598914
3861      0.0032430076112868436
472       0.009782442803453565
4664      0.004027734481381479
7774      0.0071011579144122225
1617      0.0037226028190938698
7426      0.0015776717554400901
967       0.0026331709528794444
10718     0.005565776681079408
10503     0.004260662426040772
667       0.005079749474261992
9930      0.0033089485514375032
11662     0.005923055468669435
7681      0.006917133954742578
8187      0.0023894503637534393
3653      0.0031702259455411766
8388      0.006314937098598914
12111     0.0015897577977014089
2627      0.008418780442753269
9824      0.0023241272485488044
1192      0.00861625259304888
232       0.003653101240779095
4016      0.002183179054044617
867       0.006859385664338815
9360      0.004977851420811066
515       0.005450255827784687
10882     0.006269617082412977
8506      0.0056884108702869515
1913      0.003520974828622194
103       0.004170093351748307
8091      0.006999562522962321
1970      0.007376377775308028
8918      0.003653101240779095
9493      0.003746319486369514
10243     0.0037262754760805875
6312      0.00649616893934971
274       0.006272092941469815
7         0.006189073574071668
11912     0.0021083968924739773
5291      0.007166481029616856
6973      0.0032710011846210354
11412     0.004258956644481432
4322      0.0026885127482986215
6233      0.004214863247570125
7888      0.0032611650314185786
384       0.0035749666568397355
7097      0.003806876626759203
6623      0.006748680711509826
11817     0.007037908903010235
7541      0.005115297399606676
1061      0.010090778592270812
5897      0.009955702841622132
83        0.004230012951928316
7525      0.004404737950130791
7201      0.005752680202593441
3993      0.0032337631560789277
102       0.004404737950130791
6682      0.007529697754605961
5186      0.002626360086339577
9371      0.0012218322284948374
6509      0.006976606327056192
3378      0.004438220696651431
3266      0.004276165823524169
186       0.005626150286849916
6076      0.0052886394220351155
9359      0.0034892684322170102
8882      0.004404737950130791
2178      0.006643805101603844
6011      0.0025726955210196964
7924      0.005785609489873824
8069      0.007974239098679616
11238     0.002497782138476667
11859     0.010577278844070231
9550      0.004083463332664024
4794      0.0024948155120627924
2088      0.004524475576572098
6580      0.0049340655588558805
7165      0.006579769031579982
2686      0.0038948734908525033
2762      0.0035969798810680325
5387      0.0027238986968006404
11958     0.0033771470722736164
4193      0.005022621316632884
2249      0.003108652675039194
11814     0.0047879767182503995
10898     0.011753636992919609
8974      0.0061093758856798205
2822      0.004689820091180536
2339      0.0020515475311021574
3096      0.00919254698381205
2264      0.008418780442753269
2675      0.005995506235564994
11872     0.004506923246970939
11549     0.00252689634254905
12171     0.0012728728475027895
2966      0.005341068145800171
338       0.0016554850464955196
10237     0.0038316244794505154
8159      0.003057349156908397
7913      0.00854735256935989
3694      0.006358722960554099
580       0.0034788107886624293
7150      0.007171885727586722
10073     0.010372765453176575
10971     0.005819092236394464
5142      0.004126307489793123
10366     0.012561395061982368
10071     0.005565776681079408
3419      0.0027382309638150854
8718      0.005139156086238822
9459      0.0047679546751198945
