t_index   tf-idf
4882      0.0089783086016792
11552     0.00223435826942847
2025      0.0037837122706700396
6232      0.002830566754493298
8187      0.006831477761288521
11024     0.0023113454689351024
11872     0.009664025585308177
12176     0.008645283638879096
4673      0.0034222259822248757
10522     0.004827659421348513
1942      0.005965031098049817
131       0.0032089058322050013
8844      0.00593103343540283
8060      0.003957066250720986
8807      0.015982650018676554
11074     0.008966008270428982
8918      0.00522213816714651
1192      0.01231700370678463
1508      0.0015411154411839056
6774      0.0047486869250807804
9590      0.00767358726177088
8709      0.0044530258419690156
7490      0.005372498564826768
7135      0.003298329061276024
1798      0.0024424521082444073
128       0.004576922762917868
11651     0.005440009434309938
1898      0.009354952540697715
9264      0.008110204170538605
9701      0.014829970036098953
2433      0.006003688381698697
12084     0.0017472429074467705
8928      0.008416650908220628
3342      0.004643163373043399
7165      0.007054375322382472
2088      0.006467774922575196
8424      0.013373207338859916
2809      0.0022406172524033264
4999      0.0037800767016513285
4896      0.005940165316760128
5004      0.0037617033327398577
4817      0.006109255279083462
3846      0.0037800767016513285
1658      0.014827953237983563
3692      0.002524266147404003
7123      0.003398531380144924
10933     0.002291704932249242
10578     0.0029086090976822316
10822     0.0023788422911704384
1121      0.004643163373043399
4001      0.0033115748901341884
5759      0.00398298540015153
9267      0.0021261606953205184
7426      0.0022552947061373094
4286      0.0022219222398640794
10647     0.0036904926780079363
5243      0.009965292194020122
3708      0.0032089058322050013
10345     0.005205911156472048
1649      0.00301259078023045
115       0.0038366636047382327
3954      0.00957134768891362
1361      0.00319657747524334
2261      0.002555222069478893
6569      0.006207495355730817
2686      0.005567753580366201
9493      0.005355394413301993
12005     0.0028986166613477883
2013      0.004233528171048973
3117      0.004339051723086354
3653      0.004531863974609682
5335      0.004862661043963442
5799      0.002120384150545808
9356      0.006109255279083462
1917      0.004233528171048973
103       0.0029805913137086262
10821     0.010056204392236296
5223      0.004902774015822497
4518      0.0024790586572871723
9503      0.0024939689122075678
4787      0.0027122180812202603
78        0.0030901773972723955
8259      0.0009753280047440599
9500      0.003467994157177213
158       0.003656179780702477
2685      0.003136487701179302
7140      0.004443844479728159
2658      0.002619229084896844
3063      0.004643163373043399
9319      0.005440009434309938
1000      0.02152752931808655
6122      0.00478567384445681
4158      0.004712636484748114
7502      0.0047486869250807804
7920      0.0039781616933616745
4562      0.003496020542873569
8889      0.0037800767016513285
2803      0.00319657747524334
4838      0.00473016907680902
9047      0.004208325454110314
3467      0.004576922762917868
539       0.010097064589616012
10907     0.0033384420331350794
6727      0.005795065680558454
10674     0.003056407047633668
10472     0.00593103343540283
10289     0.002970082658380064
7148      0.003999574372571372
6588      0.002643993471422896
8262      0.003136487701179302
8755      0.009374304477062842
516       0.009153845525835737
7880      0.009219315826862627
8143      0.005271381457498939
118       0.007982236864548823
7797      0.0029288068311406528
6900      0.001988343699349939
12045     0.0029186721525270728
5181      0.004483004135214491
7402      0.004513627172113322
3861      0.0023179529811820716
472       0.006992041085747138
4664      0.002878839727675942
7774      0.005075581722432342
1617      0.002660745621516274
967       0.001882069730254816
10718     0.0039781616933616745
10503     0.003045325930743896
667       0.0036307717553741453
9930      0.00236508453840451
11662     0.004233528171048973
7681      0.0049440498430619075
8388      0.004513627172113322
12111     0.0011362859013078922
2627      0.006017357824656434
9824      0.0016611794760119324
232       0.002611069083573255
4016      0.0015604361763335295
867       0.004902774015822497
9360      0.0035579397040551223
515       0.0038955926900231534
10243     0.002663370668149404
6312      0.004643163373043399
274       0.004483004135214491
7         0.004423665702123355
11912     0.001506985319866646
10882     0.0022406172524033264
5291      0.00512227168674254
6973      0.002337961502450445
11412     0.0030441067163834495
4322      0.0019216255053413098
6233      0.00301259078023045
7888      0.0023309310716368857
384       0.002555222069478893
7097      0.0027209806709295285
6623      0.0048236471970791546
11817     0.005030374232315512
7541      0.003656179780702477
1061      0.007212425354475531
5897      0.007115879408110245
83        0.003023419093509419
7525      0.003148304502060696
7201      0.004111751751361869
3993      0.0023113454689351024
102       0.003148304502060696
6682      0.0053818823295216376
5186      0.001877201635482058
9371      0.0008733095928258182
6509      0.004986557964912294
3378      0.0031722364323606943
3266      0.003056407047633668
186       0.004021313975518956
6076      0.0037800767016513285
9359      0.0024939689122075678
8882      0.003148304502060696
2178      0.0047486869250807804
6011      0.0018388446674829305
7924      0.0041352880944016185
8069      0.005699620077089036
11238     0.0017853000202882406
11859     0.007560153403302657
9550      0.0029186721525270728
4794      0.0017831796119006187
6580      0.0035266435797723997
2762      0.0025709561117142
5387      0.001946917757057507
11958     0.0024138297106742566
4193      0.003589939170576946
2249      0.0022219222398640794
11814     0.0034222259822248757
10898     0.008400960211332704
8974      0.004366701452715413
2822      0.003352068130745432
2339      0.0014663520058369518
3096      0.0065704106310525475
2264      0.006017357824656434
2675      0.0042853126536169465
11549     0.001806109516969485
8091      0.002501483000009485
12171     0.0009097910844446167
2966      0.00381755034683422
338       0.0011832647217574533
10237     0.00273866930006627
8159      0.002185252840019772
7913      0.006109255279083462
3694      0.004544923296396044
580       0.0024864942686177362
7150      0.005126134716766903
10073     0.0074139766189917815
10971     0.0041592200247016166
5142      0.002949295189425904
10366     0.0089783086016792
10071     0.0039781616933616745
3419      0.0019571618036448805
8718      0.0036732328747543057
9459      0.0034079151448397934
