t_index   tf-idf
12208     0.025103362402078062
10988     0.014587217204263064
4417      0.02664170030800033
9913      0.025379556055637142
6743      0.07397102601172943
8450      0.020871415966841174
586       0.027080746519878744
11855     0.04960254423027601
6011      0.015158043880602535
6758      0.04698335468951773
10401     0.05972517123959835
7426      0.009295471423944315
9371      0.007198903400320934
9561      0.0362282193200032
6578      0.03261905963432165
6535      0.016521062841820224
7227      0.017914517895125007
9488      0.021590942456582093
2613      0.009778572066368757
4286      0.01831584549077147
230       0.04041475877907734
3173      0.03314866925765626
7425      0.012927371230461653
8101      0.019272385358037453
2210      0.02492277901406413
10564     0.0658744358877885
8106      0.01836699018476349
11220     0.021063317059217903
737       0.022072909406177135
6437      0.06111521267006739
2339      0.012087496264331631
8640      0.022002833444602007
4906      0.014439571374492735
