t_index   tf-idf
7317      0.04493849320278929
11729     0.04644756608019889
11022     0.03786595481027247
8799      0.043124179843868043
1161      0.04592865073046501
11552     0.025239973043543827
2025      0.04274193490942082
11922     0.04997103848694901
12113     0.07699363845749163
4906      0.019787560772453007
5274      0.0310376664761365
9267      0.04803548237575985
587       0.029042282002697442
6727      0.021820926328028744
11108     0.04811301591414419
4739      0.02687210736322162
3730      0.026334611693977755
8153      0.08668311536444882
7135      0.037258902358858786
4953      0.04055301655651735
11238     0.010083639003479876
28        0.03966411743045192
8822      0.019341415600968994
8914      0.10142163420415393
