t_index   tf-idf
8633      0.002733271455564859
5863      0.00415788525195094
11761     0.003491070111116826
7217      0.0013484855149056255
7475      0.0010544794596847509
10888     0.002733271455564859
9849      0.0011101606218364756
11414     0.0016778396204285657
10958     0.0004741001366606116
1343      0.0017353790800738618
11863     0.006828382773914774
5351      0.010518016481116563
8643      0.0049492891868614585
2249      0.000927067418821538
8157      0.00135457742340076
11063     0.0014278781457983407
2738      0.009421759821083606
8981      0.0021371995409801294
12208     0.008894351384594004
6028      0.001294107296872643
11770     0.001433909772207445
5839      0.012639113611817627
7497      0.0010468622023426229
9562      0.025695713207734172
7771      0.0010343541593332251
1983      0.002045617065425255
8281      0.0020988565538388937
2216      0.0026340229368937078
8187      0.0028503429783761952
9563      0.00808537361658597
7888      0.001458824849895862
11031     0.0022222171972712985
9913      0.002569202665002939
6743      0.009984233333092526
4417      0.006742427574528127
10786     0.0015695205423880392
2613      0.000989896488250736
208       0.000989663165142571
11024     0.0019287561368678693
10385     0.0010826824251906025
8382      0.0012660338808061565
670       0.00135457742340076
7366      0.002852491942184422
8932      0.001197074231725992
9557      0.0016687690610591908
8261      0.0019015645567469943
3340      0.0037295453157161038
5832      0.08791226303460975
6360      0.002032144812351863
270       0.056135782658926284
8135      0.003715931277156087
9505      0.0014714449956642708
5209      0.008640019575183793
8760      0.0013492964099763576
7773      0.003450787602715441
11766     0.002045617065425255
6841      0.0022222171972712985
3569      0.0045553838308967625
7797      0.0012220055861804364
10910     0.000703651589793833
11912     0.0006287695247049617
10988     0.0014766813585710898
2604      0.006003600763780794
3596      0.001845715511829854
10455     0.003962652564020897
7207      0.0035808734327438148
5633      0.006668547545412243
5970      0.007010377194135361
807       0.01122759309510328
398       0.001996758580792513
9371      0.0029150142359712673
8491      0.0019398094277071037
4193      0.008987125420185788
8801      0.005854843758371005
963       0.00995334997843086
3601      0.00415788525195094
2113      0.0019516145861236684
341       0.0030652148476061924
9561      0.014669703035185973
12207     0.003185643928274794
1262      0.0022222171972712985
3565      0.002226338458698723
8874      0.0017904367163719074
6403      0.0013723530071213764
9494      0.003201701935485798
4937      0.0009427716837783506
12111     0.002370500683303058
12012     0.001169251283664211
6203      0.005470605604974258
5222      0.0035051885970676807
11836     0.002038161129998753
2439      0.0027858408210839924
8259      0.001627770404634409
10902     0.0013872889930388055
2088      0.008095778459858146
6696      0.00328878802755407
3768      0.001845715511829854
3004      0.0026815771178228622
2803      0.0013337293159360036
8886      0.0021573407951808224
10415     0.002892319797911269
7125      0.0025490052806025386
4286      0.001854134837643076
8765      0.004197713107677787
3736      0.003208217008099669
8659      0.0014219071397758372
8223      0.003001800381890397
4481      0.0047561809124819585
9719      0.00831577050390188
9543      0.0012846013325014695
2920      0.004230426596775183
10069     0.002045617065425255
3555      0.001810411457648889
167       0.0018579656385780436
7123      0.0035449797227913877
9500      0.0014469743063461695
2342      0.009616591406269156
8408      0.0011243914842164581
10246     0.0027972114360529598
10925     0.002408564320414922
3418      0.0020805748006816
8913      0.0035117353310633263
6311      0.000777185236822433
8695      0.0018704736815874415
2082      0.002982282113628521
10674     0.00255049014918815
10882     0.00747894130761165
2145      0.0021177187761174613
9202      0.0017315292441646567
8751      0.0018579656385780436
984       0.0024746445934307293
4376      0.002758104780369842
12084     0.0007290137985927018
1399      0.0022133110746863564
2737      0.0015326074238030962
4794      0.001488015818412281
8708      0.0012660338808061565
10814     0.0021781889026455782
1527      0.0011615354596523197
3546      0.00206283885380832
1912      0.0030933828574452715
8028      0.0009616339060569187
5316      0.003185643928274794
9527      0.005854843758371005
10201     0.0016338113258028458
6607      0.0009954312696585264
5559      0.0036438958770949404
4934      0.01247365575585282
7425      0.002617306350353385
2442      0.005179989284535976
4518      0.0020687083186664503
4749      0.0017879895476787533
1371      0.0030933828574452715
10684     0.0011539185591886503
11691     0.005146720728448851
7412      0.0031699056823402075
10143     0.0031699056823402075
11238     0.0007448926213240949
8160      0.002930044242468405
3656      0.0031699056823402075
3760      0.00415788525195094
10253     0.004881372405124025
9264      0.00024170532265138507
5100      0.006534566707936735
7769      0.004508911610564508
9029      0.001007138251375716
7128      0.003740947363174883
7406      0.005704983884368844
5764      0.0013388731584439472
71        0.002733271455564859
8159      0.001823535201658086
3243      0.0024406862025620124
3597      0.00196628471661857
25        0.0013929204105419962
758       0.0006287695247049617
6166      0.0009589023605629717
9258      0.0019372979873847286
11927     0.0017646031145004675
6044      0.0026815771178228622
2137      0.005571681642167985
12100     0.001810411457648889
5363      0.001313588061735311
967       0.001570536984207165
8743      0.0017353790800738618
8805      0.001169251283664211
329       0.0013235733404514524
10903     0.00115771480276563
4787      0.0011316368191137884
5476      0.0017770881390997172
3419      0.0016331993163110495
1192      0.0008565175856291181
4322      0.0016035452233354294
8106      0.004648280689714426
8299      0.002427156702580248
9824      0.0006931049797313808
11922     0.001845715511829854
4321      0.002349103727007138
621       0.0010221040325850356
4978      0.001294107296872643
704       0.0017315292441646567
8390      0.001433909772207445
5259      0.0011243914842164581
6816      0.001165380845881907
8653      0.0024406862025620124
2365      0.0017059130364950525
1549      0.003411826072990105
474       0.0026340229368937078
3785      0.001230554080403421
8881      0.0016687690610591908
5799      0.00088470200535769
7368      0.0012011574787156804
8506      0.0033928141442477575
3467      0.0019096599763200408
10913     0.003201701935485798
2682      0.001209409140507627
9507      0.0012392273745635014
11884     0.000761341361925285
11891     0.002922468033083712
1617      0.0011101606218364756
7775      0.003903229172247337
9503      0.001040575264327371
8918      0.0021788674979202264
11412     0.0012701129254404269
10243     0.00037041862917718563
5833      0.00415788525195094
8490      0.00415788525195094
4348      0.0013388731584439472
11387     0.0026815771178228622
11936     0.0025786706051110276
2210      0.0012614812907255442
8959      0.002742871095366898
4135      0.00831577050390188
11958     0.001007138251375716
9196      0.0010190805649993764
4395      0.0016007967160672518
10544     0.0016592197764753254
384       0.0010661323272107557
2899      0.003201701935485798
946       0.0011770686345868233
11540     0.0014714449956642708
10673     0.0006896306417693113
4130      0.0024406862025620124
6210      0.0009507822783734972
5071      0.0019516145861236684
6138      0.0015254922477623194
2763      0.0023780904562409793
4397      0.000992540217246216
3578      0.0017558676655316631
8769      0.001165380845881907
3603      0.0021997952873011625
5831      0.0035051885970676807
6020      0.001967901048057683
3790      0.0013235733404514524
6241      0.0033556792408571314
1672      0.006885169424727267
4739      0.000992540217246216
5065      0.00415788525195094
8302      0.012806807741943193
1017      0.0013185597233701864
12093     0.001783924193809597
11978     0.0016510331141859108
6204      0.0016778396204285657
7402      0.00188325073528668
3262      0.0026815771178228622
87        0.0020988565538388937
7847      0.00135457742340076
10195     0.002349103727007138
10021     0.002589994642267988
12045     0.0012177770267041822
6011      0.0030689336447731535
8361      0.0033342737727061213
5186      0.001566474688979556
2716      0.0025490052806025386
4641      0.003373174452649374
8381      0.0037460795123285305
6045      0.005466542911129718
3682      0.00331966981251795
8876      0.0016338113258028458
5342      0.0013872889930388055
6521      0.0015771865855043162
1917      0.0017663831630231692
3634      0.0010500307970446488
10472     0.0024746445934307293
3282      0.0016088799713484014
10881     0.0022344668892710093
11565     0.002589994642267988
401       0.00415788525195094
2112      0.0013986057180264799
11267     0.003001800381890397
11681     0.002444011172360873
4016      0.0013021423632878972
2063      0.0008429114161960728
4500      0.0024406862025620124
5893      0.00188325073528668
7299      0.0018963086257192798
7180      0.001996758580792513
5061      0.0037460795123285305
9193      0.00415788525195094
4709      0.00415788525195094
10840     0.00415788525195094
3533      0.002510662293461303
2411      0.0018337128793982466
5346      0.002245518619020656
4418      0.0035051885970676807
2966      0.003185643928274794
158       0.0015254922477623194
103       0.0012436119708360205
10992     0.0014159955477339187
10805     0.0038538039975044083
6012      0.00206283885380832
6182      0.0014219071397758372
9399      0.0015544789769961606
4765      0.0037460795123285305
8651      0.0016007967160672518
1720      0.0014278781457983407
6848      0.0024746445934307293
7972      0.0017059130364950525
6887      0.0025490052806025386
8686      0.002418818281015254
3355      0.00831577050390188
5503      0.00831577050390188
368       0.001345114675207427
2834      0.0028800065250612645
9697      0.002349103727007138
672       0.0016870508142164842
226       0.0011501464189079542
1726      0.004821075934779138
6361      0.0008209048226345753
6989      0.0008727955928790603
2116      0.0021177187761174613
3570      0.0018963086257192798
7165      0.0009811146709195868
10054     0.001799094732661215
8592      0.00188325073528668
5436      0.0022779432096970927
3761      0.0020805748006816
8924      0.003201701935485798
2438      0.0015326074238030962
4664      0.0012011574787156804
9073      0.0026815771178228622
4115      0.002589994642267988
11255     0.0021177187761174613
2357      0.0005807344776238065
982       0.00415788525195094
10094     0.0025139266428735626
1099      0.005098010561205077
6671      0.00831577050390188
3296      0.005021324586922606
2549      0.004314681590361645
7222      0.001745535055558413
12232     0.00831577050390188
5142      0.001230554080403421
9112      0.0017353790800738618
8048      0.0012614812907255442
9640      0.0021997952873011625
7049      0.0025978358624808187
3776      0.001365282399477308
8907      0.0025490052806025386
11270     0.0030933828574452715
2660      0.0014278781457983407
2822      0.0027972114360529598
9846      0.0019813262820104487
4956      0.0021371995409801294
7160      0.0021371995409801294
8320      0.0014219071397758372
10194     0.0019233182812538312
5939      0.002245518619020656
