t_index   tf-idf
12176     0.006605239253151614
3708      0.0019613552681814134
10243     0.002713186552390007
6618      0.005134855439792534
580       0.0030396022121379138
2301      0.00302191423273323
10024     0.008562421371479733
11183     0.003677944161363151
11997     0.003483735718461234
7176      0.0026192792772608588
4729      0.0027038437658269
5351      0.0028014829833106964
10822     0.008724010807298403
8534      0.0033250558666623868
5423      0.007255943125069544
4518      0.004545768880596719
6161      0.001663124458183379
3583      0.001847981610261268
4417      0.0019754366961843932
2261      0.003123618161086422
4348      0.0019613552681814134
3696      0.0020000429539437114
2447      0.005751275043244612
337       0.0016524454331231246
1101      0.00258762743921831
8104      0.004273692447200154
6362      0.0042812106857398665
8028      0.011269809784811343
4016      0.005722641688758234
2579      0.004114536651186232
3660      0.00302191423273323
11549     0.0022078693494015744
8755      0.0019099284338705185
10345     0.0031819697449378247
1399      0.0016211727410778822
10416     0.003625180757109946
10943     0.00206575941365575
11773     0.0035754340963383385
10426     0.002368901047584907
513       0.005026389916494469
7123      0.004154517318413634
764       0.004690268767214666
9371      0.001067572848945389
9743      0.0038586588514414833
11138     0.0010598579338066633
12108     0.003255392327064768
9047      0.005144445945906396
9264      0.0021244880664308113
9007      0.0027038437658269
4589      0.004884477210116582
2920      0.00206575941365575
4027      0.0015198011060689569
10434     0.0029251112676539617
1357      0.005134855439792534
5316      0.002333372456481838
9581      0.0015335796992233613
9500      0.005299289669033316
2342      0.002817526379953007
8259      0.0005961423676291347
4305      0.001946349213286524
1451      0.002091741331820816
774       0.0029025040323640036
8706      0.002234739144517546
10317     0.0018839286956356359
11266     0.0033250558666623868
11507     0.0040870022428379504
10673     0.0020205210386106875
1693      0.005944335143923246
10289     0.0018153811839797987
7049      0.00570847098839723
931       0.003922710536362827
9525      0.0035754340963383385
11843     0.004531588915415818
7319      0.002405941940759282
7490      0.006567583415920497
7552      0.004491932151220407
6020      0.001441418503136439
7369      0.0034412721932709773
5302      0.002165075604919927
11412     0.003721252699386581
6073      0.0019538198996978326
2870      0.0031603529484512645
8340      0.003255392327064768
8255      0.002972167571961623
4364      0.004531588915415818
10553     0.0020405307016156293
10259     0.006967153537324086
8450      0.00309515988285821
6681      0.005504383636527363
3266      0.0056044337646990105
5953      0.0019613552681814134
5342      0.004064562139925318
8769      0.008536005995387515
540       0.003677944161363151
5142      0.0018026754163825663
11744     0.003625180757109946
4049      0.0012250086676299564
8855      0.002880469194084518
6029      0.0038586588514414833
4631      0.009380537534429332
5204      0.0042812106857398665
4739      0.0014540018012164002
4970      0.002294775546380872
8800      0.002048859278311336
2083      0.0022772026697078025
6150      0.0021095037773745332
6203      0.0013356755835792194
7475      0.001029825631302008
11383     0.0041787006207150545
68        0.002858978481876556
173       0.004397427012348457
7437      0.002721789342285671
8379      0.002165075604919927
5435      0.002356896310732828
6122      0.008775333802961886
10164     0.002635547594339375
7361      0.002652125802688052
1778      0.004397427012348457
1071      0.004884477210116582
11897     0.002333372456481838
6817      0.0026033094783204274
5978      0.002669025938032466
1766      0.002880469194084518
5255      0.002721789342285671
4174      0.0041787006207150545
149       0.00244462962652158
3281      0.00224516237835684
2834      0.0021095037773745332
12111     0.00208357034007359
49        0.002817526379953007
11681     0.0035803049438793547
953       0.0017015679779676263
667       0.0022192091891565413
8418      0.0018818508498167818
758       0.0009211032516218977
5569      0.004114536651186232
3369      0.0026033094783204274
12093     0.002613323818987606
4376      0.001346810016332902
4347      0.00163147262014083
7887      0.0018887857839039691
10145     0.0015522971867066144
5720      0.0034007844455990594
773       0.0035754340963383385
5205      0.0032225458016375747
12038     0.0035283777920306772
12112     0.002721789342285671
5         0.0029025040323640036
3837      0.0027038437658269
6114      0.000997665080620353
6022      0.004505287622125966
7488      0.0012025679866650792
4322      0.0011745406395372734
12103     0.0031908939635950256
3578      0.005144445945906396
8091      0.004586887665348054
3597      0.005760938388169036
729       0.007626625896997954
11864     0.0026033094783204274
12107     0.0025275808993837547
1617      0.001626307444012953
6566      0.002091741331820816
2210      0.001847981610261268
3643      0.0019389421079559351
8650      0.0041787006207150545
131       0.0019613552681814134
11165     0.009726166865533552
867       0.002996685520693109
243       0.0027038437658269
6026      0.011784967173117309
5759      0.0016229933828272765
9584      0.0033250558666623868
9698      0.005134855439792534
7048      0.0025422086323326513
3173      0.0024579173597861353
10503     0.0018613715608755273
11178     0.00244462962652158
1192      0.003764214559688689
7412      0.002321844743277246
8908      0.002996685520693109
777       0.0029025040323640036
9628      0.004004050969975775
4180      0.003928322391039103
3084      0.003677944161363151
2639      0.004915834719572271
11958     0.0029507737946118167
1361      0.0019538198996978326
3888      0.0015791256506093997
3096      0.0020079912249208686
2882      0.0020241089007834215
11884     0.0011153116945238142
340       0.003483735718461234
1520      0.0013356755835792194
7790      0.0022557119574998404
6033      0.0012890075592793602
10645     0.008562421371479733
7837      0.0027588302354600463
8281      0.003074677636986435
10881     0.0032733372666475104
9360      0.004349385209365981
3319      0.0031023094696229743
8828      0.0026192792772608588
6453      0.005805008064728007
956       0.0041787006207150545
587       0.0015714260803062743
2763      0.003483735718461234
3682      0.004863083432766776
9820      0.0027588302354600463
2524      0.0019613552681814134
8584      0.0029025040323640036
6025      0.005134855439792534
320       0.004428519711152582
6311      0.0011385218599543054
2326      0.002858978481876556
4838      0.0014455927539346203
9775      0.0016904097530398864
4978      0.001895776420869543
5082      0.006801568891198119
9818      0.0035283777920306772
2085      0.0029025040323640036
9545      0.00258762743921831
9196      0.001492881549127343
3431      0.0032895272755593175
1454      0.0021746926046829905
3071      0.005134855439792534
2339      0.0008962672580766939
8732      0.0032225458016375747
2915      0.002405941940759282
6727      0.0011806914045225973
9583      0.0029335394038594157
5385      0.00302191423273323
4772      0.003074677636986435
5330      0.006000128861831135
8230      0.003625180757109946
5764      0.0019613552681814134
8651      0.002345054908707737
3248      0.004397427012348457
5250      0.008174004485675901
9976      0.005134855439792534
2223      0.0040870022428379504
8646      0.0027588302354600463
10737     0.0041787006207150545
1580      0.002224439265454598
4073      0.001208920785842447
10231     0.0029025040323640036
7425      0.0009585425561664952
3641      0.0027588302354600463
2249      0.0013580887438046979
631       0.002721789342285671
1247      0.004397427012348457
7393      0.002777959129059706
4259      0.004884477210116582
4955      0.01020235333679718
6079      0.002032281069962659
2281      0.002368901047584907
3921      0.0038586588514414833
6132      0.0016848838321076442
3272      0.004690268767214666
3968      0.0040870022428379504
9488      0.0016009316049970688
10250     0.001917091681081537
10718     0.002431541716383388
7495      0.00313084742376047
8897      0.003928322391039103
2113      0.002858978481876556
515       0.002381073688290705
241       0.004004050969975775
2845      0.003928322391039103
6973      0.0014290145455859431
11537     0.0042812106857398665
2122      0.00313084742376047
2686      0.0017015679779676263
2790      0.002996685520693109
876       0.0015335796992233613
10885     0.001783957928899313
11115     0.002381073688290705
11927     0.0012925098964928273
564       0.0036695890910182416
3720      0.0024186477083565144
8226      0.0026033094783204274
7821      0.003928322391039103
11794     0.008990056562079327
8249      0.005134855439792534
4074      0.002572222972953198
3661      0.0032225458016375747
8159      0.0013356755835792194
2764      0.00302191423273323
10544     0.0012153202971978585
10543     0.0026033094783204274
324       0.0018347945455091208
1607      0.001557040139169755
5299      0.001895776420869543
2809      0.0013695155550761812
2025      0.0011563449324192003
9507      0.0018153811839797987
3844      0.0029483214330844527
12084     0.0010679540817059418
1955      0.0012547381865628965
2357      0.0008507352768396843
8101      0.0014290145455859431
8272      0.002838005668894262
10364     0.004884477210116582
8292      0.0035283777920306772
6535      0.0012250086676299564
3326      0.0025275808993837547
7619      0.005134855439792534
6696      0.0016059479279505846
4040      0.003928322391039103
11978     0.0024186477083565144
10821     0.002048859278311336
8428      0.0041787006207150545
5099      0.0031908939635950256
7644      0.0032895272755593175
7430      0.002471411112609719
11835     0.0011653952353549997
9509      0.0018347945455091208
985       0.004397427012348457
4794      0.0010899194020635042
2116      0.0031023094696229743
128       0.005595035842444689
10229     0.004884477210116582
595       0.004884477210116582
2069      0.0037499414758323858
7135      0.004032025505768286
7920      0.002431541716383388
4562      0.002136846223600077
11836     0.001492881549127343
884       0.002817526379953007
7132      0.0027038437658269
368       0.0009852493262290873
6989      0.001278584325440066
2067      0.0032895272755593175
8640      0.00163147262014083
1423      0.004397427012348457
6622      0.003734113948137186
11187     0.006510784654129536
3698      0.0038586588514414833
67        0.001895776420869543
3565      0.0010871432286631707
4641      0.0016471546592429474
4538      0.004690268767214666
7516      0.001841363102144864
8143      0.0016109933311995754
704       0.0012682844463771182
5672      0.005134855439792534
3117      0.002652125802688052
8368      0.004397427012348457
1011      0.0020743341591051992
3616      0.002381073688290705
8034      0.0025640897703210377
10102     0.0038586588514414833
11651     0.0033250558666623868
1898      0.002858978481876556
1798      0.001492881549127343
8212      0.00604382846546646
10988     0.0010816173077309284
1913      0.0015382214682157077
5166      0.004397427012348457
4664      0.0017596114567959163
8830      0.0032225458016375747
34        0.004884477210116582
11953     0.003928322391039103
11640     0.003734113948137186
3495      0.003483735718461234
5801      0.003677944161363151
