t_index   tf-idf
8259      0.017498531849819896
12176     0.019388319925427385
297       0.04105768949088088
14        0.042275121407299256
9284      0.04293030948703903
89        0.03820739499064392
3653      0.020326742827293427
5759      0.011909907323982515
368       0.014459982758479841
9267      0.019072912119787
118       0.023868453369484222
5963      0.009835475289494152
11912     0.013518544781156676
2716      0.10960722706590917
704       0.018613939374770058
5302      0.03177566843691305
1110      0.02947022415398569
103       0.05347531474594888
12177     0.0273183649669673
5272      0.031497975606535354
1508      0.013824712045914447
69        0.04512541590753621
9278      0.08054070951506341
9371      0.00783410075917278
9500      0.015554973793221323
4016      0.013998030405344896
8237      0.048800084631309734
3583      0.0271218477505992
9747      0.022439773970673323
8240      0.06650773143507334
2439      0.029947788826652916
