t_index   tf-idf
8882      0.004730211197677401
4305      0.0023921878261822056
1451      0.0205670724054894
2738      0.005654602979648699
4406      0.03905988272720565
8247      0.00229606933381347
7895      0.005569612977321412
10344     0.013489576963114069
10673     0.0012416748747127255
11785     0.021146564871263474
8491      0.0087315313525486
2466      0.004229543902567039
10885     0.002192598538228466
2639      0.04229312974252695
10492     0.004281734294364917
2637      0.0017614080391094692
6821      0.005977040967858674
4414      0.002839712793112451
6596      0.005977040967858674
1597      0.015023031818156016
1623      0.003367774042464088
7710      0.0067447884815570345
3857      0.003648083954514436
6588      0.007945005012650082
10684     0.004155243678654697
1536      0.010785447211029508
8168      0.009485077669306898
6968      0.004229543902567039
8034      0.006302861061035458
6311      0.0013993162761507351
3250      0.0019254570056821494
11196     0.010154806294685213
2249      0.003338356074672632
3301      0.004742538834653449
3569      0.005467956618038642
9399      0.0027988279117837278
7426      0.0033884969722752676
1527      0.02091336012329669
9264      0.003481509179471182
3419      0.0014702816505214006
4286      0.001669178037336316
213       0.0033231971407576932
12111     0.0017072275857089021
11835     0.0014323453754732632
4065      0.006322853514796284
9543      0.0023129152070408233
10094     0.0022631531723406088
2150      0.0022156035290022183
448       0.003054368398331417
11995     0.0045425754853220335
5981      0.0060033352902664405
6930      0.0044157601917341974
8566      0.006938745621122469
338       0.0008889057638818307
2656      0.0025285145184013916
11017     0.004520428907685252
8160      0.0026377615039955716
3565      0.0013361686480367542
2210      0.0022712877426610168
4597      0.005404719406802661
9202      0.0015588028047836995
9539      0.00229606933381347
11953     0.004828159786030819
11675     0.007983049705825446
8259      0.0014653942928420604
72        0.0037460595549217972
28        0.0026377615039955716
232       0.0019615174149996127
4016      0.0011722488516791292
5676      0.004663266215512067
1879      0.0017264966147082076
11910     0.0019493617064392378
1508      0.002315469012616213
5517      0.003180359832930879
7217      0.0012139691027044485
1349      0.002661016568608482
6880      0.008909406080285953
7256      0.007317723437582325
226       0.0020708301286249124
11817     0.003778975716394658
4924      0.005764640676946105
11080     0.0033452534034496303
7694      0.0038129370082311933
9714      0.003462920353686085
8261      0.005135629400179998
1538      0.008680311596856035
5601      0.003462920353686085
6099      0.0039607151601407636
1979      0.0033231971407576932
2919      0.0035402811030743222
8159      0.0016416308280936712
11930     0.002064081268117452
2079      0.007878962553520481
2920      0.0025389506093946293
5493      0.004520428907685252
1363      0.00878887494617158
9575      0.00359514907034317
8209      0.005023187485655511
2612      0.004086706594740225
7972      0.0030714838169405992
3570      0.003414289668474861
8698      0.0035138676415182304
7180      0.00359514907034317
9775      0.0020776218393273485
7384      0.003652984281795197
75        0.0021626751648797103
443       0.0020309612589370428
5968      0.0018567901728284812
4348      0.00241063122862691
10958     0.004268068964272255
10237     0.0041147494409862675
9371      0.001312115398088052
12082     0.002649325841947246
2877      0.0018623470208684423
2402      0.002733978309019321
9930      0.001776726069491073
8036      0.002321438685143056
5954      0.0037460595549217972
1130      0.005404719406802661
11304     0.013489576963114069
102       0.0023651055988387006
7123      0.0012765419592908889
485       0.0018567901728284812
4891      0.002192598538228466
5735      0.0028967765001371463
3340      0.0040290112696381355
1917      0.003180359832930879
6753      0.00359514907034317
4838      0.001776726069491073
10210     0.004001085643362856
5259      0.004048917118040546
450       0.0032804038006852237
4048      0.005135890664376385
7475      0.0012657216502948323
2067      0.00808607936208916
8347      0.0025285145184013916
7488      0.0029560661347087414
3096      0.004935899611997603
6403      0.0012354557243912884
6068      0.00261500126573224
4047      0.003488090711276445
3641      0.0033907790332378404
11984     0.0022877448494504635
10223     0.0022877448494504635
8408      0.002024458559020273
7493      0.004132232224528434
8113      0.00911256757531219
9141      0.0037460595549217972
3888      0.0009704232754360722
11238     0.001341173660561363
3692      0.0018963083127049776
7420      0.0067447884815570345
11786     0.003414289668474861
10772     0.0024778087775595746
6114      0.0012261942739644242
10910     0.0012669194880278126
11912     0.003396284649453155
7348      0.00359514907034317
4787      0.006112511192897877
1531      0.0067447884815570345
11863     0.001756350389771886
11414     0.003020937838751925
6853      0.0038842761607812346
1237      0.00439443747308579
12022     0.005764640676946105
9285      0.005764640676946105
5559      0.0032804038006852237
6047      0.006311066168612007
7844      0.006311066168612007
2063      0.0015176557764515499
682       0.004520428907685252
4216      0.012622132337224014
7525      0.0023651055988387006
633       0.004086706594740225
8712      0.004921235059157419
8591      0.005569612977321412
9306      0.005135890664376385
8770      0.0038129370082311933
6241      0.00604187567750385
10478     0.004001085643362856
9448      0.004742538834653449
4095      0.003921813024221473
7216      0.0067447884815570345
3616      0.0029264920454607434
3296      0.004520428907685252
8932      0.002155323308846552
4518      0.0018623470208684423
539       0.0018963083127049776
2339      0.0022031397132033018
10544     0.0014937064736495849
3326      0.0031065587901292946
10901     0.002239114164239239
6696      0.0019738128474072456
6015      0.004742538834653449
11884     0.004112368489414163
10853     0.005404719406802661
9160      0.0024293982159919146
10205     0.0033231971407576932
9589      0.0016416308280936712
10568     0.003088877547205345
115       0.002882222658731924
7481      0.005135890664376385
6458      0.002733978309019321
946       0.002119303379022088
10390     0.003848011981419888
9747      0.0018791928940957955
8519      0.0025389506093946293
7163      0.01027178132875277
10438     0.004742538834653449
6360      0.0018294308593955813
5116      0.0037460595549217972
2244      0.0034383286765762313
3838      0.004520428907685252
12068     0.0067447884815570345
3234      0.004921235059157419
827       0.004921235059157419
11318     0.0052618820989758465
6849      0.005764640676946105
5393      0.004001085643362856
5288      0.0067447884815570345
8910      0.004086706594740225
7597      0.0019615174149996127
4794      0.0013395807429302678
8193      0.0035673633304178273
4376      0.0016553157589904387
6233      0.0022631531723406088
10796     0.009842470118314838
12171     0.0006834637457034682
2177      0.0024389066416402845
11066     0.00482126245725382
2225      0.005764640676946105
931       0.00241063122862691
8776      0.004663266215512067
3781      0.004336602261633764
11294     0.0067447884815570345
7053      0.005135890664376385
2732      0.0067447884815570345
5963      0.0008236604922236483
6210      0.001711876466726666
1017      0.0023740570388758775
10882     0.0033664446403104164
8048      0.0022712877426610168
9256      0.003199634063255895
1710      0.003199634063255895
12005     0.0021775322209632397
2556      0.005404719406802661
8275      0.0067447884815570345
3417      0.004589465172710482
11138     0.0013026332733239532
7132      0.0033231971407576932
6000      0.004086706594740225
2101      0.005023187485655511
8659      0.0025601332984633916
6203      0.0016416308280936712
8906      0.003778975716394658
4623      0.004179781867866825
10446     0.0037460595549217972
9588      0.0035673633304178273
8686      0.0021775322209632397
11082     0.003414289668474861
329       0.0023830840193842656
2549      0.0038842761607812346
3801      0.0027855396559051415
