t_index   tf-idf
12177     0.012062654660738808
5387      0.003855908544821686
4069      0.0043279358195196784
1192      0.01422987170670194
6361      0.0038966326321160684
3497      0.0035390393264000796
4970      0.0037178344079352448
7150      0.005076204833162031
8143      0.0052200368329129105
118       0.002634829268059947
967       0.007454951528931414
11238     0.0035358214687526844
6616      0.013693916597291056
10119     0.0037992935046920816
9600      0.0020940338907464964
2613      0.0035240957771653634
6138      0.003620567639981349
11552     0.0022125950395314397
2025      0.005620286895556958
9500      0.005151322489962906
7426      0.008933310199634796
9264      0.004015604337685511
11196     0.010708704819849861
5075      0.003432282097846003
2932      0.005387022329430296
7296      0.005792667578158542
513       0.004071702221316137
9360      0.017616422235987212
2950      0.01424880570884338
2063      0.002000546250777043
12176     0.010701345413385244
8972      0.005387022329430296
3251      0.00248459827893655
8157      0.0032149223912531027
1508      0.0015261045764970494
1110      0.003253206562452966
5759      0.006573650146353985
368       0.0015962318629490736
8240      0.00734176256101459
2439      0.003305924740604543
103       0.0029515595801335426
7207      0.0014164602160907625
10222     0.0075988445287016836
4263      0.006611849481209086
2466      0.005575307871565643
1214      0.006147032738629543
2357      0.004134904900743531
4016      0.0030904742453358863
5355      0.005958747196494196
3137      0.006379930310647173
12087     0.002890243527664796
7552      0.0024258378175963024
6880      0.009395373684665188
5186      0.0018589172039676224
4739      0.002355671749373324
2093      0.0037616900223874867
9583      0.002376357406697806
11859     0.0037432577727391403
9471      0.002870383382178816
6514      0.009195875511546991
3330      0.005387022329430296
3461      0.003939413365179581
4073      0.003917217351528449
10933     0.0022693831309611003
9371      0.0008648033305580343
11115     0.003857648605380071
2417      0.004597937755773496
1889      0.006031327330369404
8918      0.0025856365924994897
2627      0.005958747196494196
10822     0.004711343498746648
667       0.012583924833967208
6727      0.0038257468237452995
9824      0.004934997469321163
232       0.0025856365924994897
867       0.0048550197234605895
515       0.015430594421520285
5107      0.0030714040065386436
10582     0.0048152974623663965
3797      0.003960617479332041
6509      0.004937987595124187
7541      0.003620567639981349
1061      0.01428434891633141
5897      0.017616422235987212
83        0.002993970206234977
3378      0.0031413380255519863
5724      0.004702433481005318
10712     0.004776663620484228
7888      0.0011541135987812503
689       0.00498137708070205
11412     0.003014456326288806
10243     0.0017582858307046928
3873      0.0030047752171081183
11009     0.00734176256101459
2472      0.005958747196494196
6817      0.0042176994470191345
3267      0.004666734181325243
176       0.008939326542172488
670       0.0032149223912531027
3888      0.0012791943176202769
10246     0.0033194181164849248
2651      0.0037071007398886227
11851     0.003253206562452966
449       0.0020112284762544784
12111     0.0011252181814899581
11786     0.00450065456298959
2249      0.002200280140125144
902       0.003725063365213171
3426      0.004469663271086244
5423      0.003918523397629548
6311      0.0018445532731077875
2918      0.0037803664148845363
8743      0.004118708141344133
10683     0.006049749545845636
9197      0.004702433481005318
2749      0.00344704712301068
5395      0.0029308232208432807
1361      0.0031654419803546063
3653      0.004487722442389458
9930      0.004684096001385556
1165      0.006306676996298543
2825      0.0050723794300534895
10503     0.006031327330369404
9509      0.0029726054487306864
10223     0.003015663665184702
6403      0.0016285552730612438
8932      0.0028411079980250006
4908      0.008890857543870636
8064      0.005329461397740583
8450      0.002507280489523128
10156     0.006147032738629543
7175      0.0036374546324677384
2647      0.0036374546324677384
1219      0.004269929381738143
3007      0.009875975190248375
6424      0.00564410429711739
8800      0.0033194181164849248
9791      0.0029726054487306864
213       0.004380578049180596
5646      0.004631916436546759
9594      0.004937987595124187
6203      0.0021639679097598392
2244      0.004532342346395941
10910     0.005010090702655441
8718      0.0036374546324677384
9459      0.003374721166156289
5427      0.005447033386878391
7769      0.002140269082677049
3410      0.006147032738629543
8478      0.005026144238122937
11611     0.005447033386878391
2790      0.0048550197234605895
8769      0.005531775313893987
8174      0.004352091281948437
6265      0.008890857543870636
7437      0.004409652213638149
2773      0.00791348742807849
6570      0.0037992935046920816
9267      0.006316354013695695
9578      0.005026144238122937
5274      0.005441668797764193
485       0.00244758704600118
3970      0.004532342346395941
4906      0.0017346238339488026
4316      0.008052425777419192
6022      0.002433050350044218
953       0.0027567611071618366
2447      0.0031059374962976857
5089      0.005026144238122937
9705      0.006251528463861365
12062     0.004071702221316137
587       0.005091828662810592
569       0.0029411532818374017
1376      0.005792667578158542
1607      0.0025226072384600903
10391     0.006251528463861365
7484      0.004352091281948437
11108     0.0042176994470191345
8036      0.003060078266779483
1248      0.006049749545845636
7317      0.003939413365179581
7135      0.0032662024795103487
876       0.00248459827893655
7475      0.0008342256331488668
10929     0.00734176256101459
11867     0.0033888926122681404
8874      0.0014164602160907625
11123     0.004702433481005318
5933      0.005575307871565643
6580      0.003492293155294097
1682      0.0028507990809777998
11937     0.0031059374962976857
9359      0.002469677007218533
10888     0.006487082577980235
8959      0.0021699553795597433
11913     0.003982145332900265
8805      0.002775073663501748
11729     0.004071702221316137
4953      0.0035549722306037943
191       0.004004006964909903
