t_index   tf-idf
946       0.005660770867651104
11552     0.013450248792941119
2025      0.0113884760778391
3888      0.005184103287197964
1295      0.013080146584072102
1617      0.00533899614843726
6941      0.03371437979547993
2633      0.030795317300527873
8874      0.005740391402052037
12176     0.008673722071901724
5387      0.0195332209178467
667       0.01092814525055047
2441      0.009456277156895886
9701      0.019838337109693772
11024     0.0046378971580605674
8157      0.006514448003328654
11220     0.0051272548104675155
12177     0.01833206070151753
2958      0.009679028915191724
1198      0.016035224525316936
3497      0.007171211266652792
4970      0.007533506563447733
9264      0.0011624117819615952
1955      0.0041191733887821404
8143      0.005288721528082817
407       0.014054764027527589
11238     0.003582345435446798
6616      0.013874099710413307
1323      0.010915808404371915
6166      0.009223126652257004
8875      0.010475368998907353
6816      0.011209123662364132
704       0.004163644333830144
9371      0.005257093930497524
967       0.0037765214982086763
6138      0.00733641337575168
3686      0.013417198152474587
1649      0.006045001236646626
10503     0.006110686900505843
6818      0.008546390984749299
10067     0.007045599806725013
2164      0.006389659588355102
5735      0.007737442493787377
2813      0.007171211266652792
11022     0.0067261893412984
356       0.00899550171868697
847       0.010915808404371915
1173      0.013718234274584292
12111     0.0022800473677559675
8338      0.019675606247708703
10919     0.007857342626065002
4376      0.004421435514145514
6361      0.003947904114117595
9796      0.009385725410897378
2613      0.004760620611258473
1694      0.008494908501118005
12180     0.007982495503127044
10988     0.007101671533654386
8474      0.015397658650263936
6016      0.015397658650263936
2810      0.010579278651428617
1192      0.008238346777564281
927       0.0067261893412984
3565      0.007137953567143713
7694      0.010184555429880686
485       0.004959584277423443
9849      0.01067799229687452
1171      0.0050345807231082715
8708      0.006088623466245397
11110     0.007737442493787377
10702     0.013144877855381
6499      0.009385725410897378
10273     0.010475368998907353
11872     0.0064638767621030555
6132      0.005531296264616542
9267      0.00853261857990471
10317     0.0061847395994880415
4946      0.016857189897739964
4818      0.014054764027527589
6505      0.008069083964034747
9042      0.00899550171868697
8818      0.018015685023106288
7475      0.00169040457243323
2433      0.006023437356638495
6101      0.012258703027108261
437       0.013144877855381
1715      0.018015685023106288
3801      0.0074403230282729434
5953      0.006438922886990299
6989      0.004197457752596006
831       0.014436289994486054
9507      0.011919410668498942
6114      0.0032752294422997118
10032     0.006514448003328654
8568      0.013718234274584292
11664     0.014436289994486054
6360      0.004886506111280302
2160      0.008250554501087961
6079      0.006671764828364255
9046      0.014436289994486054
7426      0.002262713438723287
11851     0.006592023823917851
6203      0.0043848823434607265
6098      0.009119747403952588
217       0.008652225326153605
7         0.008876434468076469
7217      0.0032425753664342507
2377      0.01158329288304808
11015     0.009385725410897378
6614      0.008394645563244736
9583      0.004815250534624501
2877      0.004974426911003865
3267      0.009456277156895886
10958     0.0022800473677559675
