t_index   tf-idf
8893      0.002274327008888112
12087     0.0020606365891684196
3785      0.0041645140406245396
7426      0.003980699568124301
9471      0.0040929540819957195
8835      0.0042483660567597505
12069     0.004129957439983405
539       0.0035643572914732446
11196     0.0076349099178559185
12124     0.0038407474015382664
11236     0.00876521334952731
3433      0.01210204036438119
8036      0.03272583701972503
1607      0.0017985255311243234
4414      0.002668804152786239
6596      0.0028086558251743305
1597      0.033885282878729675
10037     0.009027371573603876
1527      0.003930937134286322
158       0.0051626612644178485
5387      0.0041236799715454135
9264      0.006134951071463976
8004      0.029486223848776253
8874      0.003029651017749686
5320      0.013875148847346612
8315      0.007248464754017966
6871      0.002310234800967389
2402      0.025694333181987137
6880      0.006698553460363142
7256      0.008596631121696828
4419      0.021246657712697344
9105      0.012575674831486573
3944      0.0062057597909264735
3642      0.004945194750426374
11170     0.0028547086694265043
4586      0.01267770427551924
1955      0.0028986775698837284
10143     0.002681945664109597
2150      0.006246771060936809
448       0.002870540670654063
8809      0.004720866016611428
9600      0.0029859372145829666
4588      0.011862466965076271
4587      0.007035680831426243
8646      0.0031867043692003776
2918      0.0026952612402417527
7528      0.005234404788871512
11300     0.0037223387847619208
8743      0.005872972720064782
931       0.006796640825156426
3565      0.002511502181032047
5142      0.0020822570203122698
8554      0.007371555962194063
1964      0.003928220922115581
2993      0.00633885213775962
10882     0.0015819172731088298
11851     0.0023194157898970215
2579      0.0023763354038679745
5164      0.005642023444092997
2339      0.0010352716707876628
10673     0.0035008333273150454
6900      0.0014038074729206744
10901     0.002104352663613729
1649      0.00212694487956085
1915      0.005642023444092997
9081      0.002500862793645934
874       0.014071361662852486
6388      0.0025345635347823344
6241      0.008517366406481122
3133      0.0036505002807342155
7759      0.003143918707871643
243       0.003123189905434313
1488      0.0059312334825381355
5089      0.0035834546882913525
11024     0.0016318527037620513
11503     0.007301000561468431
11457     0.0059312334825381355
11901     0.009431756123614929
3696      0.002310234800967389
587       0.0036302852503371803
2762      0.0036302852503371803
12044     0.0023861433967921745
6777      0.002274327008888112
2763      0.004024037322944806
7123      0.002399426090148615
9583      0.0016942548177382505
11737     0.0034055842479378284
10958     0.001604477777309755
6721      0.006246771060936809
6853      0.0036505002807342155
4770      0.0028391221354937073
341       0.0025933704324075536
485       0.001745038912426767
6113      0.005642023444092997
6403      0.002322199185661403
6969      0.00453757609520489
11927     0.0029859372145829666
12032     0.0059312334825381355
4255      0.0025119713188352134
7597      0.001843463126133895
6414      0.003974988019542171
5524      0.012939742084169831
1879      0.0032451741924607973
8028      0.0016272092252953877
5015      0.0022227612803900746
3969      0.004945194750426374
9930      0.0016697934819754063
8256      0.0029029728800124307
1577      0.003974988019542171
10243     0.0012535926755950124
3407      0.0062057597909264735
947       0.0035834546882913525
11899     0.003327208629278182
1094      0.002953671587067592
5946      0.0059312334825381355
8005      0.004720866016611428
8828      0.0030255100910952975
10910     0.0011906697040261387
6616      0.0032544184505907754
2877      0.003500522641076794
5538      0.009441732033222856
7072      0.011284046888185994
8262      0.0022144184001381645
9493      0.0018905038148809119
191       0.0028547086694265043
12084     0.0012335858490075578
2832      0.002953671587067592
2876      0.0021578799757598814
6521      0.002668804152786239
1476      0.0035515373630931276
7429      0.007035680831426243
2364      0.0059312334825381355
7425      0.0011072054063126877
346       0.002479007339403245
5764      0.0022655469417188086
12082     0.0024898756755337543
5790      0.006051020182190595
7922      0.002292120593763786
3888      0.001824036341791876
7097      0.0019210627422071903
8311      0.002870540670654063
1802      0.005558171427957786
3996      0.00633885213775962
3634      0.0017767882237028662
8566      0.00217371197698744
7207      0.0010098836725832287
6319      0.004382606674763655
10068     0.0021897973009581064
1700      0.005079435368430278
2932      0.0038407474015382664
8528      0.004826786133650029
3359      0.005079435368430278
5421      0.00633885213775962
2295      0.011862466965076271
10147     0.007371555962194063
726       0.0059312334825381355
131       0.0022655469417188086
7322      0.002655832214087168
4851      0.007035680831426243
2355      0.006922898494564174
9474      0.002668804152786239
1567      0.003616418667723321
5714      0.005642023444092997
9690      0.004382606674763655
12036     0.002681945664109597
4757      0.0025694333181987138
10062     0.002988949287430409
6114      0.0011523955445128615
8965      0.004382606674763655
3036      0.003974988019542171
4758      0.0025933704324075536
3653      0.0015997899447406862
9370      0.0023960480217442
808       0.003616418667723321
3873      0.002142293441827084
338       0.0008354068058704242
5759      0.0009373538171652904
1838      0.003490590745680282
9786      0.0042483660567597505
8519      0.0023861433967921745
11467     0.004625049615782204
9538      0.002936486360032391
5582      0.004208705327227458
612       0.002988949287430409
8882      0.004445522560780149
8770      0.0035834546882913525
5989      0.004238715176893756
3885      0.0035515373630931276
4832      0.014071361662852486
387       0.0054176947102780515
1517      0.007035680831426243
9114      0.004826786133650029
8613      0.004187419439346906
6095      0.004075603051442843
5640      0.002919589974056698
8706      0.0025813306322089243
9747      0.0017660933217659557
7180      0.0033787743577762194
5395      0.004179136814906159
8295      0.004313247361389944
69        0.0035515373630931276
6311      0.0013150981669379593
2883      0.0025813306322089243
2787      0.0026303799356115587
4850      0.005234404788871512
9157      0.004945194750426374
10810     0.00633885213775962
1600      0.005234404788871512
1596      0.005642023444092997
11108     0.003007063494634012
9258      0.0032781593258755476
1161      0.002870540670654063
199       0.002248213558865684
8296      0.003327208629278182
5075      0.0024470900142050203
8822      0.0024176769501211243
8977      0.004129957439983405
6614      0.002953671587067592
9814      0.003165083938056527
449       0.001433931413625878
8136      0.0024682552443899036
6821      0.005617311650348661
2738      0.0035428531014465615
12171     0.0012846587072018892
208       0.0016746383650907855
689       0.0035515373630931276
3340      0.002524349653507844
6162      0.010468809577743024
11238     0.001890682313152477
10805     0.00217371197698744
2179      0.0032781593258755476
1806      0.014071361662852486
12012     0.0019785247415706904
8285      0.004313247361389944
9539      0.004315759951519763
9738      0.003165083938056527
9729      0.002436672187291417
3946      0.003123189905434313
5676      0.004382606674763655
3837      0.003123189905434313
1444      0.003165083938056527
11995     0.0021345898692601223
9650      0.00633885213775962
3516      0.003165083938056527
6033      0.0014889230835194462
1101      0.002988949287430409
2578      0.0059312334825381355
675       0.002953671587067592
4286      0.0015687182480521858
12064     0.0018550185556651427
102       0.0022227612803900746
8901      0.0024161549180059887
3656      0.002681945664109597
9714      0.003254503850917941
2637      0.0016553973700889919
4682      0.003928220922115581
4873      0.0022396576663657676
7217      0.0011409061474490882
10544     0.0014038074729206744
10201     0.0027646205536154636
10440     0.003327208629278182
9250      0.004826786133650029
329       0.0022396576663657676
1021      0.0034055842479378284
966       0.004187419439346906
3862      0.003254503850917941
3762      0.002681945664109597
12005     0.0020464770409978597
7780      0.003302384866797226
4677      0.0025460529318461077
6229      0.0026430255275131844
11081     0.004313247361389944
6410      0.004313247361389944
6246      0.0031028798954632368
6989      0.0014768832833208171
