t_index   tf-idf
6570      0.013297527266422285
2920      0.011713794856979768
3774      0.011208359951053607
6241      0.013937508665150927
4114      0.01865311489209204
4739      0.008244851122806634
12176     0.02996376715747869
7922      0.011252228369385858
10540     0.02227537355827855
5387      0.0134956799068759
667       0.006291962416983604
11552     0.007744082638360039
2025      0.01311400275629957
8338      0.016992569032112062
6311      0.012911872911754512
7148      0.027724322355324283
5559      0.030269180524504564
6711      0.043029229170406795
7887      0.02142054786745638
11022     0.0348538902230917
5969      0.0143325325999147
11008     0.03218556429041447
10317     0.005341366017739673
11138     0.006009876238290057
3848      0.012169672393434115
3592      0.016718322671694798
5764      0.011121775895710517
3653      0.015707028548363103
2339      0.010164485495006143
1649      0.010441365772389627
2832      0.014499842336513635
2561      0.009616926372973586
3982      0.015752290970463562
5         0.016458517183518612
477       0.013642784414078202
1192      0.00711493585335097
6361      0.00681910710620312
6514      0.03218556429041447
4069      0.015147775368318876
10988     0.006133261779065152
8259      0.003380398198260662
1889      0.021109645656292916
2063      0.007001911877719651
5435      0.013364673398360016
5136      0.026595955850455894
11897     0.013231282452095877
11937     0.0108707812370419
6727      0.006695056941554274
5330      0.011341152659294456
7426      0.007816646424680447
1549      0.014170709428157766
2164      0.01103668474352245
704       0.0071917493038884325
338       0.004101087956091174
2958      0.016718322671694798
11238     0.003093843785158599
7796      0.023695131928827416
8495      0.013165915078356204
2822      0.011617963407697236
3719      0.02317516044518338
10563     0.01503875881296975
7475      0.002919789716021034
9264      0.0020078021688427557
3579      0.013101402204586991
10822     0.008244851122806634
11328     0.02569616896355106
4039      0.034538796808819744
10848     0.01103668474352245
6989      0.0072501542999385575
