t_index   tf-idf
5387      0.0055186795158228595
11990     0.004078654422233978
8313      0.0028517920833758944
1192      0.011637813291726494
11552     0.002533380193961648
2025      0.007507644700632467
9360      0.010085238008706435
515       0.00883387189930901
3736      0.004359120135540628
3267      0.008014985843019561
12177     0.0293494701689723
8392      0.005807780165265705
5802      0.0015730288491109209
7578      0.003970862699227125
11143     0.007751567322441682
7426      0.00639279633245241
9264      0.005911447277782388
10933     0.00779520450932363
3774      0.005500013061483554
2920      0.005748033164019811
587       0.002915024587631342
11057     0.005117681366150792
11859     0.004285960572504294
6241      0.00227974119429978
4114      0.009153201359688288
4787      0.0046127872570939366
10684     0.0015678707560723112
8259      0.0011058551726651979
297       0.0025947238711709103
14        0.002671661947673187
9284      0.010852271543192021
5968      0.0014012208367441697
11001     0.004438173606778353
7217      0.0018322358947881268
2157      0.0022433182276392206
199       0.0018052569840705864
10544     0.0011272208704493148
12176     0.0012252841588560057
5649      0.003875783661220841
9112      0.0023579221329628123
2357      0.0007890648757304879
5393      0.003019406637928103
2117      0.004350267871450034
704       0.002352691222089896
8101      0.0026508485436705785
12084     0.0009905373360060688
1617      0.001508415268703464
2832      0.002371721423072862
9921      0.002671661947673187
8709      0.0025244849104099436
2625      0.004583253763729912
1171      0.0028448188472582057
8418      0.0017454341525252309
12124     0.0030840202183355595
9471      0.004929803429615662
5963      0.0006215727878118981
10910     0.0009560767883629961
6816      0.003166889956653063
8267      0.00277945367068004
2249      0.0025192798630429155
667       0.007204180016471933
8755      0.005314429118037484
7411      0.0018405131905315157
2787      0.0021121266397475715
2438      0.0020824089717473293
9396      0.001981944731554718
10702     0.0037137944870221412
6645      0.003362388843490452
6649      0.0028517920833758944
12026     0.003362388843490452
3250      0.0014530400451802095
10108     0.0025947238711709103
6535      0.0011362069240657031
10148     0.0031542591790965258
8918      0.007401264595630509
5759      0.0022580121692308856
9267      0.0024107026471106244
5274      0.0015576524067949546
6210      0.0012918621663401977
7488      0.0011153929839142647
6753      0.0027130678857980053
5363      0.0017848194667816214
1979      0.0025078402214639838
2339      0.0008312962114874912
621       0.0013887696056127529
7541      0.004145482650982362
1061      0.008177657000427647
5897      0.008068190406965147
953       0.001578220113393765
338       0.003354049629516945
8159      0.0037165545513347426
3348      0.0031918119413424126
176       0.005117681366150792
5395      0.0016778690557987552
12111     0.0006441769514849574
2082      0.002026067123663986
2822      0.0019003360220768712
3592      0.002734595529942643
1607      0.0028883383994264228
4417      0.0009161179473940634
3696      0.0018550584275425874
4029      0.0031918119413424126
110       0.0018052569840705864
6361      0.0033461789517427944
3565      0.0010083354481466955
8237      0.0030840202183355595
5629      0.003875783661220841
9500      0.0019660561671729555
3251      0.0014224094236291028
11912     0.0008543318263184517
118       0.00754207634351732
477       0.011157667550547229
3497      0.002026067123663986
4069      0.0024777030342231616
12184     0.0037907325635244183
3068      0.005189447742341821
967       0.004267890466377091
7529      0.002558840683075396
4594      0.021015454170933954
11623     0.002541480039480334
11549     0.0020478193408018323
2236      0.002558840683075396
11071     0.007157883891707436
2150      0.00334399640436766
448       0.004609938920901693
2996      0.002877420864947703
9505      0.0019993053751497804
5259      0.0030555025091532745
11138     0.0009830280835864777
5075      0.003929899204968657
11238     0.0015181686975499443
6616      0.0026132133283554185
9509      0.001701788992953627
9824      0.002825240186897617
2207      0.003272603193723621
8769      0.003166889956653063
331       0.003596773650074393
1219      0.0024444948876865204
7464      0.004530398007152741
4906      0.001986112047792681
5990      0.00420309083418679
5753      0.002877420864947703
4027      0.0014096296504245531
8597      0.004762626142112406
449       0.0011514096109412255
10740     0.0017915746427204578
4376      0.0012491788069704797
7175      0.0020824089717473293
8390      0.0019483049135383685
6009      0.0014620094576138362
11024     0.003931005769657284
6403      0.001864665517111015
9594      0.0028269520061305754
8491      0.003953533526916058
7671      0.003231197255598803
11923     0.008157308844467956
9723      0.0024444948876865204
3096      0.0018624305227425899
10578     0.0032978653338032737
12045     0.001654637558588768
3330      0.0030840202183355595
5927      0.00420309083418679
8651      0.002175060222017028
3536      0.0033162483532952246
201       0.0020824089717473293
10143     0.00215353257787239
7296      0.0033162483532952246
513       0.006993035041814331
12171     0.0005157737560513161
7447      0.0011731861595990474
1261      0.00277945367068004
919       0.003231197255598803
6387      0.003999227645588576
11899     0.002671661947673187
4357      0.003231197255598803
4263      0.0018926111897884742
9930      0.004022402142453767
1726      0.001637642429518378
11867     0.0019401095252390094
1572      0.0038802190504780188
7150      0.0014530400451802095
8143      0.0014942112867445878
2613      0.0006725040268692267
11910     0.004413238956213739
8136      0.001981944731554718
9352      0.0035191191143083625
10250     0.0017781203510403105
5512      0.004762626142112406
75        0.0016320559794445395
1800      0.002541480039480334
9459      0.0019319965040448643
9175      0.006038813275856206
1165      0.003610513968141173
662       0.003578941945853718
8959      0.0024845585758527912
485       0.0028024416734883394
25        0.0018926111897884742
758       0.0008543318263184517
7681      0.002802853535564836
3653      0.002569179390810321
6397      0.0029889411803292747
7227      0.0012320393347948423
10503     0.001726439421704253
1195      0.0023857607128320553
2825      0.0029038900826328525
10742     0.0021971777374439937
9583      0.004081327590685451
7317      0.0022552775399169345
1942      0.0011272208704493148
6968      0.0031918119413424126
10300     0.005089933315078356
11851     0.0018624305227425899
7525      0.0017848194667816214
3861      0.0026281623020837615
9256      0.0024145937354682033
4673      0.0019401095252390094
5659      0.0019160110546732703
8273      0.0031918119413424126
28        0.0019905783840561374
6614      0.002371721423072862
10522     0.0013684350590253685
789       0.004530398007152741
11872     0.0018262254049064397
2441      0.002671661947673187
11662     0.0024000484984571316
4073      0.0011212852641921582
2433      0.001701788992953627
6607      0.0013525283608185553
10317     0.0008736806869165264
2637      0.0013292410109264766
11005     0.0021121266397475715
7475      0.0004775864219513958
1889      0.003452878843408506
2627      0.00341132739130151
10822     0.002697200367312207
6727      0.0010951022506631525
232       0.0014802529191261017
4016      0.0008846338917875956
867       0.00277945367068004
11863     0.0013254242718352893
4283      0.002142980286252147
455       0.0029889411803292747
12240     0.006632496706590449
2069      0.0034781055695917483
1798      0.0013846615111794503
1686      0.0020631880919365136
10958     0.0006441769514849574
7887      0.0017518663683421573
2252      0.003019406637928103
2651      0.0021222807209771294
2658      0.0014848789421812963
9541      0.002219918362754424
9701      0.004203662510232509
7790      0.002092193804446878
1380      0.003875783661220841
7287      0.002692099464962152
9539      0.001732721467524663
564       0.001701788992953627
2083      0.0021121266397475715
4757      0.0020631880919365136
1988      0.003875783661220841
9784      0.0037137944870221412
1011      0.0019239642107685773
7502      0.002692099464962152
717       0.0025947238711709103
7140      0.0012596399315214577
11773     0.0033162483532952246
2210      0.0017140201180676073
2417      0.0026322766334167967
6201      0.0028269520061305754
876       0.0014224094236291028
7222      0.002371721423072862
4737      0.005089933315078356
8411      0.002802853535564836
10246     0.0038006720441537425
3319      0.002877420864947703
6724      0.0027130678857980053
6011      0.001042467701825825
9024      0.004762626142112406
219       0.003463425390558468
10664     0.019050504568449624
1878      0.0027130678857980053
1508      0.0008736806869165264
5342      0.0018849595797609047
10008     0.0019565843585685728
7425      0.0008890571292324928
10037     0.0018121861151472465
3318      0.006038813275856206
6017      0.0023579221329628123
6071      0.0035191191143083625
368       0.0018276558133394594
2809      0.0012702384051728893
10495     0.0033162483532952246
1534      0.0031918119413424126
3682      0.0022552775399169345
3137      0.0018262254049064397
5551      0.0036435555262611754
2456      0.002541480039480334
677       0.0036435555262611754
4222      0.005089933315078356
5426      0.005089933315078356
5423      0.0022433182276392206
4518      0.001405414294558713
6501      0.00420309083418679
11937     0.0017781203510403105
11059     0.0036435555262611754
6286      0.005089933315078356
4835      0.0024145937354682033
3017      0.00420309083418679
2786      0.003875783661220841
83        0.0017140201180676073
3378      0.0017983868250371965
5724      0.002692099464962152
10712     0.002734595529942643
7888      0.0006607193093394517
8712      0.0037137944870221412
3846      0.002142980286252147
332       0.002692099464962152
175       0.006724777686980904
10077     0.005703584166751789
5380      0.005089933315078356
12038     0.003272603193723621
8534      0.0030840202183355595
902       0.0021325641570365365
4680      0.00420309083418679
11666     0.005303458224744987
9371      0.0004950918695388003
