t_index   tf-idf
10821     0.004915292210948831
10907     0.004895311635125958
11412     0.002231857087733058
10243     0.001301807778502513
5799      0.00310921714382919
1249      0.013165308286116135
9112      0.00609885628622112
3774      0.03793598752664298
3631      0.008577603913811687
12098     0.008158612684393898
2920      0.009911672571290572
6241      0.005896638281410008
4114      0.007891702454346632
4395      0.0056258769204094285
12176     0.012676978412779445
7922      0.004760558156278632
10540     0.009424196505425541
5387      0.011419421459664224
7148      0.011729520996483351
7941      0.01403490887076276
12005     0.008500750785683417
5969      0.006063763792271604
587       0.00376991160611938
3861      0.016994607193762785
10564     0.011718048691577764
11927     0.0031007809536053887
149       0.0058647604982416755
10848     0.004669366622259498
5950      0.012318715694502283
7769      0.003169244603194861
9371      0.005122296650228357
205       0.00797693691088717
12084     0.0076861887515086305
6182      0.00499718326526989
8101      0.010284782570875756
2117      0.01125213516750057
8259      0.004290505405484687
12177     0.00893100393150854
704       0.006085326334059443
4397      0.003488206244264345
3096      0.004817248179016892
7775      0.0068587993387327
6184      0.006486625188209728
3790      0.004651596691682749
6535      0.008816528728086755
8808      0.010871456099963912
1617      0.0039015741084733827
3696      0.004798179971239962
201       0.005386230898077228
1766      0.006910356383885456
1708      0.0098048755729622
2959      0.009424196505425541
946       0.004136717172514268
9738      0.006573635871348172
3653      0.026581125235691404
12171     0.0013340686574788852
7447      0.0030344911243475364
1261      0.007189163821278181
8874      0.0020974507045959366
9503      0.003657021722227443
6387      0.0034480520405875863
5978      0.006403095880183658
9175      0.007809811400025574
1165      0.004669366622259498
1572      0.01505450371988347
7759      0.006529677316348798
4673      0.005018167906627823
7426      0.0033070427181340354
967       0.0055195314204588355
11071     0.01851414198912789
7151      0.0058647604982416755
4970      0.008257882194548477
1963      0.006711353089855528
4069      0.009613011291433132
7175      0.005386230898077228
9370      0.004976407429776416
11238     0.003926801727316683
6616      0.006759176781996227
2787      0.005463096789347084
513       0.012058502732359328
6210      0.0033414511802453196
6166      0.0033699885844785207
9600      0.0031007809536053887
11912     0.0022097621276890725
338       0.0017350756737308812
9488      0.0038406964946804687
7552      0.0035921059991329864
629       0.00846471402991975
1192      0.012040660674901641
8159      0.0032043370971443774
11923     0.010549596534432118
7796      0.01002486350835006
7475      0.0037058869472574663
5075      0.005082417721810427
8306      0.01002486350835006
2264      0.008823529502501022
8392      0.007511023386809975
7337      0.005741904226739809
5990      0.010871456099963912
11143     0.01002486350835006
3068      0.006711353089855528
11220     0.0037468400538031845
3719      0.0098048755729622
6569      0.009102336939893745
398       0.00701745443538138
2438      0.005386230898077228
5883      0.010270789097039393
11138     0.0025426399469688703
2958      0.007073136514947799
6311      0.002731357731332685
2145      0.007442559737220502
12181     0.00395158737962611
10860     0.007581808275371063
8043      0.015163616550742127
11001     0.002869876683229272
6514      0.006808484753741523
2339      0.002150179623943607
2063      0.0029623473328813906
5435      0.005654284899306161
2357      0.0020409466497259736
4049      0.0029388429093622514
3785      0.0043246876575716384
2788      0.010270789097039393
10501     0.005126376276809801
8187      0.007512983355263217
6727      0.0028325240906575777
10446     0.007312020092780047
2524      0.004705366725108295
6865      0.014612567880654508
2882      0.0048559151033217675
9640      0.007731011322197836
1406      0.023436097383155528
2742      0.01125213516750057
3597      0.006910356383885456
1913      0.0036902524646136455
3583      0.004433378959232561
7516      0.0044175009037033044
1508      0.002259808699812939
7413      0.012318715694502283
7490      0.003938971303538856
8034      0.003075674988918745
6203      0.0032043370971443774
10958     0.001666188461052438
7217      0.0023695743062404143
11863     0.003428260856958585
