t_index   tf-idf
12176     0.015330299475919327
10988     0.009413843660890698
7140      0.003940036529991537
3037      0.007054298351600644
2524      0.005690210923386775
2659      0.008116054899360172
11552     0.007924177583438179
2025      0.010064234673439204
8837      0.006606535652233683
5963      0.0019442218595511697
4073      0.0035072760007870993
9267      0.007540453628753
2877      0.008792010354332414
667       0.006438287124355315
1171      0.004449164359956147
4739      0.004218295923296417
4906      0.0031061868654432044
11015     0.00829436199102559
1562      0.009257302836243708
4848      0.008920140353815298
9539      0.016259374701074455
621       0.004343942138486402
4286      0.01182010958997461
9550      0.005175552363492775
8143      0.01402126172561491
118       0.018872730571220082
6311      0.00660607451299068
2658      0.009289126405738807
7         0.01568858185055376
5582      0.010570701752106174
11941     0.023714117664838805
6387      0.004169737351408243
7488      0.0034888454961969446
3104      0.007552624591173798
368       0.0028583686848157827
11859     0.006703042988393344
11549     0.0064053884032057315
482       0.010372916360888553
8755      0.011082026610481266
9701      0.00876577686242283
11835     0.010143003879804852
1913      0.004462630887439757
7790      0.006544187597630352
1380      0.012123090754283793
7287      0.008420636698544407
7475      0.0029876918024401276
8491      0.004122095033877595
5710      0.005361295485583562
4757      0.012906920854207493
10907     0.01775973523441045
2150      0.010459709683429077
10101     0.007552624591173798
109       0.00709226850950156
1017      0.016811636472969876
3369      0.007552624591173798
12240     0.020745832721777106
9264      0.0010272476212683866
10495     0.010372916360888553
1534      0.009983690839780337
7920      0.007054298351600644
4562      0.006199338753351386
8315      0.006068482119642948
3326      0.007332923655770311
2417      0.008233516446385097
10822     0.012654887769889251
11480     0.012123090754283793
4417      0.005731063438348908
4673      0.006068482119642948
5462      0.017671012320791494
9930      0.0041938999082173
1165      0.0056466759152905555
8069      0.010106884439024163
8800      0.011888148603225079
947       0.009000304798499212
10673     0.005861860455039146
10289     0.005266716341894882
2261      0.004531062390645711
6182      0.006043105344047308
105       0.006309137265911699
5157      0.007375361090313913
4532      0.017671012320791494
1122      0.012420489140605775
9047      0.022387312735528703
471       0.007418523986123255
10882     0.007946375139337377
3571      0.011651018851575738
5309      0.010670314747210537
475       0.010372916360888553
11024     0.004098606790844222
8445      0.010106884439024163
8801      0.00829436199102559
2357      0.0024681215299011774
8450      0.004489781341704206
10008     0.006120013865755188
240       0.017671012320791494
6453      0.008420636698544407
8659      0.006043105344047308
49        0.008174102695328783
8882      0.005582749262375072
12066     0.00829436199102559
9163      0.010106884439024163
3736      0.004544974094807864
9257      0.015920837927396257
505       0.00784429092527688
9459      0.006043105344047308
9371      0.0015486013128597357
3449      0.005266716341894882
10706     0.015920837927396257
10553     0.005919911744803484
2339      0.002600217219652734
9545      0.00750712844284847
11170     0.007169965960420058
6646      0.008116054899360172
4322      0.0034075335995877878
9935      0.015920837927396257
7119      0.017671012320791494
11932     0.015920837927396257
12167     0.017671012320791494
6203      0.003875012303523433
12003     0.009349129971029942
11732     0.009543454130837788
5145      0.008553560436681058
10345     0.004615706112569694
7217      0.002865531719174454
7887      0.005479675035860934
