t_index   tf-idf
5291      0.007300433946058292
667       0.0077620470938489314
2809      0.0031934030933785723
2025      0.01078534806125572
6028      0.004420525392588327
5387      0.006937031727833406
6965      0.003437412138105472
8769      0.005971215408922949
3267      0.0033583040370284453
1219      0.00614550583913714
9360      0.007606343058902889
515       0.005552129768490942
10418     0.003757126997703621
5423      0.002819871977733413
4518      0.0017666189029733354
8959      0.0015615566750102822
11836     0.0017405324603143556
10077     0.0035847293010659604
4016      0.001111993069583473
176       0.00643297330604936
368       0.006892141314789457
12177     0.02387165536833124
7426      0.006428643788522236
9264      0.006192287062786068
10933     0.006532429947065596
4255      0.0025354476863009632
7679      0.00476498625975733
7140      0.006333516665033124
443       0.0019265660540384094
8708      0.0021623148758628512
1171      0.0035759638780955946
5963      0.0023439684101130925
4073      0.0014094660563910772
9267      0.0060605515146986725
6150      0.002459444824555823
6816      0.0019904051363076494
10503     0.0021701504880301124
1192      0.005851536028924162
7408      0.002834904945035773
5759      0.0009461141332135642
12113     0.002428537661626488
7552      0.001745696373410423
3037      0.002834904945035773
6649      0.007169458602131921
2527      0.004991411523794845
4069      0.0015572479350608188
2675      0.003053785886339179
5299      0.0022102626962941636
9701      0.00528404306192778
539       0.003597669041860845
2832      0.002981275994423364
6241      0.0028656559872272933
4114      0.026846539190487607
2920      0.0024084438023696717
3774      0.00460904521351737
2787      0.010619851702656013
9396      0.002491323050412239
11739     0.003967674864513297
49        0.0032849197747582956
1634      0.0045799833484311036
2561      0.009886559822683124
338       0.0008432143461122038
9471      0.004131205989304091
4970      0.005350901858149791
7150      0.0018264849166050295
4673      0.004877471610180313
10800     0.003383994187265509
5075      0.0049399200286755545
8028      0.0016424167881486157
629       0.004113692799587169
12184     0.00476498625975733
6020      0.0016805323202455213
7475      0.0024013223832696352
3068      0.009784776467452919
7529      0.00643297330604936
4594      0.01056664891959109
6721      0.004203434732592993
7323      0.00476498625975733
118       0.0037921841801984275
331       0.002260589046425261
405       0.0038352198843553723
4906      0.0012482807029351194
3730      0.0016612955975172882
7541      0.0026054552175566715
1061      0.0051396956381192455
5897      0.0050708953726019265
3625      0.0032849197747582956
3860      0.002897368153557372
11835     0.0013587201458928617
10822     0.0016952030345957563
10578     0.004145447545762059
1430      0.00355350509181834
9371      0.00124467021407418
2918      0.002720450597627189
3378      0.002260589046425261
3266      0.0021780470783370766
186       0.0028656559872272933
341       0.002617607539252484
3175      0.003876642237066661
6095      0.004113692799587169
6311      0.001327388804012146
3724      0.003650216973029146
7097      0.0019390165996109958
947       0.0036169449190230473
5333      0.0036846171057878063
3583      0.0021545393072905906
2144      0.0031946641617766813
4835      0.0030351668917801243
10317     0.0010982247886941383
3250      0.0018264849166050295
10108     0.0032615921558176394
6696      0.0018723551776807048
7516      0.002146822869089456
1607      0.0018153341809479151
8159      0.0031144958701216376
6954      0.004113692799587169
2613      0.0008453438468589812
2232      0.004061645148392887
8259      0.0013900702871352255
297       0.0032615921558176394
14        0.0033583040370284453
9284      0.01023105506466818
8749      0.0034652140617029204
5142      0.0021017173662964965
666       0.004353558084393588
11863     0.001666070696839686
6009      0.003675519103720766
2834      0.002459444824555823
12171     0.0006483324316719815
7447      0.0014747059669726343
1261      0.01048139772074202
8390      0.002449037484774865
2466      0.004012137440285555
11001     0.002789412850989199
8101      0.003332141393679372
505       0.006304757192278613
919       0.004061645148392887
513       0.0029301034676760982
6387      0.0033513776843094294
4357      0.004061645148392887
8048      0.0021545393072905906
1008      0.003757126997703621
908       0.010253813454027478
6930      0.002094390932060846
10958     0.0008097364483619325
3461      0.002834904945035773
78        0.006606337192766921
10371     0.005283324459795545
4263      0.004758059907038314
2018      0.005986665571159987
11867     0.0024387358050901565
1572      0.007316207415270471
1165      0.009076899602149304
11083     0.008997526947987384
11427     0.004668274378546523
5978      0.006223569827468228
2932      0.003876642237066661
8770      0.0036169449190230473
12062     0.0029301034676760982
10024     0.004991411523794845
102       0.004487069500600524
4562      0.002491323050412239
12176     0.0015401936389358203
7217      0.0011515688217243133
2157      0.002819871977733413
8200      0.0037202245042848546
3862      0.0032849197747582956
12084     0.002490229377435818
11238     0.0019083522413127804
9256      0.0030351668917801243
11927     0.003013843169859443
6138      0.0026054552175566715
6616      0.0016424167881486157
6166      0.0016377514616157296
3001      0.0036846171057878063
4397      0.0016952030345957563
110       0.002269224900537326
10769     0.001890105602331456
5363      0.002243534750300262
11910     0.0018491608710615199
11549     0.002574128049886415
8247      0.0021780470783370766
9553      0.006033766785840826
3653      0.004844223757906377
2836      0.004353558084393588
7977      0.005283324459795545
12111     0.0008097364483619325
2376      0.002819871977733413
5953      0.002286720277622723
10885     0.002079894875048498
11016     0.0031946641617766813
10982     0.005126906727013739
5764      0.002286720277622723
967       0.0013411945507656982
10032     0.002313542281555971
10049     0.0039649332671820815
6114      0.0011631655963307388
9640      0.003757126997703621
1743      0.00176134768730926
11037     0.0028813881897015183
6817      0.006070333783560249
11912     0.0010739030900918855
9824      0.0011837844396814002
2813      0.0025467853096523933
6989      0.0029813718616569767
4469      0.003650216973029146
3251      0.0017879819390477973
8874      0.0010193218377475579
10501     0.002491323050412239
488       0.001745696373410423
9714      0.0032849197747582956
9370      0.002418440993910034
11024     0.0016471036636102948
4233      0.004288070412430403
4896      0.002116530866368971
11989     0.0027478767734945824
3449      0.002116530866368971
1879      0.0016377514616157296
1450      0.004113692799587169
7790      0.0026299071654028515
38        0.0071014348578881704
12036     0.0027070105768582844
11873     0.006398093746523729
40        0.003092081251264808
9930      0.0033707980570718485
6973      0.001666070696839686
384       0.0018208942317548184
2392      0.004113692799587169
9583      0.0017100889749133742
8568      0.004871896284431804
8143      0.0018782375520294116
9775      0.0019708281933806153
3650      0.0032849197747582956
808       0.003650216973029146
3914      0.004871896284431804
7976      0.0038352198843553723
119       0.005126906727013739
2269      0.005986665571159987
2810      0.003757126997703621
2659      0.0032615921558176394
6645      0.008453108400924593
4623      0.0039649332671820815
3433      0.003053785886339179
10080     0.004061645148392887
2877      0.0017666189029733354
2032      0.0025815786633938535
1110      0.0023410925729801715
6022      0.0017508867004991098
10702     0.004668274378546523
12026     0.0042265542004622965
9814      0.0031946641617766813
6011      0.001310391643883864
4049      0.0014282227223068884
569       0.002116530866368971
4286      0.001583379166258281
5272      0.002502175632294864
5302      0.0025242353431192605
7049      0.00221847899003911
8932      0.0020445356621301403
69        0.0035847293010659604
28        0.002502175632294864
876       0.0017879819390477973
4395      0.00273407102674103
6210      0.0016238828165678187
1955      0.0014628840072310404
12066     0.003333248276767293
9855      0.0038352198843553723
2797      0.005283324459795545
2339      0.0010449471069632482
1649      0.002146822869089456
10746     0.004353558084393588
8640      0.0019021141061922296
12044     0.0024084438023696717
9596      0.0020727237728810294
3791      0.0029136038076586056
590       0.00476498625975733
2472      0.004288070412430403
10351     0.002834904945035773
