t_index   tf-idf
9221      0.03465642534717737
2366      0.030769665721157687
8795      0.025593556819701428
487       0.02166715334463856
368       0.010033457424251317
1457      0.053347769769517085
586       0.02044872696399007
10122     0.023644908712149915
1743      0.015384832860578844
509       0.024762026866843076
3299      0.0334994716429408
8133      0.07550413133830101
4049      0.01247508826831323
7140      0.013830332309358045
5330      0.02036778436771249
7425      0.00976148439851186
2850      0.04776416560898201
8605      0.026673884884758543
4046      0.02166715334463856
1202      0.026839556113782612
1537      0.028289828681648845
5996      0.024124114749895276
11835     0.011868004539635608
324       0.018684948534878596
4165      0.022864000546940065
6580      0.021951556976134323
3596      0.027535062023420882
5186      0.01168462242493934
3065      0.05401676634862604
704       0.012915794668207794
9371      0.00543590664922193
8299      0.01810460764883838
119       0.044781960799222045
11927     0.013162498741835118
3449      0.018487249200120806
10223     0.01895560018116098
11140     0.022971434016171847
83        0.018819241296334138
11138     0.01079324712182704
1467      0.02848900903448877
9492      0.022652963131874374
5259      0.01677408520331083
11037     0.02516804377943367
