t_index   tf-idf
667       0.006591579674935203
11552     0.008112848478281944
2025      0.01030385930852109
12176     0.0039238266515745895
8661      0.01809175070938177
11022     0.006085599880222362
7         0.016062119513662182
871       0.01809175070938177
9559      0.01809175070938177
11863     0.004244513441948724
1430      0.009052977257727676
4255      0.006459354819861977
10881     0.004861295523979487
7140      0.016135387694251054
6210      0.004137034794589442
109       0.014522264090884147
10958     0.00618869999819477
6028      0.005630907345320846
967       0.010250558352280692
7408      0.007222257836162564
10943     0.012271594612074041
11181     0.026484136043015177
485       0.013461728753006488
75        0.0052264649817926325
7207      0.0025968437294997307
5259      0.004892441517632326
8805      0.005087635049753204
7942      0.0290078709143807
9371      0.0031709455453794587
9701      0.01794897167067532
6914      0.03560347797204432
7153      0.005825692135848365
11238     0.0016205848398449802
4966      0.003461501324060386
3653      0.004113745572190336
11024     0.004196192666816704
8028      0.004184252293616711
3696      0.005940603773916143
8320      0.006186988804619863
8755      0.011345884386921296
1110      0.01192842406232754
7529      0.008194382663658113
9395      0.011668052816241144
10860     0.009387000721887983
9171      0.03618350141876354
12093     0.003881096981175046
7217      0.0029337586648690837
5529      0.014508060284810564
9907      0.009299362288431395
7769      0.01961913325787295
6915      0.01809175070938177
7490      0.02438410806952625
11794     0.00890086949301108
8157      0.005894024383964021
4978      0.005630907345320846
4641      0.009784883035264652
2659      0.01661858860345178
6387      0.004269016812156059
6303      0.009986227875943715
4566      0.007978834016905465
283       0.007422752557606448
10317     0.0027978583902445904
9509      0.010899553312012516
9930      0.012881264003810278
1165      0.028905602899701652
10581     0.022922271034158337
6073      0.005803310297316777
11339     0.0077324489862017455
5963      0.0039810257124142994
8091      0.009082765654796343
6566      0.006212969789158257
6232      0.005138826548336047
1974      0.014508060284810564
1913      0.00456888400380737
9459      0.006186988804619863
505       0.008031059756831091
10545     0.010480122132281595
6354      0.008084362391669939
9500      0.0031480304105328868
3251      0.004555096844717008
10866     0.010924369860239359
11691     0.0074647874057462505
10848     0.00578112057994033
6989      0.003797699871396387
7430      0.007340679435668154
4664      0.0052264649817926325
1617      0.004830520324776569
6114      0.002963302828747358
4382      0.009052977257727676
631       0.008084362391669939
1726      0.00524435492310052
10988     0.00321266093189127
1171      0.004555096844717008
4073      0.003590782572234411
9267      0.007719988238961405
8708      0.005508754564698216
9550      0.0052987798007187925
4906      0.0031801436955728045
11412     0.002763251632431405
10243     0.0016117620114793015
5759      0.002410338386996461
563       0.012716215072524961
7123      0.003084976401619648
1677      0.012716215072524961
3888      0.0023451895823038407
4176      0.010480122132281595
1786      0.015251743240812347
4573      0.014508060284810564
8988      0.015251743240812347
4308      0.012411735772242931
1436      0.006607114246796692
7227      0.003945459298331102
6513      0.010619890559957327
9007      0.008031059756831091
2328      0.01809175070938177
6937      0.016299905497096166
7883      0.009571728303673512
