t_index   tf-idf
7140      0.058087395699303795
1726      0.050345807261765
78        0.026928688747659447
667       0.03163958243968898
11552     0.019470836347876667
2025      0.016486174893633743
12176     0.01883436792755803
7426      0.009826641219598276
9371      0.007610269308910701
9701      0.043077532009620764
4873      0.027643774624857478
7153      0.027963322252072154
11238     0.007778807231255905
4966      0.016615206355489853
3063      0.040461852250806764
5272      0.03059803344634863
9264      0.005048188310233214
3653      0.019745978746513612
7408      0.03466683761358031
9600      0.018427498238569165
1165      0.027749378783713585
4794      0.015539136617991105
10943     0.0294518270689777
8558      0.030867792195858387
7207      0.012464849901598707
8491      0.020257152737912752
25        0.029092137717319975
4322      0.016745593689402843
7797      0.025522459528511402
9500      0.015110545970557856
