t_index   tf-idf
8262      0.0016753568281255465
10377     0.006088911115629268
6038      0.0021249375069620153
1713      0.003905901341906324
8136      0.003734803031791378
8264      0.00409871243238235
4322      0.001026437441557092
8259      0.0026048602578541006
9913      0.0016445596743582735
6743      0.023966094241978885
2133      0.009451614985272317
6232      0.0030238979338719995
3340      0.009549203592954367
9556      0.004789198813451558
9562      0.005805161127491608
7497      0.012061832625590395
11786     0.007283020693874572
9768      0.00563240054296725
963       0.012742379744716216
2357      0.003717310885665521
6880      0.003800930509908333
12111     0.0060694781068109825
3888      0.001380006479254099
4286      0.002373682252744463
10401     0.0019350537091638693
9824      0.0017746400706957596
12093     0.0011418989366679645
11836     0.00391391187223053
2466      0.0030073464526133415
2613      0.0012672755392491909
9411      0.0045780047613070704
12064     0.005613786452170521
12084     0.003733163480008862
10433     0.0022890023806535352
10739     0.0032141753704382006
2063      0.004316415027946264
7484      0.0023475378543609776
10385     0.0013860610382037313
9723      0.002303219351270312
1483      0.0042685711520983795
4468      0.0018435068036950827
6360      0.003902358645786021
1131      0.003924119183187612
11078     0.0028747357451910675
12245     0.003044455557814634
3052      0.006336130290010029
10522     0.006446743097685187
6011      0.003928880025094878
2738      0.0013402036250655994
1983      0.00785645923726372
11015     0.002498476816911386
4627      0.002971963990111963
4937      0.001206945885887871
9069      0.0021962947183281436
4845      0.0030834685082719933
2524      0.0017140390172023213
7437      0.002378586483013222
8746      0.0042685711520983795
3342      0.0024801485617832516
10250     0.003350713656251093
3524      0.002049356216191175
8408      0.001439457399233329
7425      0.002513026631490794
6767      0.0026188197457545736
11138     0.0018524312047969351
9747      0.0026723373555267702
6204      0.004295974649853876
2069      0.0016385471072157274
337       0.0028881620705024143
1132      0.0032632624520498353
10348     0.003960180155503491
7335      0.003571653448644724
6756      0.002394599406725779
5814      0.0031680651450050144
6721      0.0015753678332309994
10072     0.0030834685082719933
1538      0.0015429975955882442
11770     0.00183570585548799
5839      0.021574295505519404
9371      0.0013994365629345423
8261      0.001217201130457139
7595      0.006014692905226683
7892      0.0018435068036950827
11784     0.005442823323612664
3785      0.0047261034996929985
2079      0.003734803031791378
7525      0.0016816687795595663
3341      0.0039801195523089085
4102      0.00422733872668967
5661      0.003432982264673402
9488      0.004197188463538726
9160      0.006909531878758091
9207      0.008060932438824333
7227      0.0023216713209093702
1263      0.006249182536157027
11432     0.003960180155503491
8932      0.001532506590878634
2226      0.0017832308583295958
2366      0.002640479194985511
487       0.003718705827976495
6249      0.0028449050283805943
8795      0.006588884154984431
4472      0.0042685711520983795
9220      0.004879988137706943
4794      0.0019049729654279815
6579      0.006336130290010029
3007      0.002663572993517075
8707      0.0032141753704382006
9221      0.004461028481641921
11757     0.0019996270190642657
8452      0.0062424996696518135
10684     0.004431774781612452
4124      0.0020916218549244837
4315      0.0088144638344582
368       0.0017220294703618726
7426      0.0048186681987522195
7424      0.0032651633958958627
9541      0.0020916218549244837
4027      0.001328162437702994
6766      0.0028245814668440747
5083      0.0028449050283805943
5452      0.003044455557814634
75        0.0015377340051508973
1322      0.002171757565188363
2267      0.006249182536157027
1942      0.0010620750057823668
5142      0.0015753678332309994
320       0.0038701074183277386
3429      0.0027618495994346432
2418      0.003044455557814634
5351      0.001224115594283746
10544     0.0010620750057823668
9264      0.003094336092086909
10768     0.002070195486418334
9359      0.005328620092632632
212       0.002019130287221813
1721      0.004098851339474813
4313      0.004098851339474813
9415      0.003960180155503491
2164      0.0017009251443607278
6942      0.0019996270190642657
6458      0.0019439495507212687
2682      0.0030965957327883553
3312      0.0013524385127375192
2272      0.002816200271483625
7888      0.004357738912385946
11238     0.0009536191001539638
9543      0.0016445596743582735
2915      0.002102565724061089
587       0.0013732777829646777
5965      0.0014628618853243648
4417      0.002589517280374813
967       0.003015926100145633
946       0.0045206856666355575
7049      0.0016628879294864085
8495      0.002029072726611814
4016      0.0008335079400730762
2169      0.0025365140317857057
8101      0.0012488235696101325
4082      0.003651789158908603
9196      0.00260927458148702
1867      0.0030834685082719933
9399      0.0019900597761544543
7411      0.0017341437767179606
1885      0.004392589436656287
2991      0.0033157374492082297
3708      0.0017140390172023213
10317     0.0016463755151001444
8159      0.0023345082879370595
621       0.002617015929315801
11785     0.004295974649853876
8274      0.0022346517086045533
11681     0.001564423964094394
2681      0.00448737804633358
7502      0.007609542095357117
11156     0.006865964529346804
1549      0.0021839271973342965
3264      0.0028747357451910675
8972      0.002905784373843312
7773      0.002208866670389656
7097      0.0029068269864571147
488       0.002617015929315801
815       0.002070195486418334
1617      0.0014212389046628084
9563      0.002070195486418334
7538      0.0031680651450050144
1856      0.002462251599993959
8695      0.002394599406725779
11680     0.0033157374492082297
2339      0.0007832528227325224
9561      0.0023475378543609776
398       0.0025562706174419034
280       0.005322966933758559
3051      0.01596890080127568
6826      0.0026869774796081107
11339     0.002275046286658307
1726      0.0015429975955882442
4762      0.002462251599993959
10553     0.0017832308583295958
6229      0.0019996270190642657
4999      0.002019130287221813
12012     0.0014968873701550584
7401      0.003432982264673402
11425     0.005422250176328772
1045      0.002029072726611814
12119     0.004795769042928469
3448      0.00563240054296725
5229      0.00448737804633358
7795      0.004795769042928469
6073      0.0017074538177744634
3173      0.002147987324926938
4906      0.0009356639944942753
184       0.0027885395583781398
10791     0.0034991618809420526
4347      0.0014257527801230722
5240      0.0032632624520498353
9364      0.0020916218549244837
4023      0.005322966933758559
3419      0.0020908383541565277
5832      0.002394599406725779
10784     0.0033721029192106833
9409      0.003960180155503491
12076     0.004795769042928469
12010     0.002711125088164386
1682      0.0015377340051508973
11863     0.0012488235696101325
466       0.00448737804633358
1508      0.0008231877575500722
9774      0.0037413732612682896
9791      0.0032068738291035075
7488      0.0021018613847491228
1295      0.0017409652195962868
4137      0.0012346065989933559
8917      0.0023475378543609776
4704      0.00448737804633358
9991      0.005153108214042529
7771      0.002648381402706086
6588      0.0014122907334220374
10501     0.001867401515895689
10492     0.003044455557814634
11739     0.0014870094938806405
4429      0.004098851339474813
1690      0.0023177071375505044
6727      0.0010318126284707112
61        0.0042685711520983795
11027     0.001356560938995798
7891      0.003571653448644724
11851     0.0017547944329868886
12045     0.0015590105193008007
3846      0.002019130287221813
10958     0.0006069478106810982
3565      0.0038002414788295778
3848      0.001875536200739408
11082     0.0024276735646248573
7893      0.003432982264673402
8091      0.0013361686777633851
692       0.005322966933758559
777       0.0025365140317857057
10669     0.003571653448644724
1580      0.0019439495507212687
8822      0.002743703439016618
6203      0.0011672541439685298
10094     0.0016091772118568954
9395      0.003432982264673402
5500      0.002971963990111963
5646      0.002498476816911386
8287      0.0017009251443607278
2261      0.0013648734346603543
7762      0.0022346517086045533
7552      0.0013085079646579004
12020     0.0019350537091638693
10673     0.0008828721525978399
6973      0.0012488235696101325
10243     0.002845282149861885
6578      0.002113669363344835
2388      0.0026869774796081107
8874      0.0007640450902906389
11616     0.004795769042928469
7355      0.00448737804633358
10654     0.004795769042928469
11024     0.0012346065989933559
6435      0.002221649925628709
7948      0.006428350740876401
2729      0.004078293715532179
8959      0.001170483812442033
800       0.0030073464526133415
7217      0.0034526897071664175
2377      0.0030834685082719933
12044     0.0018052783667499466
4966      0.001018445223191147
6076      0.002019130287221813
5608      0.0025765541070212647
7734      0.002905784373843312
10345     0.002780740635243388
6138      0.001952950670953162
5342      0.0017760214604402222
7110      0.0027618495994346432
8106      0.0011901552308866009
7922      0.0017341437767179606
11189     0.0030073464526133415
3656      0.002029072726611814
9814      0.002394599406725779
8536      0.004140390972836668
7769      0.0011544708887294766
10647     0.001971278926081297
11077     0.0024276735646248573
10418     0.002816200271483625
12217     0.005322966933758559
10964     0.005322966933758559
10769     0.002833503319782358
8670      0.004795769042928469
3321      0.0017273829696895227
6182      0.001820339963530888
338       0.000632041576420356
1343      0.002221649925628709
55        0.004795769042928469
9199      0.002711125088164386
11995     0.0016149611620321766
6784      0.003651789158908603
6462      0.007143306897289448
10037     0.0017074538177744634
6461      0.006998323761884105
2605      0.002275046286658307
6450      0.005322966933758559
6033      0.001126470704168828
9509      0.0016034369145517537
3730      0.0012452443357922932
4916      0.0032141753704382006
8192      0.008197702678949627
11022     0.0017905092467204147
2757      0.0033721029192106833
11936     0.0016506201509073216
8325      0.0026188197457545736
4724      0.0037413732612682896
8449      0.0021249375069620153
11930     0.0014676304638453338
4749      0.0022890023806535352
10772     0.0017618044898234455
3762      0.002029072726611814
