t_index   tf-idf
1340      0.0445250376610323
9380      0.1048073834198668
9221      0.05855740834523073
3037      0.04183928677501072
587       0.027039366002511413
10155     0.052444833768905165
5871      0.04479487688558253
7361      0.045634854329011654
10458     0.04276115757663984
9333      0.051141779945132755
689       0.052905660029525216
944       0.02918239726971295
8247      0.032144970673388576
8708      0.03191278506445863
8822      0.018007524869867685
2436      0.07032462479917714
2877      0.02607285829215819
5181      0.04714883659449723
7426      0.011859739402963436
11851     0.03455129728398322
11150     0.07797458168249977
2579      0.035399203257619485
5569      0.035399203257619485
9258      0.04883326995787023
2137      0.03511120069331721
2339      0.015421977992423114
4016      0.01641148392350781
1508      0.01620828308831349
