t_index   tf-idf
8259      0.014873752072346914
1942      0.030322241415086573
2738      0.07652562699124574
8261      0.03475109227455132
1538      0.04405258135404438
384       0.03896713655955312
10903     0.04231447604108378
6969      0.09801164365642562
4255      0.05425858048684062
6821      0.060666965823765545
6614      0.06379930628066
9583      0.036595904063146216
4419      0.057365975824282836
6596      0.060666965823765545
1597      0.06099350918171342
2877      0.03780564452362938
6880      0.03617218868596097
8036      0.047125205308404035
2402      0.055499759673092224
