t_index   tf-idf
6942      0.03171630633015821
2366      0.020940466949121203
2749      0.029491403163535816
8888      0.035867391449164905
10122     0.032183347969315164
10578     0.024642382633141127
3299      0.04559650306955832
8133      0.0685130080662361
6580      0.02987850810640505
3596      0.03747827886521176
2803      0.027082114720811627
8605      0.03630612109314357
1202      0.036531618043759664
1537      0.03850560015002204
2150      0.024987084243747237
4395      0.03250506665125447
11499     0.07606622565311544
9824      0.01407388167176776
5476      0.036084761935608146
3903      0.018983007277305956
6900      0.016845689675048094
208       0.02009566038108943
9220      0.025800678024358006
83        0.025615078431121464
4049      0.01697998125409301
7135      0.027944176769144093
5330      0.027722817611608667
7425      0.013286464875752253
5090      0.038776706741387494
7400      0.03483567456014917
9492      0.030833199818384564
4838      0.020037521783704878
10744     0.056650392199337145
9221      0.023585622805717934
11037     0.03425650403311805
