t_index   tf-idf
6203      0.0025634696777155023
8320      0.003997746612215912
1572      0.004014534325302258
8042      0.010532246628892909
1538      0.016943300520786297
8164      0.01568780091673952
4940      0.007539357204340433
1109      0.011690054304523606
7738      0.006604595478623915
1986      0.00784390045836976
1879      0.005391981735165633
9359      0.0058512347555639095
7475      0.0009882365192686576
2613      0.0013915660248294
8261      0.0026731609441962554
3340      0.006291456059511859
3419      0.0022959013465834177
6900      0.002332480108852813
6727      0.006798057817578186
9196      0.005730368407804187
3001      0.006065446620296851
11623     0.005258908697078538
9744      0.006065446620296851
10544     0.002332480108852813
4655      0.006452639550609786
12016     0.005407483321525195
6458      0.004269212282545555
6167      0.011690054304523606
8106      0.005227527975663455
105       0.004173736960526201
9824      0.003897382616797226
1527      0.006531403238506505
7907      0.005407483321525195
944       0.003254959695467983
11238     0.0031414413818533467
11912     0.0017678097021512579
208       0.0027824760527662288
5458      0.015367430112440779
1985      0.011701249083592696
3728      0.00869716487997113
7378      0.010532246628892909
10194     0.01081496664305039
374       0.0051224767041469265
11455     0.006957558453068705
8029      0.00784390045836976
6989      0.0024538983784407426
11936     0.0036250157929541564
186       0.004717310625128006
7053      0.00801989080668005
5186      0.0022021019185462605
2357      0.0048982719593423365
5956      0.004308984718461782
7771      0.017448759010905868
3610      0.020058278348217187
11784     0.008964958032065859
10549     0.010517817394157076
2366      0.008698347809634962
5651      0.012905279101219571
6011      0.004314212489094568
4283      0.004434320746167905
9081      0.004155279718673245
4543      0.01684189064491531
11024     0.0054227720617323555
2261      0.005994944086085095
2651      0.008782977137582275
2361      0.016107247415653267
8347      0.007896745342084347
12111     0.002665901537683901
8495      0.008912311745348815
4347      0.006262344903463649
8187      0.004006924456140383
1955      0.0024081321349803285
7922      0.0038084465250229063
10943     0.003964669028516229
1798      0.0028651842039020933
5659      0.003964669028516229
11989     0.004523427919444928
3634      0.0029522019716909163
12012     0.0032873949552251476
337       0.0031714241197247665
3096      0.0038537985432135135
7888      0.0013671807247100964
5342      0.0039004163611975648
9264      0.0013591276219858653
297       0.005369082471884423
7556      0.01802645612834394
5608      0.005658509211958239
7325      0.01455303310145185
5827      0.016433262555263027
11036     0.008216631277631514
2680      0.011690054304523606
9791      0.00352139414695789
505       0.005189300150567782
11046     0.004478280214555528
3903      0.0026284163922423638
9577      0.005570575046729377
2241      0.006313361963477307
5983      0.006065446620296851
4272      0.005613963548305104
4871      0.004083425053412652
8330      0.005849616074224038
6209      0.0062478491200204595
7497      0.005886586691634287
1011      0.0039811259438211335
5802      0.003254959695467983
267       0.006184809057758269
3153      0.007166626385078677
8491      0.002726924407026717
11958     0.002831607929829417
7754      0.004851011033817284
5459      0.012369618115516538
7529      0.005294831874979089
7207      0.0016779605636767494
758       0.0017678097021512579
2226      0.003916249308100766
8889      0.004434320746167905
8566      0.010835118162214318
8882      0.0073864067163731725
4049      0.002351074327489801
2738      0.0029432933458171436
11984     0.0035724015726034163
338       0.001388060538984705
1508      0.001807846959850351
1263      0.006862083131049351
8113      0.004743208250739423
8876      0.009187046762783695
9589      0.0025634696777155023
6957      0.011690054304523606
11540     0.004137024199348392
11706     0.011599501554876015
10418     0.006184809057758269
1623      0.005258908697078538
815       0.004546467779787957
10259     0.0033428938606968454
4906      0.002054862080216274
8048      0.0035467031673860495
9989      0.009374438953262211
10955     0.009001708134000455
3837      0.005189300150567782
5892      0.011690054304523606
2341      0.00801989080668005
11001     0.0022959013465834177
12201     0.007166626385078677
4255      0.004173736960526201
5942      0.011690054304523606
7150      0.003006675170411357
2646      0.0052237418530790385
3606      0.006452639550609786
11402     0.006381549528709735
9963      0.011690054304523606
10504     0.005704275455418654
9600      0.002480624762884311
9931      0.006313361963477307
580       0.0029168490458784985
1539      0.007166626385078677
11412     0.003570971340372893
7123      0.001993369367200388
7525      0.0036932033581865862
187       0.005189300150567782
11413     0.006452639550609786
3555      0.005090041444389762
11409     0.004851011033817284
10243     0.0010414462228020105
1533      0.007281869551914997
12039     0.009001708134000455
7393      0.0053315446361568986
4172      0.004546467779787957
8382      0.0035595029494973093
2658      0.0030725571957443748
9202      0.002434130533623777
3611      0.006686092782739062
6360      0.0028567266496715617
7494      0.004478280214555528
8886      0.006065446620296851
4729      0.005189300150567782
8799      0.004478280214555528
11893     0.008216631277631514
777       0.005570575046729377
10722     0.010532246628892909
8686      0.003400300314273367
12171     0.0010672549259831082
3282      0.004523427919444928
4882      0.010532246628892909
10275     0.007166626385078677
2662      0.0052237418530790385
8281      0.00590101592637012
8285      0.007166626385078677
3654      0.006526890147515119
2001      0.007281869551914997
2008      0.0062478491200204595
10465     0.00801989080668005
7056      0.008439677227545694
4142      0.006604595478623915
4027      0.0029168490458784985
5389      0.007058823602000818
304       0.00801989080668005
