t_index   tf-idf
1171      0.02125711860867937
3857      0.020571140076845292
4073      0.016756985337093917
9267      0.03602661178181989
8708      0.02570752130192501
11552     0.018929979782657872
2025      0.016028225591032806
8959      0.01856517380290002
4906      0.014840670579339755
10988     0.014992417682159259
8036      0.026180669615780017
1607      0.02158230637349188
8822      0.014506061700726746
3204      0.04054529229331463
587       0.02178171150202308
3125      0.0460889688184592
232       0.02212155751360674
4016      0.013220362049492401
876       0.02125711860867937
2711      0.04559650306955832
5968      0.020940466949121203
6930      0.024899981081167834
1322      0.03444648804784876
1690      0.036761410431703834
4787      0.022978514299227204
193       0.053485299079702786
5759      0.011248245805983485
485       0.020940466949121203
10822     0.020154080522416216
667       0.015380352574848807
8143      0.022330157563016338
12176     0.018311191040681418
10786     0.031869986569046015
2613      0.010050199068212333
208       0.02009566038108943
