t_index   tf-idf
5387      0.010541004424305438
1192      0.003704818669200505
11552     0.004032421728850198
2025      0.02048577945362773
11220     0.004611495450834688
7207      0.0025814777902719217
6009      0.004654207622462982
3573      0.006364652614382141
2613      0.002140870807429846
5073      0.009160073522732926
2493      0.012338293548738536
8822      0.003090048646308656
11420     0.008636866997392467
11829     0.026760507322988087
9098      0.03240691270428587
8874      0.0025814777902719217
12177     0.010992004838779742
3892      0.012067539166722705
1165      0.022987651063431373
7790      0.006660356608239174
2441      0.01701010802187189
2809      0.004043717526526713
1985      0.006000640555688561
4536      0.006723811433042565
6721      0.010645385003253263
1988      0.012338293548738536
12176     0.011701826227181026
488       0.004421053537394444
5072      0.011599011083600664
6184      0.015967077386362407
10401     0.00653796253214538
368       0.00581821791465461
11859     0.006822031917181392
8143      0.014270159862756005
8755      0.005639374488173898
4870      0.009244336476073815
4322      0.003468022361710648
11872     0.011627328613487154
3264      0.009712864559195854
6203      0.011831398512533085
11077     0.008202376363318305
9958      0.015161496239387423
8304      0.007550213761024852
7426      0.006105309633478218
967       0.01018990416084708
667       0.006552576244906001
4721      0.009817768505707284
3369      0.007686694850188718
5423      0.007141450925857401
12093     0.003858131910280519
7140      0.0040099780068552915
3037      0.007179522582694146
10317     0.011125212060617543
12084     0.0031533082057471303
11138     0.003129403011653994
8708      0.005476158383842014
1970      0.009515090858089645
75        0.0051955391534980015
10067     0.006336870832084035
6210      0.00411255529876347
1171      0.004528143608949452
7769      0.003900608742393675
8004      0.009421633655821998
9930      0.004268347835582104
9775      0.004991209862526056
7153      0.005791220584748671
9836      0.009078486040569414
10772     0.005952605702302884
11884     0.009879417791136984
2145      0.027480220568198776
8237      0.009817768505707284
6233      0.005436924189173297
9199      0.009160073522732926
4376      0.007953351457397848
580       0.00897492014116461
10108     0.008260126879822189
12181     0.004863492159539827
9849      0.004801937364274932
8019      0.012338293548738536
10800     0.008570115456506733
5310      0.014422213774249555
2438      0.006629207259171972
5883      0.012640971196356173
331       0.005725042082071075
8578      0.013380253661494044
10503     0.005496002419389871
5978      0.00788073339099527
4970      0.0033878491054557852
3653      0.004089403882414062
2836      0.011025579053967194
3774      0.0058363057733296884
722       0.017984698930036316
8837      0.006723811433042565
4468      0.0062286531651472915
2631      0.006202296115287825
3583      0.005456466411363153
8101      0.004219397977795181
338       0.004270955504568323
4069      0.003943799504177695
10910     0.006087210794547834
7176      0.0077338482801962635
11549     0.0032595467613946326
1195      0.007594906884636957
3736      0.004625654108325164
6122      0.008636866997392467
1879      0.004147678257819718
118       0.009603874728549865
7475      0.004561091627393804
9264      0.0010454827861429733
7368      0.0051955391534980015
2814      0.009160073522732926
8491      0.004195268318502641
3848      0.006336870832084035
3250      0.004625654108325164
10684     0.004991209862526056
8942      0.018662912677836464
5802      0.005007630300719973
12082     0.006364652614382141
9543      0.005556470852417598
3571      0.0059289208357130975
9509      0.005417529456858292
7490      0.0048479646812785914
8506      0.007337713430310978
6114      0.0029457684924825813
1979      0.007983538693181204
