t_index   tf-idf
1538      0.017859154602990965
10522     0.009948892726427681
3340      0.01473674392318093
8928      0.00867256259124085
1886      0.008941964699603636
9196      0.010066863419115463
11936     0.006368270987622167
187       0.009116338102348806
2357      0.005736714907337872
5458      0.03599578224535678
1985      0.0274083311867937
4283      0.00779002293245713
9081      0.007299815721993538
4543      0.019724736791342255
5651      0.011335718129449623
6011      0.015158043880602535
11024     0.0047632457299000425
8187      0.00703919161213851
2646      0.00917684379594966
2361      0.01886434382013446
5272      0.007236021423122987
9264      0.0011938283166092062
11864     0.008777374524877658
5342      0.006852082796698425
9824      0.0034233766228624284
11075     0.023961113974558152
6727      0.01194253400385357
11402     0.011210830253138725
10504     0.010021024448708447
10943     0.006964959104150132
9202      0.017104701047086
7888      0.0024018039758420613
4124      0.008069703237580272
11084     0.00867256259124085
1581      0.0090570548300008
10008     0.007112448546688461
9581      0.010341300944762937
1798      0.005033431709557732
6209      0.021951902313585396
7183      0.016468608971947126
7561      0.008886069253887487
8259      0.004019932992526193
4806      0.010103689694769335
5819      0.013244816710327787
934       0.026489633420655575
8837      0.007677865758001307
11817     0.01036664960037994
11300     0.01086520510146723
313       0.007987037991519383
11138     0.0035734399254697636
8034      0.004322570254696615
5983      0.010655514332953928
4272      0.009862368395671128
5459      0.02173041020293446
8136      0.00720463692957053
4146      0.007569838018919347
4077      0.01850259542913619
4871      0.007173584553292496
8330      0.020552705125652024
11410     0.03700519085827238
7497      0.005170650472381469
8106      0.004591747546190872
4773      0.015278803167516848
7496      0.009568681275528627
6232      0.005833262568381459
3888      0.0026621070934259817
7016      0.01850259542913619
6028      0.006391840770364204
1263      0.012055010905897508
8113      0.008332663143190878
2757      0.013009937613981759
11320     0.01731278962470591
4090      0.015278803167516848
12053     0.020536581886325254
12087     0.0060148311251402515
7771      0.010217741763143075
8018      0.012222737822958536
5989      0.006186232960871969
2210      0.006230694753516033
5329      0.01581381158675756
12045     0.0060148311251402515
10415     0.0071428573387606
7123      0.0035018651045412223
3993      0.0047632457299000425
1713      0.007534694818339564
5968      0.005093627095732185
6766      0.005448770329621509
4839      0.009499632862138856
3304      0.00971185221519037
10857     0.01850259542913619
6596      0.008198238624833182
4049      0.008260531420910112
1457      0.008831218644278167
6538      0.010556032867949153
22        0.010021024448708447
11894     0.012590019325138216
2002      0.01731278962470591
10478     0.010975951156792698
105       0.007332240606329813
6403      0.0033891555682625885
12171     0.0018749073024027577
2738      0.010341300944762937
7214      0.010188751365769473
4046      0.007173584553292496
11409     0.008522046410760093
7248      0.014434622514758065
2912      0.020536581886325254
8949      0.00720463692957053
11372     0.020536581886325254
7426      0.0023238678559860788
5209      0.007112448546688461
