t_index   tf-idf
1538      0.012014340369284828
843       0.002970500816711747
11238     0.0024750750281268786
5956      0.005092436485454833
7771      0.005155315162313097
1262      0.003691910843648453
6727      0.004017034164932564
9197      0.0032917034367037222
9505      0.002444605208705868
3474      0.006223600280709445
8187      0.0035515921315789753
1886      0.006015503525187899
8901      0.004744449657175396
11936     0.002142054786745638
187       0.006132809268852834
7123      0.004711600322473644
11151     0.005539441199654943
8113      0.011211219501747726
10250     0.006522468742225139
10522     0.008366114338132367
3340      0.0086745833547815
7207      0.001983044302527067
8259      0.002028238918956397
11784     0.014126600535376503
1520      0.003029555073663775
6900      0.0027565674013715065
569       0.0020588072972861807
2361      0.009517918927431476
1361      0.002215809386248224
5651      0.015251693483259492
10089     0.00405486730471098
9575      0.006634684193451486
8106      0.006177987607602264
2442      0.008605845834081359
6022      0.0034062704900619046
8886      0.0035841275483572297
11094     0.005139233792710212
9754      0.005319191170091178
6011      0.003823961069879276
4283      0.002620280440917398
9081      0.00245539256103419
4543      0.023221394677080197
3692      0.00174977539763232
9577      0.0032917034367037222
2105      0.0038567987235316606
7475      0.0017518738296126203
4073      0.001371026073034957
7494      0.005292512980838351
2262      0.003427125459395186
4871      0.0024129329861074756
8330      0.003456591316586931
6209      0.003691910843648453
7497      0.005217656385766754
5983      0.0035841275483572297
4272      0.009952026290177229
5186      0.002602484085554671
2357      0.00482405571753412
3008      0.010278467585420423
5963      0.00076001399964273
10549     0.00932261087209377
2366      0.006853243728803303
11412     0.0021101194284021637
7525      0.0021823474389284373
11413     0.003812923370814873
3555      0.0030077517625939497
11409     0.00286650651998294
10243     0.0012308000814932848
1533      0.004302922917040679
12039     0.005319191170091178
7393      0.0031504581940927125
4172      0.0026865491426019744
9371      0.001210724662781248
3611      0.003950873007982173
6360      0.0016880657475331954
6311      0.001291187291175451
11183     0.004171123037545937
4111      0.0021906071767809235
3712      0.0031287642897603707
5145      0.003343664534338959
341       0.0025462182427274166
3848      0.0024339344786868224
12181     0.001868023124914161
717       0.0031726396424771584
488       0.003396172944634823
6108      0.0031287642897603707
7368      0.00199555935668446
5459      0.014618639591064998
1879      0.0031861710253251467
8874      0.0009915221512635335
6068      0.0024129329861074756
7892      0.004784738113226783
11224     0.0036546598977662496
3250      0.0053300150748201314
191       0.0028028048754369316
11785     0.008362505199090556
7153      0.002224355179142103
7302      0.005319191170091178
6403      0.0034199660734286117
7769      0.0029963767157478683
5827      0.009710564237200878
6349      0.0021660324738667926
7322      0.005215088711298439
10418     0.0036546598977662496
10544     0.0027565674013715065
267       0.0036546598977662496
3153      0.004234824682091945
7556      0.010651996803112327
9503      0.001728773905052973
9892      0.003370708223656477
12087     0.0020231704693653573
3172      0.005823392873764714
2857      0.005823392873764714
9264      0.00361404390391696
3410      0.004302922917040679
8566      0.002134189941042214
8882      0.0021823474389284373
8639      0.005319191170091178
4049      0.0013892711935167006
9196      0.001693063393214873
2738      0.0017392187952555847
5458      0.021188426367153193
1985      0.01613354040313538
7846      0.005139233792710212
11984     0.004221929131258582
338       0.0008202175912182347
3610      0.007901746015964346
1508      0.0010682732035479346
1263      0.00405486730471098
1798      0.001693063393214873
5659      0.002342758971395953
1955      0.0014229871706701938
10943     0.004685517942791906
5302      0.00491078512206838
2651      0.005189941035844071
12111     0.002362958181128912
8495      0.0026331830156712407
1664      0.005823392873764714
4286      0.0015401960980876005
10604     0.0039027155100959496
4970      0.002602484085554671
1910      0.003770915630601207
2876      0.004237291588764858
5710      0.0020957791443644833
8347      0.0023331293056158293
974       0.006223600280709445
2341      0.004739026385765482
12112     0.003086756549546704
1527      0.0019297327750132855
7053      0.004739026385765482
8352      0.00891014942331142
4267      0.004376069924702955
10008     0.009569476226453566
10205     0.003066404634426417
7056      0.009974163996190364
9824      0.002302998819016542
7426      0.0015633292849360893
10571     0.002352483512257942
627       0.0039027155100959496
670       0.0022504456738771717
9557      0.0027724322355324282
851       0.0031287642897603707
8408      0.001868023124914161
485       0.0017133109322008257
3776      0.002268230531858891
9500      0.0036059257429740337
10923     0.003770915630601207
11918     0.004302922917040679
953       0.0019297327750132855
10289     0.0020588072972861807
6229      0.0025949705179220354
7847      0.0022504456738771717
3579      0.002620280440917398
10673     0.0022914545415153027
8028      0.0015976236030172898
9565      0.005139233792710212
374       0.0030269180524504563
4770      0.002787501733030185
8285      0.00846964936418389
9411      0.002970500816711747
7150      0.0017766716916067106
11526     0.005823392873764714
22        0.006741416447312954
7176      0.005941001633423494
9509      0.008323295256445921
8136      0.0024233778763100874
11833     0.004739026385765482
1771      0.003427125459395186
2463      0.0023047914861621973
3852      0.002834141885631553
10385     0.0035974584218833204
11922     0.003066404634426417
7562      0.004739026385765482
4806      0.0033985138064224125
5819      0.00445507471165571
934       0.00445507471165571
11989     0.0026729346796720028
2320      0.0026075443556492195
3546      0.003427125459395186
3042      0.003691910843648453
10317     0.0010682732035479346
2261      0.001771233479979687
3041      0.003456591316586931
7430      0.0028028048754369316
10927     0.006223600280709445
4016      0.00108166598586756
12045     0.0020231704693653573
1885      0.0028501915549212957
11836     0.001693063393214873
7246      0.006223600280709445
12218     0.006223600280709445
785       0.005319191170091178
967       0.0013046165175629972
6740      0.001718438387437699
8770      0.0035183009666860552
7496      0.003218556429041447
8822      0.0011868595936958247
271       0.005539441199654943
10153     0.002883095698940893
10504     0.003370708223656477
8256      0.0028501915549212957
3861      0.001606762861955754
11425     0.0035183009666860552
6387      0.001629988237368677
4739      0.0016489702245613266
4417      0.0011201623993136501
1623      0.00310753695736459
815       0.0026865491426019744
337       0.0037480466869474513
8743      0.002883095698940893
11851     0.002277244593717076
2660      0.004744449657175396
12020     0.0025111719725740213
3096      0.002277244593717076
5569      0.0023331293056158293
7049      0.004315950035166996
758       0.002089229647996941
867       0.0033985138064224125
5517      0.0029346047549316744
7992      0.005823392873764714
7117      0.006223600280709445
12131     0.0035841275483572297
11181     0.003370708223656477
2438      0.0025462182427274166
6324      0.004376069924702955
3073      0.003195331053628524
6521      0.002620280440917398
12012     0.003885103128902447
1011      0.002352483512257942
5802      0.001923385274594717
8491      0.001611364422333969
11958     0.0016732228676264733
7754      0.00286650651998294
7529      0.0031287642897603707
2226      0.0023141473184231797
8889      0.002620280440917398
7797      0.0020301956443134067
12171     0.0006306506380809275
10496     0.002402597468492202
3511      0.005539441199654943
3282      0.0026729346796720028
900       0.004855282118600439
10275     0.004234824682091945
2662      0.003086756549546704
8281      0.0034869639564914343
3654      0.0038567987235316606
2001      0.004302922917040679
2008      0.003691910843648453
5307      0.004302922917040679
4142      0.0039027155100959496
4027      0.0017235926180191126
5389      0.004171123037545937
304       0.004739026385765482
1571      0.002899968467302727
9202      0.0014383498607776863
4787      0.001880060260845862
2613      0.0008222890146719181
3888      0.0008954360223341937
9160      0.0022416719902107213
8932      0.003977551197235
3634      0.001744482983271905
5965      0.0018983957648186643
6880      0.0016441903948164077
