t_index   tf-idf
8822      0.007912397291305499
5963      0.0016889199992060667
9267      0.01637573262809995
5759      0.004090271202175814
10578     0.00448043320602566
10822     0.0036643782768029484
667       0.005592855481763204
11552     0.010325443517813384
2025      0.008742668504199714
8959      0.010126458437945468
11412     0.004689154285338142
10243     0.0027351112922073
10522     0.0037182730391699414
1437      0.029173799498019702
3730      0.014364333651260596
6607      0.007350103617377605
11867     0.005271610730194885
10721     0.009900166025901578
7711      0.015350576359475442
8837      0.005739010768607038
4073      0.0030467246067443494
3908      0.007152347620092105
3155      0.009010816232691066
1622      0.009269162305657639
6727      0.002975580862913011
8036      0.00476012174832364
1607      0.007848111408542503
11814     0.005271610730194885
4760      0.011082404440211517
4930      0.006444374371783838
4536      0.005739010768607038
11238     0.004125125046878132
2649      0.010789515819112088
5075      0.010678210971076454
5004      0.005794543012553822
6355      0.008892224839511659
10746     0.00941072151575988
1902      0.006905637683032423
5720      0.008570663830070359
3550      0.01230986933256654
1950      0.01230986933256654
6575      0.012940873052810479
3879      0.01230986933256654
503       0.012940873052810479
7814      0.006560865806474209
4977      0.009562050926757066
9167      0.011082404440211517
5705      0.015350576359475442
6357      0.011820424822424841
4095      0.008041697413302617
9954      0.015350576359475442
1798      0.003762363096033052
8408      0.004151162499809247
167       0.0068594589989926765
876       0.007729861312247044
9264      0.0026770695584570074
2339      0.00225877455444581
11984     0.004691032368065093
1171      0.003864930656123522
3596      0.006814232520947593
3125      0.008379812512447127
3583      0.013971860962429892
8247      0.004708101765294287
2720      0.007490462719236616
7227      0.003347662434947602
5763      0.012940873052810479
3321      0.004981493311579381
3736      0.00394815931468158
9359      0.0038417197890066074
9465      0.010531169746145519
2396      0.009724599832673235
11986     0.011820424822424841
1436      0.005606036330615376
12171     0.0028028917248041226
7447      0.0031877482518398365
7150      0.00394815931468158
4916      0.009269162305657639
12007     0.01230986933256654
11937     0.004831458327574177
6492      0.012940873052810479
7888      0.0017952878203263893
5186      0.002891648983949635
4414      0.005822845424260885
5698      0.01230986933256654
5719      0.008570663830070359
11067     0.015350576359475442
671       0.01219096168151415
4176      0.008892224839511659
11958     0.0037182730391699414
9583      0.003696555965974365
7475      0.0012976843182315708
2613      0.0018273089214931517
5142      0.0045431062261358625
9747      0.0038532945202166312
8949      0.005385284169577973
232       0.004022101366110317
4016      0.0024037021908168005
7425      0.00241572088650041
10574     0.007552252903160917
4658      0.015350576359475442
11904     0.015350576359475442
7552      0.007547050988077386
5274      0.004232409064927705
7411      0.005000990386393715
3653      0.003490450788525134
11033     0.007205203345739403
4001      0.010202326681726541
4896      0.004575127327302624
2809      0.010354367605803251
8755      0.004813405497481762
12177     0.004691032368065093
8143      0.004060028647821153
118       0.008197246611742056
704       0.0031963330239504146
12176     0.0033293074619420767
9471      0.004465040816722604
4970      0.002891648983949635
6184      0.006814232520947593
967       0.002899147816806661
11549     0.0027821383973519846
10503     0.004691032368065093
1195      0.006482521532846696
8159      0.0033661723040708615
5395      0.0045590583435339916
9543      0.004742644313427143
4417      0.0024892497762525564
7426      0.0017370325388178772
10143     0.005851517812602757
2150      0.0045431062261358625
448       0.006262997826881593
4468      0.005316375681363093
2631      0.005293879007493144
7979      0.007890368002305428
4069      0.0033661723040708615
10901     0.004591314902429955
12112     0.0068594589989926765
3330      0.008379812512447127
6570      0.005910012118409904
2249      0.003422657995750224
8859      0.007001018209094917
12084     0.0026914600341983084
3037      0.0061279763458349035
2036      0.007748808792203189
4029      0.008672701133546555
9459      0.005249566258465339
932       0.007552252903160917
2561      0.0042741894990993715
9701      0.0038073576271129466
3570      0.007001018209094917
758       0.0023213662755521567
2659      0.007050310316615909
4770      0.006194448295622635
6107      0.005480664695640467
11662     0.006521343899848166
7199      0.0057117631328155935
7140      0.006845315991500448
4982      0.006444374371783838
12140     0.006333759010936213
6713      0.008892224839511659
