t_index   tf-idf
853       0.03089815871685104
9459      0.04330892163233904
4838      0.015028141337778658
12013     0.0345667266138444
4627      0.035353988299040226
3037      0.050555804853137945
8709      0.028295268370844787
3312      0.016088383141106735
10526     0.034197377302168736
9221      0.0353784342085769
10458     0.07750459810765971
5871      0.02706357145170611
1913      0.015991094013325796
12084     0.022204545282136043
8933      0.03285450252660794
2675      0.02722959081985768
11138     0.011018106436865103
8708      0.019280640976443757
8822      0.01087954627554506
5759      0.008436184354487614
3653      0.014398109502666175
2441      0.02994487766350364
11662     0.02690054358687368
4937      0.014357627100874463
2524      0.02038992247546928
9596      0.018481786974855845
4896      0.018872400225123324
5004      0.023902489926784513
8418      0.019563407792886962
1171      0.015942838956509525
9258      0.02950343393287993
3776      0.0207921132087065
10285     0.0388192262525095
6649      0.03196383626783815
2643      0.028485755442508743
11238     0.00567204693945743
7361      0.027571057823777875
8645      0.048759252392502464
6535      0.012734985940569755
4016      0.0099152715371193
7140      0.014118464232469673
1508      0.009792504365856066
