t_index   tf-idf
10958     0.0018938098355131537
11022     0.01676034065372716
368       0.013432770868533185
11165     0.019890808466808376
7920      0.019890808466808376
4562      0.017480102714367843
8822      0.00285365148211018
4838      0.003941807564007517
10243     0.002959300742388226
283       0.020442990650457106
7426      0.0037588245102288488
2249      0.003703203733106799
12100     0.00723175287181059
1508      0.0025685257353065096
10101     0.02129592507675235
10822     0.011894211455852193
10907     0.011128140110450265
10250     0.005227479501965503
786       0.016342580052741657
8463      0.03054627639541731
102       0.00524717417010116
516       0.007628204604863114
7880      0.007682763189052189
12176     0.0036022015161996236
11552     0.00372393044904745
2025      0.0094592806766751
667       0.012102572517913817
7148      0.013331914575237906
5559      0.014555671509051375
6711      0.020691651185769388
5969      0.006892146824002698
7887      0.010300591324241319
6705      0.01660882032336687
11008     0.015477211243477996
8064      0.008969803882536063
10919     0.006526317372469292
6682      0.008969803882536063
6535      0.003340324181133051
6989      0.006972825993383531
1046      0.011673902361662259
3888      0.0021529609280166407
3776      0.005453669038349246
4772      0.008383957053859187
564       0.0050030736514155814
4567      0.014963847669465333
1867      0.00962109572799622
2441      0.007854394141246857
118       0.004434576035860457
4673      0.005703709970374793
10988     0.0029493280686214937
4016      0.005201453921111765
2886      0.007372776170205592
8159      0.00728417613339924
7217      0.0026932866431585035
6017      0.006932033374502694
5330      0.005453669038349246
8874      0.002383987686098114
11315     0.010345825592884694
8034      0.003495849167732781
10910     0.002810761268520721
9555      0.01660882032336687
10718     0.019890808466808376
6681      0.0050030736514155814
3266      0.0050940117460561134
11859     0.006300127836085547
6727      0.00643896186728717
876       0.004181728250887745
3378      0.010574121441202315
8918      0.004351781805955425
8450      0.0042199037747165215
4840      0.007795793783914763
10908     0.01660882032336687
2724      0.011394380381075478
128       0.007628204604863114
2396      0.010521698179613664
8501      0.012789312102951467
10145     0.004232766645719129
10902     0.011083150315971221
9820      0.007522711953522203
8401      0.012356627698319637
10881     0.004462828677751661
4839      0.007682763189052189
2150      0.004915491982376507
11238     0.001487750016906867
539       0.004207110245673338
5183      0.014963847669465333
11217     0.009885055725671383
9360      0.005929899506758537
515       0.006492654483371922
338       0.0019721078695957555
5480      0.01660882032336687
5226      0.011394380381075478
10903     0.004624532900664893
6721      0.004915491982376507
737       0.004462828677751661
1955      0.0034213899185512858
8212      0.008240083071769846
6570      0.006394439341230388
10503     0.005075543217906493
1195      0.007013875756850523
7878      0.01199079824678623
9500      0.002889995130981011
8634      0.013318875015563796
6913      0.01660882032336687
2659      0.007628204604863114
5274      0.0045793278407414515
1110      0.005475342192543789
11881     0.006892146824002698
4826      0.012789312102951467
4139      0.00962109572799622
3467      0.007628204604863114
7490      0.008954164274711279
3898      0.008787160409929782
7821      0.0107116550444181
7541      0.006093632967837461
1061      0.01803106338618883
5897      0.01778969852027561
337       0.00901169695222338
1607      0.004245699614457419
7475      0.001404051885299732
9543      0.005131385650593302
1693      0.008104435073272404
3861      0.0038632549686367862
9949      0.008876725525712127
4566      0.007324831228634526
8091      0.004169138333349142
9371      0.0014555159880430303
6210      0.003797933581918177
7502      0.007914478208467966
6817      0.007098641692250784
10401     0.0060377905351506524
3565      0.002964396016955859
10673     0.002754754093624954
2520      0.009383578275640535
10848     0.005307258237322271
