t_index   tf-idf
6821      0.036767858075009416
8491      0.021484858964452923
2625      0.024906974998855483
6387      0.02173317649824903
12012     0.05180137505203263
4419      0.06953451615064586
9105      0.041156753993956054
12010     0.04691067955581407
9371      0.008071497751874986
5965      0.025311943530915527
6596      0.036767858075009416
1597      0.11089728942129713
10317     0.014243642713972462
815       0.035820655234692994
11784     0.023544334225627506
9539      0.05649722118353145
5582      0.027547889414579727
612       0.039128063399088996
7351      0.044942776315419694
497       0.03657288504454245
11993     0.042006109254569504
5517      0.039128063399088996
11835     0.017622188558852874
5759      0.01227081360652744
8036      0.02856073048994184
2402      0.033636217983692256
5963      0.0101335199952364
11912     0.01392819765331294
