t_index   tf-idf
368       0.0061938823784354596
7135      0.0015842367932113186
7426      0.00758276251591048
9264      0.0036172057970962398
11196     0.007791215160268717
2809      0.002152403974749652
2025      0.011812928467091895
6871      0.00471506189299801
1192      0.002958020575251427
5759      0.000637695825221111
9267      0.004084907162663042
6586      0.003561043887862194
6079      0.014373187850712286
283       0.015710518799091442
2882      0.0015905989629778387
9163      0.002737612792932529
4016      0.002998003362404576
7920      0.007643082308505894
4562      0.006716763877646856
2803      0.001535363984171998
11723     0.001597020872301365
5435      0.0018521122189853248
4286      0.0010672224931630619
11851     0.006311733047152841
8159      0.004198438527282082
10822     0.001142593541428321
667       0.015695225934648862
11859     0.003631254784263481
6568      0.0026724274619746944
4641      0.0012943782282869778
9025      0.002737612792932529
6964      0.0022808653734639967
11867     0.004931239013757104
2659      0.0021983644766770862
3461      0.003821541154252947
118       0.0063899796422241225
4673      0.004931239013757104
6387      0.0011294406684129415
9701      0.009497408632042372
4770      0.0019314972638319395
6303      0.007926076928308082
4566      0.006332806841764339
1548      0.008070213746319605
12177     0.004388146813591598
1165      0.007647466593936815
4536      0.003578973644674625
11872     0.0030945173790225653
580       0.0023886007934753057
1056      0.001997735602415737
3080      0.0021532539547093224
3965      0.006173961805129173
9583      0.0011526268996266524
6973      0.001122957887003757
634       0.003649135517780617
6914      0.007064627125161551
8755      0.004502618685833333
110       0.003058986637574726
7140      0.008537779945304495
78        0.0014842584349103632
4348      0.00308257095692134
1322      0.0019528717633426067
2813      0.0034331468111219667
3736      0.0012310795973337837
9500      0.0024985942156040553
583       0.0022986307441879164
3310      0.005473703276670926
7411      0.0015593639315054418
11238     0.0021437657723933595
6616      0.0011070147800434766
9930      0.0011359854869501978
3829      0.0032837348184831692
9900      0.004312415942538828
332       0.0022808653734639967
2825      0.002460303723553503
1584      0.0030869809025645865
4838      0.0011359854869501978
3653      0.0010883610332724039
1121      0.0022301808327216325
4001      0.0015905989629778387
4896      0.0014265751351274325
5004      0.0018068023881663885
3774      0.006213138114599795
12084     0.0008392269083012047
10860     0.0024834899547672143
1607      0.003670691477696257
5423      0.005701914361275122
6724      0.004597261488375833
8864      0.002507489902100658
10718     0.0019107705771264736
7769      0.003114344302982037
4898      0.0026724274619746944
11836     0.0011731462882118807
11412     0.0014621299976329955
10243     0.0008528378517433785
5305      0.0030869809025645865
2918      0.005500879633627262
7541      0.0017561178474240244
1061      0.008660589500452901
5897      0.008544658344384348
3625      0.0022140876592071663
9360      0.003417863337753739
3860      0.0019528717633426067
11027     0.0012198366868765365
11835     0.0009157987754994407
6150      0.003315409086330369
4130      0.0028096718331855606
8967      0.003364289971943612
2164      0.001529493318787363
4069      0.002099219263641041
4970      0.0027049440889229653
7634      0.003364289971943612
2219      0.007122087775724388
488       0.0023532536939201926
6887      0.002934366708851112
8276      0.0024378778351840384
5387      0.003740534903323084
7699      0.002737612792932529
1066      0.0036857387635277454
12111     0.002728875589755174
25        0.00160350365371055
5710      0.0014521934228667289
539       0.006062213976048983
6020      0.0011327052489213908
3844      0.004633739827115408
7475      0.00040463227560606454
5075      0.001664791946671762
11549     0.0017350028430730485
3410      0.002981552887398266
8550      0.003364289971943612
5963      0.0005266238737681909
11913     0.0019314972638319395
3643      0.0015236726171181287
3596      0.0021247528175553122
3865      0.0036857387635277454
3057      0.0036857387635277454
10823     0.0022301808327216325
3583      0.0014521934228667289
4255      0.0017089316688768696
10747     0.00383835295724122
5969      0.0019862407382558954
5259      0.0012943782282869778
6114      0.0007839919294953641
8790      0.0027726937294855246
2145      0.0024378778351840384
5395      0.001421564648849969
10503     0.0014627156045305327
1195      0.002021321674808891
10119     0.001842806928260096
11912     0.0014476551891632347
6900      0.0009550312256720179
8247      0.0014680380307531792
390       0.004786478927836436
3859      0.0022466618306400026
10745     0.0026129179172669783
10049     0.0026724274619746944
2949      0.006173961805129173
9797      0.0032837348184831692
8277      0.002532362763806535
9047      0.006063965024426673
10253     0.008429015499556682
5802      0.0013327394028687803
1288      0.01535341182896488
9488      0.003774164744378917
6250      0.011057216290583236
607       0.009572957855672873
9374      0.0052258358345339566
334       0.004312415942538828
1750      0.004312415942538828
2724      0.013134939273932677
7596      0.00383835295724122
7425      0.0007532484024048522
2069      0.001473402201921544
6028      0.001489751864588822
8657      0.0023548757083871837
128       0.0043967289533541724
6458      0.001748023926711566
3902      0.006911231745391749
3888      0.0012409192120536859
2787      0.0017894868223373125
4840      0.0022466618306400026
5313      0.0018615458625903445
6311      0.003578723830659518
7393      0.0021829946541744778
9371      0.0012583909880875962
8769      0.0013415644068341323
5790      0.002058299778508927
7490      0.002580491436649077
2579      0.001616656526725929
9507      0.0014265751351274325
5168      0.004786478927836436
9907      0.002460303723553503
8264      0.001842806928260096
2631      0.0016506898322577045
190       0.002981552887398266
1978      0.0023548757083871837
4616      0.004786478927836436
8021      0.009572957855672873
10145     0.002439673373753073
3935      0.0018615458625903445
670       0.0015593639315054418
8028      0.0011070147800434766
3696      0.0031433745953320068
10568     0.0019749358805753858
11991     0.0032837348184831692
7925      0.0032116757782301372
8615      0.0019528717633426067
8976      0.0028902269866460037
3251      0.001205127984114106
11657     0.0028096718331855606
10578     0.001397048464241072
10317     0.0014804416049168227
1913      0.0024175512209122464
4839      0.006642262977621499
3988      0.003561043887862194
5205      0.002532362763806535
9543      0.0014788087780449987
7887      0.004452775304731089
6696      0.0012619968756651051
8274      0.002009426969469606
6161      0.0013069277238322932
9861      0.0064233515564602744
7891      0.009635027334690412
10907     0.0096210219222633
704       0.0009966518720349322
7488      0.0009450101186549204
3873      0.0014574342785343313
11884     0.0008764417882950919
1568      0.002507489902100658
8874      0.0006870389709542595
2433      0.0028836613486899255
967       0.0009039862483901084
4794      0.0008564878450861239
7516      0.0028939848440009044
3620      0.0026724274619746944
2626      0.004142167715197946
8491      0.0011165359776802305
11958     0.0011593985224498398
9029      0.0011593985224498398
6247      0.002021321674808891
6210      0.0010945225913244511
9727      0.0027726937294855246
10501     0.001679190969411714
6989      0.0010047457927473905
6068      0.0016719535651768336
11794     0.0023548757083871837
741       0.00383835295724122
3502      0.0034556158726958743
1252      0.0031464904472723026
10808     0.004786478927836436
6607      0.0011459216663313116
8157      0.0015593639315054418
7150      0.0012310795973337837
5953      0.00154128547846067
5253      0.0027726937294855246
7984      0.0036857387635277454
3791      0.0019638148498864303
6203      0.0010496096318205206
7816      0.002737612792932529
4793      0.0031464904472723026
3911      0.004786478927836436
5464      0.003561043887862194
758       0.0007238275945816174
4057      0.0036857387635277454
331       0.0015236726171181287
8143      0.00126596168861195
3915      0.003561043887862194
12162     0.0026724274619746944
2508      0.0020841114575454144
11165     0.003821541154252947
786       0.0023548757083871837
8463      0.005868733417702224
449       0.0019510499864137932
75        0.0013827497904585232
2396      0.0030322374281406303
8501      0.0036857387635277454
1536      0.0022986307441879164
10345     0.0012502385060818699
2417      0.0022301808327216325
10101     0.0020457502829636116
11662     0.00203342691680305
5764      0.00308257095692134
7160      0.002460303723553503
3430      0.002167962657471753
4158      0.002263549807634921
10705     0.0025581744428430225
7892      0.0016577045431651846
4165      0.001764308703622147
338       0.0011366794964914118
8048      0.0014521934228667289
9796      0.0022466618306400026
10233     0.0036857387635277454
6727      0.0009278189147350804
5330      0.0015716872976660034
4758      0.003528617407244294
9556      0.0021532539547093224
1520      0.0010496096318205206
11684     0.002460303723553503
485       0.0011871760790052965
4836      0.00383835295724122
176       0.002167962657471753
2720      0.002335608847887953
11429     0.004786478927836436
3480      0.004786478927836436
5513      0.004786478927836436
10769     0.0012739609414139578
513       0.0019749358805753858
9352      0.002981552887398266
10250     0.0015065019667081685
1835      0.002981552887398266
2156      0.004786478927836436
10714     0.002737612792932529
11899     0.002263549807634921
2548      0.004035106873159802
973       0.003364289971943612
11142     0.0032116757782301372
11077     0.0021829946541744778
11989     0.0018521122189853248
3768      0.0021247528175553122
12176     0.0020762295353213577
3730      0.0011197393948620463
7529      0.002167962657471753
11786     0.0043659893083489556
4111      0.001517901035879695
3319      0.004875755670368077
6011      0.0008832246040666044
9675      0.007371477527055491
7465      0.0032837348184831692
13        0.0028902269866460037
8549      0.008624831885077656
5476      0.0020457502829636116
6102      0.0014367075918288654
2270      0.0014952897759633688
7207      0.001374077941908519
12191     0.0017013743730000686
12093     0.0010268099099801696
11075     0.0018615458625903445
1682      0.0013827497904585232
72        0.002395118392595669
10902     0.001597020872301365
384       0.0012273113877024604
1958      0.0024161640013483955
226       0.0013240268223964008
624       0.009572957855672873
309       0.009572957855672873
10037     0.001535363984171998
87        0.0024161640013483955
8805      0.0013460199816669896
3449      0.0014265751351274325
12082     0.0016938996721741447
10958     0.0010915502359020695
10673     0.0007938897624147505
104       0.0016719535651768336
5271      0.004786478927836436
3718      0.004786478927836436
10164     0.002071083857598973
3318      0.0025581744428430225
515       0.0018711114495386799
2339      0.0007043108059531816
4065      0.002021321674808891
9668      0.003561043887862194
1137      0.0023747011057226484
10910     0.0008100304128177826
11863     0.001122957887003757
5125      0.004035106873159802
8685      0.0014574342785343313
8558      0.0017013743730000686
4873      0.0015236726171181287
4364      0.003561043887862194
11476     0.004035106873159802
9581      0.001205127984114106
883       0.002934366708851112
1726      0.001387482877292736
