t_index   tf-idf
9198      0.0050623794601521175
1505      0.014542788064987974
8261      0.0016469711978460344
8519      0.002442687079180615
10948     0.0047346479479097444
7123      0.0024562845283037957
1047      0.0034321078486958248
11175     0.007202403126009805
3341      0.0026927112137066197
11784     0.012888012336777143
7214      0.003573306166194033
8805      0.006076227642359277
8113      0.02045649056006102
11675     0.007680374835462395
8259      0.003524585799134339
4406      0.04625100222310023
4051      0.00577572068210468
6009      0.0074555553383530235
4414      0.010928183829418533
4305      0.009205955046729627
1451      0.03462773683436071
9761      0.007202403126009805
7893      0.004645101595091261
8091      0.00903971937207219
10570     0.0076987714275133625
7305      0.005358442817043824
8408      0.0038954036728067816
8104      0.0025267447051574373
5316      0.002759129990010515
2155      0.006312056602266355
7907      0.0033316247952524898
10083     0.005199801135454693
9488      0.0018930447177571978
10885     0.0042189336801931624
2639      0.0029063999112163073
4069      0.0015793889009621577
7892      0.017460892640685417
384       0.0018467837232015697
6114      0.005898517479023178
11785     0.01162559964486523
7272      0.0032400859271099996
9557      0.0028906876389437645
10544     0.005748292211390819
9907      0.003702115792550888
737       0.0019353024834799857
4475      0.004227823730030405
7771      0.005375210121843039
1538      0.004175600128345438
8567      0.014498204638692919
7075      0.02787060957054757
10259     0.0020596028525620377
6079      0.002403100127752054
9747      0.0018079438744144384
10317     0.002227678718299011
3692      0.0018244103671995757
11518     0.006489061904057242
902       0.0027187666267432624
4388      0.00577572068210468
10243     0.002566597326336708
7368      0.0020806780022302428
3449      0.004293247444577818
8349      0.0032622186907454104
7475      0.0012177322038381564
4481      0.004119393657611744
6297      0.007202403126009805
4518      0.008958683536405065
1880      0.0027869461115063543
10375     0.004227823730030405
3179      0.003136044491804119
8034      0.0015159725063864904
9202      0.0029994025532804835
4165      0.0026548247080570224
7689      0.0034321078486958248
110       0.004602977523364814
7222      0.0030236638047706163
1889      0.002201005708239072
11835     0.0013780384418060306
8048      0.002185172567583822
4937      0.0016330950256918822
12012     0.004050818428239519
11046     0.002759129990010515
8640      0.0019291583825835886
10911     0.006489061904057242
7165      0.0016995138019957772
8469      0.004227823730030405
6511      0.002830132889009195
3785      0.0021315996037319924
1527      0.014084305561708341
4172      0.0028011412861252815
3951      0.005199801135454693
3958      0.00577572068210468
12027     0.0088309140290069
449       0.0014679108310103777
7207      0.003101443695895413
6203      0.0015793889009621577
2210      0.002185172567583822
4963      0.004941164951982969
2244      0.0033079655040046205
10674     0.0022090145723418692
11082     0.0032848379274900323
3903      0.0016194034644147265
6900      0.0028741461056954096
208       0.0017143217386711362
5963      0.0015848633167905271
11912     0.0021783437088119767
4700      0.005546076101516869
5337      0.006489061904057242
9088      0.006489061904057242
8450      0.0018299582719742261
3251      0.0018134034832048753
1942      0.007185365264238523
9617      0.008573294776293192
8911      0.006489061904057242
450       0.0031560283011331774
6880      0.0017143217386711362
7256      0.001760068551930346
3137      0.002328221013838068
7888      0.0008423388351294433
3981      0.006615931008009241
6466      0.007202403126009805
3565      0.001285508225362375
2738      0.009067017416024375
3768      0.003197199144899582
7493      0.003975559912697972
11001     0.001414536374672248
8116      0.00577572068210468
7942      0.0038493857137566812
4705      0.005546076101516869
10276     0.0050623794601521175
1913      0.0018188922100465363
4216      0.006071784038996386
11196     0.005861873965368051
171       0.005358442817043824
11691     0.0029717637065530098
621       0.0017705167009944578
12111     0.001642498577719939
6068      0.005031708596622225
4058      0.005546076101516869
9264      0.002093443019646475
9507      0.002146623722288909
8817      0.006489061904057242
5071      0.0033806404323611415
488       0.0017705167009944578
4794      0.0012887909517291202
10237     0.0019793699917540577
4322      0.001388852557177961
8959      0.0015837589026170638
8200      0.007546237383099137
4419      0.01359383313371631
11993     0.006569675854980065
6821      0.005750423300830857
9105      0.0032184191511861375
12010     0.011005112028496666
12003     0.00381054586496955
497       0.005719929888482943
5517      0.0030597774695970067
1597      0.017344125833662585
6596      0.0028752116504154285
9539      0.0044180291446837385
5965      0.0019793699917540577
8685      0.0021930586892637454
9538      0.0030060713448672822
5582      0.002154218840476614
612       0.0061195549391940135
7348      0.003458840100851486
3340      0.002584168365676277
5759      0.0009595659929275013
8036      0.004466844105061994
2402      0.00526064072730732
11467     0.0047346479479097444
8882      0.004550866697291528
3861      0.0016752977707595543
7097      0.0019665855560035694
815       0.0028011412861252815
2613      0.0017147259073727204
2637      0.0016946247959204847
7408      0.0028752116504154285
2628      0.004562726935709243
5298      0.006071784038996386
10473     0.00577572068210468
6403      0.0011886138011916187
944       0.0020054254047907004
11540     0.0025488774687928485
6101      0.00441545701450345
12008     0.0050623794601521175
6983      0.0076210917299391
9581      0.0036268069664097506
5033      0.0027729440745145996
3419      0.001414536374672248
4838      0.0017093620478989945
11486     0.005358442817043824
10343     0.0028906876389437645
5214      0.002705656464184113
4891      0.0021094668400965812
7425      0.0011334425012490075
1694      0.0030597774695970067
2658      0.0018930447177571978
8648      0.0030236638047706163
6361      0.0014219938989238734
10958     0.0008212492888599695
11115     0.00563107000216617
6194      0.005358442817043824
10242     0.006489061904057242
6053      0.0050623794601521175
7426      0.0016300115767106146
4966      0.0027560768836120612
3569      0.00263032036365366
1879      0.0033220740548413857
11066     0.002319232888205037
11739     0.00201204365167262
6161      0.0019665855560035694
9090      0.002759129990010515
556       0.0050623794601521175
9755      0.006489061904057242
7114      0.010399602270909386
10795     0.015187138380456352
6749      0.005358442817043824
563       0.0050623794601521175
4781      0.004941164951982969
5089      0.0036683706761655556
5803      0.005546076101516869
5468      0.006489061904057242
3906      0.008573294776293192
1161      0.0029385629614278566
6721      0.0021315996037319924
10567     0.005546076101516869
6349      0.002258422484600448
6646      0.0033079655040046205
3282      0.0027869461115063543
10732     0.0033806404323611415
11910     0.001875452257853864
9399      0.0026927112137066197
7814      0.003078320923416809
1379      0.005199801135454693
9311      0.0027869461115063543
4092      0.0034862852964671616
4134      0.007202403126009805
1504      0.005199801135454693
2618      0.007202403126009805
912       0.004286647388146596
9326      0.007202403126009805
1282      0.007202403126009805
2866      0.003514482508077844
1781      0.0036683706761655556
9150      0.007202403126009805
897       0.00577572068210468
9156      0.007202403126009805
5601      0.0033316247952524898
6099      0.00381054586496955
5467      0.00577572068210468
5676      0.004486459913502131
11863     0.0016897589057994922
