t_index   tf-idf
10848     0.01055682888510843
5587      0.01055682888510843
6930      0.009743470857848283
11027     0.008419524958332616
7217      0.0053572984315000665
4620      0.010320750084094991
4966      0.0063210024178494
4016      0.005173185149801375
7920      0.013188470831253378
4562      0.011590068104091722
10673     0.005479565207971376
3668      0.018665161135241498
8212      0.016390600023194368
8159      0.007244588219630766
10822     0.015772758669717037
667       0.01203679766727298
7887      0.020489219699306102
10145     0.008419524958332616
9371      0.008685633450387214
7140      0.007366155251723307
3844      0.01599143907727328
3935      0.012848713290705095
9701      0.008194095762699602
8822      0.005676285013327858
9459      0.011297979556262359
4031      0.027851009396266026
4193      0.011901428772021397
8732      0.01747880820670815
11794     0.0162537616828898
3378      0.021033306779782865
8463      0.02025350934913539
1955      0.013611181632497507
6727      0.006403967509312783
7924      0.01370937900861406
786       0.0162537616828898
8028      0.0076408085361696475
4840      0.03101370135774786
10243     0.002943217586179594
283       0.013554591626933515
8685      0.010059464857275003
10101     0.014120124235672753
10907     0.03320298326433258
8158      0.01913761432851422
11238     0.00295932883797779
2357      0.004614314164597853
9814      0.014862133274352388
6028      0.010282526456672849
5226      0.022664908801487093
7426      0.003738396116151518
5342      0.011022915803384421
12098     0.018445559112542725
5197      0.030786191929961668
6079      0.011022915803384421
9824      0.005507171088952601
6737      0.026492979650523638
1668      0.01217756550869634
8875      0.017307131389499106
2019      0.024578944226005362
7412      0.01259348398799289
1192      0.013611181632497507
11552     0.007407383393213949
2025      0.012543828723416979
12176     0.0071652486680927295
8686      0.009609544366424732
3916      0.027851009396266026
6682      0.01784210989678369
11723     0.011022915803384421
5759      0.004401487489297886
9267      0.007048684913834326
12113     0.011297979556262359
7552      0.008121283128474576
9539      0.010132653799220313
564       0.009951766067489688
9583      0.007955631318075264
2083      0.012351349262871668
2249      0.007366155251723307
4757      0.012065165146324395
10988     0.0058665982234536234
11863     0.0077508506331237575
