t_index   tf-idf
5458      0.02959653206840446
1985      0.022535738975808153
569       0.02013056024013155
8060      0.05364023139866226
6253      0.04747386960409319
7497      0.017005694886943496
1538      0.019578925046241945
6221      0.05025028597316652
4272      0.06487246766930342
3993      0.015665785956115695
11203     0.052009869218669305
4966      0.012922938276492109
3419      0.013265207780259747
9196      0.016554397622545427
5022      0.13508507196338387
9520      0.03379778176218333
8187      0.011575559539961104
5963      0.007431247996506693
2651      0.025373045064126572
10008     0.023392052997997608
1886      0.029409128345363068
11024     0.015665785956115695
10385     0.017587574506985122
1668      0.02489635615111252
2763      0.038630758300270136
6011      0.024926561048101946
4286      0.015059695181300984
9081      0.02400828281900097
4543      0.03243623383465171
116       0.027405203226494444
10243     0.00601724484285606
10769     0.017977004395508072
11910     0.017587574506985122
5459      0.035734452333714445
9991      0.03269360878020316
7771      0.016802508677168614
9264      0.003926368685736944
12111     0.007701493331086825
4046      0.023593122530828653
1476      0.034094758685694025
9738      0.03038480580534266
