t_index   tf-idf
9221      0.044688548473991875
3037      0.06385996402501636
4069      0.017539529373842906
1171      0.04027664578486617
10910     0.013536034529981367
9267      0.01706523715980942
5759      0.01065623286882646
7361      0.034826599356351
10458     0.03263351499269882
5871      0.034185563938997195
9333      0.039029253116022365
853       0.039029253116022365
9459      0.02735300313621413
3461      0.06385996402501636
10450     0.043196687118528934
7332      0.0367358274392092
8709      0.035741391626330256
10740     0.025364925204831745
2524      0.05151138309592239
4896      0.023838821336997884
11989     0.030949769975149508
3449      0.023838821336997884
8657      0.039351212495417405
2098      0.03841132954103492
3169      0.056219056110110355
3312      0.020322168178240087
11024     0.01855158863224227
9600      0.016972695746050547
2613      0.009521241222516946
7140      0.017833849556803796
7426      0.009050853754893147
3634      0.02019927664841153
8708      0.024354493864981588
