t_index   tf-idf
3546      0.005616146004223024
8106      0.001265509565803071
10385     0.008842914556584699
902       0.0021365354124500122
3517      0.006644847724666037
10933     0.0013016201198063665
22        0.013809232946078678
426       0.002994507178802886
10544     0.012422519760370662
5458      0.017361094230069655
1985      0.013219288226032714
7207      0.004874522307887763
6011      0.005222044912311861
4067      0.0025291859996285845
3993      0.003938326078353108
9056      0.0026566671554122934
8111      0.005274356904201999
1969      0.0034698749722913516
6302      0.008421835637960869
6068      0.0019770773070526804
2613      0.0013475127242295866
4049      0.0034149682969125605
7497      0.004275174692248365
5983      0.0029367153096409335
4272      0.04620804261360998
10611     0.002697112685567296
8187      0.004850094779313313
6505      0.0022839865224083453
2744      0.010194892430409391
7176      0.014603579434113617
102       0.0017881431529395016
1986      0.003797791655821485
1879      0.0026106429257785188
12115     0.004538834502510567
11723     0.0018884697465761022
6724      0.005436240307483527
1508      0.006127153569697651
8261      0.0038828036060951196
3340      0.010153808662154458
6020      0.0026788373670952816
10910     0.001915714384131441
7888      0.003971698194688548
1444      0.01273106388492011
2637      0.0013317163200715913
75        0.0016350951898345667
12036     0.00431508576124896
11835     0.0021658555770657163
7097      0.0015454359490381867
6943      0.0035256724087484154
11032     0.003720710305433728
6403      0.0009340689461878269
7048      0.004724626098823065
8901      0.001943722392138896
3934      0.005523693178431471
12084     0.0009923819120507729
1902      0.0025462127769840218
12189     0.004358368928938768
8158      0.003278697426859047
7475      0.0009569515642824989
1856      0.0026181483493418075
2882      0.001880875868698189
9497      0.003278697426859047
11066     0.0018225629028352428
8136      0.005956906511600215
3848      0.001994285233933337
267       0.002994507178802886
3153      0.0034698749722913516
7556      0.03782087008926289
7325      0.0046974408521135705
876       0.001425058230749455
11143     0.0038830011354503025
3846      0.004293941877108585
763       0.014102689634993662
6946      0.0025813810156439356
1842      0.002994507178802886
10071     0.002259477311872087
4518      0.0028160629067880355
2877      0.0014080314533940178
9264      0.004277329015188291
227       0.005099411775627851
2856      0.005099411775627851
4322      0.0010914260318977643
3730      0.001324086621484915
4906      0.0009949052902350675
971       0.002882779190580753
10943     0.0019195790454640958
1963      0.002599555759199162
9242      0.004771495092097718
9389      0.007300681091726303
9500      0.0019697173518418063
4016      0.001772562509429149
11138     0.0009848586759209031
149       0.002271639075669029
2122      0.0029092976991740684
11894     0.0034698749722913516
10478     0.006050058738194857
11910     0.007369095463820583
6930      0.001669272474715162
8449      0.002259477311872087
758       0.0008559227608181137
2463      0.0018884697465761022
5727      0.0023092617685708666
4970      0.002132389194867887
10568     0.0023353524844792737
11912     0.0008559227608181137
7426      0.002561880392446478
7771      0.014080314533940179
11238     0.0010139972182270267
12113     0.0019355942628978343
667       0.0020621701776333597
5759      0.003016289378140823
29        0.004771495092097718
2339      0.001665688498250541
5209      0.0019602279048601345
2164      0.0018086187289198799
11420     0.0027181201537417633
7368      0.0049052855695037
6847      0.002994507178802886
10903     0.003151916278665458
9509      0.0017049580599796115
4046      0.0019770773070526804
11606     0.003089763272745868
7747      0.003797791655821485
8101      0.0026557849469176376
3873      0.0017234092492910622
10742     0.002201269316098452
4196      0.0025291859996285845
1349      0.002011867275335277
4255      0.004041607485053305
2729      0.0021682548524849855
4787      0.0015404590591660695
11936     0.0017551286893260347
187       0.002512510314986263
7123      0.0009651322820709514
3610      0.012948857530816805
10522     0.002741966710449342
11784     0.00723429263915929
7561      0.0024490470196933856
5651      0.006248366045283218
4283      0.0021469709385542927
9081      0.002011867275335277
4543      0.01630872092245058
1889      0.0051889631780831745
12064     0.002984610860511515
8495      0.00215754288062448
9370      0.001927547011905949
9907      0.0029092976991740684
4455      0.004086249681865699
338       0.0006720591063985536
11681     0.003326950031649531
10595     0.003417679956276001
3129      0.003278697426859047
1520      0.002482317006353931
5587      0.0018086187289198799
8874      0.0008124203846479605
3931      0.002201269316098452
7151      0.002271639075669029
987       0.003978257229393284
1094      0.00237613803652365
9949      0.0030250293690974287
10974     0.0029367153096409335
1058      0.003585606642214712
1131      0.002086286828305518
11937     0.0017814315621223222
4208      0.004538834502510567
1900      0.007301789717056808
8309      0.0025813810156439356
10418     0.002994507178802886
5827      0.003978257229393284
7494      0.0021682548524849855
2301      0.005616146004223024
8156      0.005099411775627851
2002      0.004771495092097718
12196     0.002057571076224524
6616      0.0013090398237013176
11970     0.0015160239058664325
10409     0.004771495092097718
7697      0.003720710305433728
3692      0.0014337079608160537
1607      0.001446858527831858
7085      0.004771495092097718
10432     0.004771495092097718
10310     0.0033224238623330185
8651      0.0043582212269838395
5459      0.005989014357605772
10909     0.0025636057495243263
4146      0.004172573656611036
9196      0.005548960096942601
9645      0.002697112685567296
8566      0.00524605348636075
8882      0.0035762863058790033
4891      0.0016577188203366056
1549      0.00232220191746347
635       0.00179491090834936
6974      0.002739687886609203
953       0.0015811590707743867
5090      0.002599555759199162
8382      0.006893636997164249
7233      0.005099411775627851
177       0.005099411775627851
11984     0.0017296543926943915
3251      0.001425058230749455
11927     0.0012010473712289029
7525      0.0017881431529395016
7847      0.0018439405893965653
10243     0.0015127151839582273
5989      0.003409916119959223
9029      0.001370983355224671
9505      0.0020030284764070427
8827      0.0056599890487451345
4494      0.004538834502510567
6042      0.0027618465892157353
7026      0.0033686502752287954
815       0.002201269316098452
8918      0.001483009442252966
8913      0.002390203470211631
2357      0.0007905342702849208
8259      0.0016618717399270295
5956      0.004172573656611036
1913      0.0014293715319173895
8316      0.004538834502510567
10237     0.0015554825633523506
2738      0.001425058230749455
1262      0.0030250293690974287
1538      0.0016406920429811686
9202      0.001178536198775013
10549     0.0050924255539680436
2366      0.0028076603730665304
4468      0.0019602279048601345
6360      0.0013831451190216126
4417      0.0009178239398473112
5091      0.004086249681865699
10145     0.0014424512032897591
347       0.004771495092097718
2341      0.011649003406350908
10150     0.004538834502510567
83        0.0017172119618628916
8959      0.0024891853143553105
9600      0.0012010473712289029
5274      0.0015605530630459694
11196     0.0030710252183554537
5395      0.001680993579180131
1886      0.00492890419196029
6727      0.0021942830944386444
1361      0.0018155607634063663
6033      0.001197792871658102
6015      0.003585606642214712
11414     0.0022839865224083453
8330      0.002832216348786312
11523     0.002599555759199162
2941      0.0042109178189804345
3341      0.002116059836469634
2079      0.003971271007733476
2660      0.001943722392138896
12020     0.004115142152449048
4480      0.0028571026831587173
9744      0.0029367153096409335
5624      0.003585606642214712
12044     0.0019195790454640958
4966      0.0010829277885328582
3821      0.003978257229393284
11024     0.0013127753594510357
9988      0.005099411775627851
11220     0.0014512900022179932
10769     0.0015064528823051457
7425      0.0008907127291007098
12162     0.003160133032316445
737       0.0015208522309656499
9814      0.0025462127769840218
11851     0.0018658987360065428
8760      0.001836751723822565
12045     0.0016577188203366056
9843      0.0056599890487451345
12171     0.0005167342285951734
7447      0.001175370863806867
11368     0.004358368928938768
6574      0.003797791655821485
341       0.002086286828305518
2346      0.006348179509408902
7204      0.0016463278989033061
4412      0.0016989000387548036
3736      0.0014557458925641576
3449      0.0016869184558769453
443       0.0015355126091777269
10345     0.0014784012129645946
8408      0.0015305962289799456
10655     0.004358368928938768
6880      0.0013471951093467773
4080      0.004086249681865699
9747      0.0014207678119234506
9902      0.0042109178189804345
3289      0.002512510314986263
12111     0.0019361296083737827
3867      0.0023623130494115326
10673     0.0009387709481068279
4170      0.0035256724087484154
1798      0.0013872400242356502
12012     0.0015916623619339635
507       0.0030567488091324015
2651      0.002126232826602785
3888      0.0007336905955810899
10676     0.0034698749722913516
8347      0.0019116888165194878
6458      0.002067030155422429
