t_index   tf-idf
7153      0.002335838374278104
11238     0.0025991241345485125
3137      0.0023448908540326125
9267      0.0015476826063788975
10571     0.0024703884138269562
8187      0.0037295955558347238
3653      0.0082471271614317
9042      0.0032632846330320282
7361      0.006316996541963427
10458     0.026636425125305483
5871      0.018602168444132126
7337      0.022803170962518004
4069      0.0015906971747160633
7475      0.0006132255250831766
9465      0.014929629663986725
8082      0.008297776245881414
9747      0.0018208885799591717
10933     0.0066727446714655745
1913      0.0018319153046292083
6203      0.0015906971747160633
9466      0.004867336799943048
10259     0.002074349412365584
307       0.005322839298874728
1110      0.0023913785709678125
11033     0.003404845495122677
477       0.005730620660806119
9333      0.0070792917346484486
853       0.0035396458673242243
9459      0.0024807019550743127
5759      0.0009664363938315168
6616      0.0016776954303761517
28        0.002555921648263012
8390      0.0025016421085528456
1970      0.00383782900958747
1649      0.006578808028426877
689       0.0036617282598000746
1634      0.004678360079065662
11220     0.0018600065183557574
5075      0.005046028096117274
3055      0.004678360079065662
5812      0.01378618687495919
2069      0.0022329603776137957
11212     0.006115257433070346
9497      0.004202053742776392
9221      0.01215869815282834
7140      0.0016173896972757622
1798      0.003555837198160116
128       0.006663300442434128
11757     0.005450057412342223
5870      0.022343141907781562
9264      0.005903609241084188
384       0.0018600065183557574
3888      0.0028209440321745488
4073      0.0014397409836166613
1171      0.007305549116109378
8957      0.003917599309078997
11910     0.0037777606339586185
2433      0.01092556656574047
9851      0.003598890697216902
9598      0.00369463586000445
3323      0.004050098898219405
2098      0.01741802532887025
11930     0.004000081121029526
7275      0.016595552491762828
7888      0.001696739801549523
6311      0.0013559007353632422
2658      0.0019065987372160799
8932      0.0020884517026054897
69        0.0036617282598000746
7299      0.0033083570534625144
4322      0.002797593217799998
10555     0.0038001338611788017
8512      0.0033083570534625144
9371      0.0006357026869018486
75        0.002095575458093466
5441      0.0058170742908071
10726     0.0055857854769453905
7217      0.0011763041902100385
199       0.0023179672015035215
12133     0.003331650221217064
6182      0.0024807019550743127
10958     0.0008271293553673201
687       0.00362983336348031
2613      0.004317507952931312
2939      0.008295469166315126
11675     0.0025784551953580994
6707      0.005098625613804758
6961      0.0232682971632284
10201     0.0028503963703147505
7325      0.006020347822398538
3935      0.005642394380643765
4027      0.005429933784690284
9701      0.0017991809311894114
539       0.0018374729712606703
8770      0.00369463586000445
580       0.0018099779282300945
338       0.0008613263487733253
10910     0.001227611723482797
6696      0.0057377184919857405
11138     0.0012622174438413486
3520      0.010596612825411402
3385      0.00237253255462883
4721      0.01187973420618996
6184      0.0032200907855551874
11872     0.004689781708065225
4428      0.004976543221328908
3954      0.00348360506577405
2339      0.004269569086207831
10935     0.0055857854769453905
670       0.002363236507174118
10460     0.006115257433070346
11266     0.00395991140206332
5964      0.006535522967809442
7484      0.003199150632076655
7332      0.006663300442434128
3037      0.014478989456745951
3993      0.0016824829785804444
6388      0.0026132015442147222
7488      0.0014321752394889607
11912     0.0010969702209053152
11080     0.0032414627250609783
2822      0.002440049593979372
10572     0.005134254376279628
8491      0.0016921249303745738
8822      0.0037390326102111904
11958     0.0017570836796077527
9364      0.0028503963703147505
9220      0.002216764698990187
4597      0.005237031215183485
11814     0.0024911191517388714
67        0.0022577385059997664
226       0.00200658002916877
2779      0.0032855758651421556
8287      0.0023179672015035215
6766      0.0019246253192935162
5098      0.004976543221328908
5782      0.004976543221328908
8495      0.002765156388771709
2749      0.002533867574909999
8159      0.0015906971747160633
8893      0.004689781708065225
2436      0.004867336799943048
1720      0.0024911191517388714
485       0.0017991809311894114
2876      0.002224830905795391
5275      0.0029596027917006096
5083      0.003876946947984056
10090     0.013071045935618884
4739      0.0017316155102791975
9180      0.005237031215183485
2793      0.00348360506577405
1430      0.00362983336348031
2834      0.002512272995011676
6623      0.0035112467663702676
3848      0.002555921648263012
3903      0.0032619964772458926
12045     0.00212457042129059
3647      0.004595395624986397
110       0.0023179672015035215
12131     0.00376376162595986
1123      0.0055857854769453905
11001     0.0014246643200756292
3730      0.0016969797511632444
4255      0.0025899083764601726
535       0.005396808756068004
8143      0.001918581556726941
7034      0.0055857854769453905
8920      0.0025784551953580994
8304      0.0030453129489575177
6403      0.0011971241625366661
7426      0.002462523455985248
6607      0.0017366593272562837
5214      0.0027250287061711116
8874      0.002082433157784987
10713     0.004976543221328908
10062     0.006163370368352921
2816      0.004518582538181144
7552      0.0017831934315505039
2956      0.0072539716448117835
11483     0.006535522967809442
2032      0.0026370302337292827
3497      0.0026014895287141395
9594      0.00362983336348031
9460      0.005098625613804758
5272      0.002555921648263012
6777      0.0023448908540326125
8311      0.0029596027917006096
2877      0.001804565371056295
3182      0.005396808756068004
5052      0.006535522967809442
4838      0.0017216009169770301
8264      0.0027927980893679262
12171     0.0006622584266243631
7447      0.001506382228793049
10037     0.002326864271955176
7944      0.005098625613804758
3736      0.0018657172895154004
132       0.00348360506577405
8708      0.006626282340352987
7695      0.006115257433070346
12084     0.0012718593956354775
2524      0.004671676748556208
4896      0.004323986686424437
11027     0.0018486785111374718
2958      0.0035112467663702676
2135      0.004148888122940707
4635      0.004447071265203952
9157      0.005098625613804758
6535      0.0014589005373445067
3695      0.0058170742908071
9471      0.0021099715553963613
4937      0.0016447878301717764
3944      0.003199150632076655
9359      0.0018154188979076567
9603      0.0058170742908071
6349      0.002274592573988995
876       0.0018263872790273445
6614      0.0030453129489575177
1690      0.0031584982709817137
11901     0.0032414627250609783
7915      0.004098317003442048
10885     0.00212457042129059
6114      0.001188150060213738
1148      0.0047685475752217476
1083      0.0032855758651421556
11897     0.002778885097337559
9132      0.0030453129489575177
1252      0.0047685475752217476
8645      0.011171570953890781
710       0.004258094544326566
9768      0.00383782900958747
8533      0.006115257433070346
6014      0.004447071265203952
951       0.004976543221328908
5072      0.004678360079065662
11851     0.0023913785709678125
1536      0.00348360506577405
8709      0.0032414627250609783
3312      0.007372242394015498
3643      0.0023091458517184053
9196      0.001777918599080058
6166      0.001672929893965471
2579      0.0024500641872815393
8259      0.0007099642993960341
8452      0.002835693962904682
8347      0.0024500641872815393
3398      0.0032632846330320282
6588      0.0019246253192935162
8799      0.002778885097337559
9738      0.0032632846330320282
4417      0.002352608380420077
9507      0.0021619933432122187
992       0.004595395624986397
2155      0.006357250324955613
2330      0.0055857854769453905
2803      0.002326864271955176
9730      0.004380176936802416
4172      0.0028211971903218825
6727      0.0014061217442882484
6578      0.0028804420202145605
8091      0.0018208885799591717
10430     0.0072539716448117835
9048      0.004595395624986397
10059     0.003199150632076655
8722      0.006535522967809442
2170      0.004050098898219405
8918      0.0019006588794506986
9836      0.0036617282598000746
8906      0.0036617282598000746
4794      0.001298018571908565
1238      0.0055857854769453905
11420     0.00348360506577405
704       0.001510438994611413
10501     0.002544835956029686
2042      0.004148888122940707
11937     0.0022831235056317116
12093     0.0015561438969866532
11836     0.001777918599080058
3500      0.003138754772256201
6756      0.0032632846330320282
5351      0.0016681861678663936
6372      0.004595395624986397
