t_index   tf-idf
6017      0.046983781760518255
10988     0.019989890242879012
1192      0.023189420559069827
10907     0.03771203037430367
5963      0.012385413327511155
7256      0.02750921958942985
4960      0.08893074284732458
12176     0.024414921387575225
368       0.018208867177344986
7924      0.04671343958490717
5387      0.02199295984824221
667       0.020507136766465078
2025      0.02137096745471041
10259     0.03219082976967332
9500      0.019587744776649072
337       0.030539639671423674
10947     0.06285153475384929
10949     0.09489973572061017
6727      0.021820926328028744
11220     0.028864545599668973
758       0.017023352687382483
1886      0.04901521390893844
11078     0.060795337426077754
2063      0.022821046119975156
12044     0.03817829434867479
12162     0.06285153475384929
