t_index   tf-idf
7797      0.001954674143321442
11912     0.0010057560668694245
4620      0.002077700235747788
12207     0.002547818065173823
2169      0.0031692549499992076
4417      0.002156986677015344
10385     0.0017318180586746838
2744      0.011979556313194403
10401     0.02175982715840946
1263      0.003904029790093722
8382      0.012150600877933921
1889      0.004064877062918548
7497      0.006698085513456957
8261      0.001520835548120408
1538      0.0019279029038969091
11770     0.0022936281039029373
5839      0.004492677875146455
12064     0.001753540516514971
5963      0.0014634842881523027
6900      0.0013270127533954734
3340      0.0023862561276047894
5203      0.003418583948482439
9913      0.002054799943235392
6743      0.02395560579810931
8816      0.004674669873488389
8187      0.0034194760128987947
5302      0.002364054106903815
7494      0.002547818065173823
3708      0.0021416111133972108
12012     0.0018702903465175893
6020      0.001573890225525346
7892      0.0023033750216846656
11784     0.0034002758400249787
9202      0.0013848445049063063
4787      0.001810123664709364
10522     0.0016109804414784427
7180      0.003193939874309249
9775      0.0018457646975205764
4347      0.0017814110228671208
5179      0.0038039039901797723
10988     0.005905109809165573
104       0.002323173991000633
1682      0.0019213262952760663
5814      0.023750090124260784
1982      0.02350076364550026
6756      0.023935514419963583
2113      0.0031217292395107252
12093     0.0028534979992884363
7186      0.02677567771347226
1764      0.009349339746976777
9563      0.00775983559788754
1560      0.005501205655507783
963       0.025018720592861067
10881     0.0017870845689902711
11387     0.004289349831791055
11927     0.0028225927280084062
8272      0.0030988289469983297
3154      0.0033280091450727566
488       0.0032698382836746655
8101      0.010922424086940262
4376      0.004411760600547821
6973      0.0031206925962686464
6758      0.03043123192143818
9562      0.004835517146313213
5142      0.01771513193648601
6721      0.00196834799294289
7597      0.003485234444156861
2388      0.006714503898714359
11165     0.00531001889048276
10054     0.040288699111717445
8450      0.0016898082949083663
2290      0.004462612952245377
580       0.0016594764812437846
7475      0.0022489408753597457
11412     0.0020316248325972694
11930     0.0018337352185025942
11024     0.0015425828621995759
131       0.0021416111133972108
1399      0.0017701645466036394
487       0.002323173991000633
8920      0.00472810821380763
8135      0.0029719319076598463
2063      0.0040448681306739336
4794      0.0011900870495179182
6155      0.004289349831791055
12044     0.004511220776429845
2362      0.0031451950281141676
4966      0.003817498177957187
10903     0.009259185129339995
7888      0.006222616865201314
10237     0.003655554207965918
10382     0.008154585821096088
11063     0.0022839801413098186
1520      0.005833716553225649
7175      0.0049030023054707364
11706     0.006599278783955719
4001      0.002210132038273364
7552      0.0016349191418373328
9589      0.0014584291383064123
1572      0.0022839801413098186
1450      0.007705297672749707
6228      0.0066507967596852015
109       0.002669300183007152
629       0.0038526488363748537
6132      0.0018397309238987187
1131      0.0049030023054707364
9162      0.0026985429872915753
485       0.0016495772651386506
6387      0.0031387082032482186
102       0.0021011660243512305
1640      0.011984175595239194
10909     0.0030123769967058274
8449      0.00531001889048276
11623     0.002991939302495448
620       0.003418583948482439
9396      0.0023332303404298435
4468      0.0023033750216846656
5614      0.004289349831791055
11066     0.0021416111133972108
5205      0.003518709748396389
5587      0.008500903784945082
6161      0.0018159717825678473
1083      0.0030123769967058274
5968      0.0016495772651386506
6011      0.0012272376883638812
11771     0.0056067677559222635
8259      0.0039055804128700863
12208     0.002032438531459274
116       0.0026985429872915753
9371      0.0017485301475615397
7919      0.0056067677559222635
7847      0.002166731064564454
83        0.00201781799457412
2411      0.005866276213742311
1730      0.003245320828028118
11835     0.0025449987853047914
1885      0.005488333847550854
11836     0.0016300829168808407
2357      0.0027867630403260557
8193      0.0031692549499992076
6079      0.0022190552601999273
3310      0.002535230912243645
6989      0.0013960909811697878
5116      0.0033280091450727566
10882     0.0029907582581313544
3348      0.007515075818127868
6566      0.0022839801413098186
1651      0.0038526488363748537
1508      0.0010285343754072019
2466      0.003757537909063934
5735      0.002573503849137158
7516      0.0020105912209415476
12111     0.001516705470017099
1295      0.0021752541365196495
8159      0.0014584291383064123
1334      0.002054799943235392
12003     0.003518709748396389
12084     0.0023322060690208536
11978     0.005281860859824511
5071      0.0031217292395107252
457       0.004857747017338487
10919     0.005226766210774093
3352      0.004289349831791055
12171     0.0006071909863361228
3888      0.0008621265860548036
10958     0.001516705470017099
12087     0.0019479102987325103
3736      0.0034211621195052635
5331      0.0066507967596852015
10433     0.0028600007863307845
6681      0.0020034189895165237
1902      0.002991939302495448
7774      0.0033874232502010162
4664      0.0019213262952760663
9509      0.0020034189895165237
2613      0.0007917005830539256
11606     0.003630640869725451
835       0.002627056955008494
9723      0.005755528444531063
329       0.002117138100372017
3573      0.0023536680346402227
7425      0.0010466361827726064
8091      0.001669479901538059
10345     0.0017372023005732763
11138     0.0023145256410044856
7976      0.0035918470689367604
10674     0.002039834025225971
79        0.0066507967596852015
6766      0.0017645908288489787
5259      0.0017985342996985358
2340      0.0028600007863307845
7975      0.003630640869725451
338       0.000789706214739657
4757      0.0024288735086692437
10032     0.002166731064564454
1694      0.0028254400266300586
3033      0.004562738752159327
7217      0.001078493338507672
5608      0.006438566280565172
8110      0.013301593519370403
2261      0.0017053451448382107
2549      0.003450801140650287
8536      0.005173223731925027
3346      0.004372038148835694
6578      0.007922791289736766
8000      0.004015960911422784
6588      0.0017645908288489787
2729      0.005095636130347646
11238     0.0005957511008620496
8655      0.002228063063689714
1726      0.0019279029038969091
3297      0.004015960911422784
8104      0.0023332303404298435
10772     0.00220129182426518
11189     0.003757537909063934
9796      0.0031217292395107252
2834      0.0023033750216846656
9503      0.0016644650289350288
11958     0.0032219608829568854
10164     0.0028777642222655316
9627      0.003450801140650287
2717      0.0048015669128268715
8157      0.002166731064564454
6871      0.002183854341395869
762       0.005333378835553993
4348      0.0021416111133972108
2628      0.00842656790752429
11015     0.0062434584790214505
191       0.0026985429872915753
136       0.0031451950281141676
2682      0.0019345253429126376
11255     0.0033874232502010162
10289     0.0019822214678466513
5431      0.004015960911422784
758       0.0010057560668694245
2301      0.009898918175933578
1011      0.0022649731846684784
2579      0.0022463389375732275
12107     0.0027598749864168348
474       0.004213283953762145
8795      0.002744166923775427
9488      0.0017480631748217448
9160      0.0021582837542510227
7697      0.004372038148835694
4412      0.0039926009663515515
7502      0.006338509899998415
2249      0.0014829021513316067
2991      0.004142857950761267
3173      0.0026838091083879246
4627      0.0037133291867700894
11884     0.0012178129881124362
7525      0.0021011660243512305
1047      0.0031692549499992076
5393      0.003554574991696541
9747      0.001669479901538059
470       0.004562738752159327
10094     0.0020105912209415476
10848     0.0021252259462362704
11514     0.003904029790093722
11922     0.002952337065968541
