t_index   tf-idf
7887      0.013464344373829724
11540     0.015366089883294026
6727      0.008416643012239659
2069      0.026731725663433722
10387     0.022972147928816425
457       0.01585707419231206
10822     0.02072991139448525
6571      0.01715092897769831
11817     0.021918059155089015
11552     0.009735418173938333
2025      0.016486174893633743
667       0.023729686829766734
2686      0.01212974887151208
9493      0.01166710925755077
12005     0.01262968688158679
2013      0.018446087030999096
5588      0.02211503464774092
1798      0.010642112757350632
10201     0.017061658273741148
1710      0.01855787756688419
4286      0.009681232616550633
4806      0.021362086783226594
9685      0.03230375526846419
6311      0.008116034401674264
8053      0.026218487664574464
11682     0.020533630397831067
10766     0.039119773193030796
368       0.007023420196975922
9267      0.009263985886753687
5759      0.005784812128791507
12113     0.014848773131087671
8755      0.013615061264305554
8143      0.011484081032408403
118       0.011593248779463765
12176     0.009417183963779016
7426      0.004913320609799138
2749      0.01516700734124699
7222      0.018228373223045713
8874      0.012464849901598707
1889      0.013268920126812689
5330      0.014257449057398744
199       0.013874689391856793
7400      0.017915489773791
4677      0.01571278380796455
3583      0.026346937814867792
6138      0.015930497615917933
9360      0.015502451567668746
7541      0.015930497615917933
1061      0.0314255676159291
5897      0.03100490313533749
1192      0.00894449078706979
11545     0.03230375526846419
10988     0.0077103862365390475
11315     0.027046944049969986
9747      0.010899318785755613
3859      0.020380432320805737
633       0.0237028982494933
7475      0.0036705927858550137
11027     0.01106566137380858
634       0.01655143609850494
10540     0.028003326758978746
