t_index   tf-idf
11863     0.002446237592615388
5989      0.0015704330672539474
3430      0.0023613315394417893
5330      0.0034237441990322883
7426      0.003539613475326995
5387      0.00916687691787797
1192      0.00966557323474094
11552     0.003506754402276244
2025      0.011876832684950555
9471      0.0030328579132455416
6138      0.005738258146385534
5423      0.0020701633044080633
6724      0.0025036544126232022
7541      0.0019127527154618447
1061      0.00565983636307471
5897      0.005584073463482739
3736      0.002681768591104469
4069      0.0011432283296844434
4677      0.0018866121210249032
3583      0.006326880435817309
368       0.0025298769148626825
9264      0.00515209613137009
4137      0.0024183889126079116
621       0.0012815746960886125
11958     0.0025256194228324125
1913      0.001316590930771249
3535      0.0045689329093591795
3774      0.016918279171401672
10145     0.002657277173813381
5559      0.0022844664546795897
6443      0.00939411363125954
7401      0.0033623205370986488
8491      0.0024322481846550475
6210      0.003576441743521577
2164      0.003331829356535079
3626      0.005890891335993887
12111     0.001188909776668635
2074      0.003861407433250156
9543      0.0016107093894658219
10094     0.0015760552109267362
2150      0.0015429417371782173
448       0.002127055865733371
9360      0.007445431284643652
6166      0.0012023286888019423
176       0.0023613315394417893
6114      0.0008539191684898049
10578     0.0076082828026850825
12181     0.0014098287735201216
3887      0.0034271379657254066
3859      0.002447050192892627
7490      0.0014053276691871047
10540     0.0033623205370986488
2145      0.0026553214842913626
6311      0.001948961948944077
8091      0.0013086660634697993
953       0.0014564020943496495
5759      0.0020837230652593765
9267      0.001112313914361506
12113     0.0017828715594787941
6569      0.003247488993992966
9493      0.004202560796030295
10243     0.00046445286094086224
6312      0.0024290991917293937
274       0.011726554556092793
2920      0.0035362399568240805
6241      0.00210377489285297
4114      0.01970895158409725
487       0.0018210814989490383
5588      0.005310642968582725
10246     0.0017536548539920356
4469      0.00535949524684897
2281      0.006082752775702584
12177     0.009559084825491131
201       0.005765022436363962
3417      0.003196094099692034
8315      0.0035807167223965253
3251      0.0013126179586834602
10821     0.0017536548539920356
515       0.004076006073609131
2918      0.003994349419500642
68        0.009788200771570508
12084     0.002742242298994503
704       0.0010855470647378766
8143      0.00275775530795399
118       0.0027839705473840944
2112      0.0017536548539920356
3596      0.004628535297247422
9701      0.003879194563473568
11606     0.0028459740608310995
6184      0.004628535297247422
12176     0.0033921245838655118
7979      0.002679747623424485
5075      0.0018132811082960014
5186      0.003928277864988183
9600      0.001106282055488715
4970      0.0019641389324940913
10902     0.0017394652725752433
11549     0.0037795087662140163
8247      0.0015989779580244748
667       0.004748650880742343
10740     0.0016532884353063573
5886      0.0033623205370986488
10746     0.003196094099692034
8959      0.0022927830425536907
4906      0.0018328100887006215
8822      0.001791486179163509
9500      0.0027214533909237994
2088      0.0016918279171401671
10100     0.005890891335993887
8200      0.0027311425177254166
4165      0.003843348290909308
9847      0.001949097996885409
5735      0.0020173091922052852
2813      0.0037393623071397064
5883      0.0036643638630946716
10823     0.0024290991917293937
10059     0.0022992180357463434
7227      0.0011369419590388083
2447      0.0016408726395534942
7957      0.0035766236873701757
8889      0.0039551402881772045
7924      0.0021634011471569356
7780      0.002447050192892627
2036      0.002631670910559573
5259      0.0014098287735201216
7773      0.006490203441470808
5363      0.0049411640126681595
8320      0.0017828715594787941
12036     0.003974615872711307
2346      0.001949097996885409
8259      0.0005102487846431187
9284      0.0025036544126232022
2082      0.0037393623071397064
8304      0.004377310894041852
2109      0.0024654444731529584
25        0.00174652627805523
11739     0.0014564020943496495
7922      0.0016984495651903183
8449      0.0020811995136797786
9814      0.0023453109112185587
11158     0.001921674145454654
11178     0.0020924016871942857
5747      0.0036643638630946716
11065     0.0029454456679969434
2113      0.002447050192892627
241       0.0034271379657254066
3708      0.001678758625767625
12012     0.0014660766524160179
24        0.002631670910559573
2919      0.0024654444731529584
10037     0.0016723089707533767
1057      0.0035766236873701757
516       0.0023944450131903085
3730      0.0012196132345409939
4129      0.0027311425177254166
6623      0.0025235204032746862
8159      0.0011432283296844434
6150      0.0036111231043221004
11835     0.001994964742511646
4162      0.0020173091922052852
2185      0.0020701633044080633
687       0.002608748163461835
3378      0.0016595748059519927
5724      0.002484304480531111
10712     0.0025235204032746862
7888      0.0006097203918089623
7887      0.006466580488288718
2662      0.0046592551691271005
2686      0.0014564020943496495
12005     0.0030328579132455416
2013      0.011073980207289337
1710      0.0022282185757836934
1798      0.003833351078977072
10201     0.0020485696040512527
11540     0.0036899701263484797
6727      0.00404229853074975
2069      0.014443385221237776
5133      0.00469705681562977
10387     0.0027582338851066036
457       0.0019039368670014482
10822     0.0037335174895728154
8379      0.012971885228105154
11165     0.0020811995136797786
4283      0.0039551402881772045
4806      0.002564916080318802
9685      0.011636001040098595
8053      0.0031480173868271223
10933     0.0023978387798834267
11682     0.004930888946305917
10766     0.00939411363125954
11027     0.0013286385869066906
6011      0.0009620027848752895
10099     0.0017051306010111146
2079      0.003657928869902019
4739      0.00248901165971521
9848      0.001930703716625078
5720      0.0029107914894578573
773       0.021421940477718383
8390      0.0017979211723561617
9399      0.001949097996885409
8949      0.003657928869902019
128       0.0023944450131903085
4696      0.003247488993992966
4280      0.006996274851376114
569       0.0015538168281405138
2459      0.0067246410741972976
497       0.0020701633044080633
3861      0.002425302433140761
4016      0.004081758437236076
6071      0.003247488993992966
9553      0.0022147960414578673
230       0.002564916080318802
2822      0.0017536548539920356
2438      0.001921674145454654
6108      0.0023613315394417893
11080     0.0023296275845635503
8874      0.0007483186047271952
115       0.0020071739270071374
8064      0.0028155645120138927
10718     0.0020811995136797786
3402      0.0035766236873701757
11541     0.00418071033936222
9727      0.0030200008888907515
11890     0.005462285035450833
8034      0.0021946497348030837
4377      0.0030200008888907515
884       0.0024115706065120936
6361      0.004117196743367921
4397      0.001244505829857605
10647     0.001930703716625078
1017      0.0033065768706127146
2137      0.00349305255611046
4286      0.001162412149500076
7495      0.002679747623424485
10553     0.00349305255611046
8974      0.0022844664546795897
8169      0.00418071033936222
8318      0.0026553214842913626
7160      0.002679747623424485
1726      0.0015112377822999784
10503     0.0015931808042485218
1195      0.00220161108662718
8755      0.001634741489710787
10345     0.0013617520606552097
7411      0.0033968991303806365
11238     0.0009339905766516524
6616      0.0024115073253091167
9930      0.0012373083777244866
1165      0.0016659146782675395
3289      0.002314267648623711
4001      0.001732470568595073
4158      0.0024654444731529584
3063      0.0024290991917293937
4673      0.0017903583611982626
2825      0.002679747623424485
7682      0.00418071033936222
3653      0.0011854361168575926
1147      0.0028155645120138927
4896      0.0015538168281405138
3791      0.004277950016047628
4838      0.0012373083777244866
11989     0.0020173091922052852
10273     0.0027311425177254166
5004      0.001967958004263562
7475      0.0004407229760031749
551       0.005213403291897319
190       0.003247488993992966
7140      0.002324824299000152
11084     0.00220161108662718
28        0.0018369316820277908
2157      0.004140326608816127
5963      0.0005735954714284755
6161      0.0014234976065754825
4966      0.000997482371255823
8769      0.0014612236678210532
2376      0.0020701633044080633
3554      0.0022992180357463434
5972      0.003060277211102626
367       0.0015989779580244748
618       0.002631670910559573
7680      0.0027863478065271344
6681      0.0015704330672539474
3266      0.0015989779580244748
8069      0.0029817909494205077
1886      0.002270001330259585
9583      0.002510868203303342
11402     0.0028459740608310995
876       0.0013126179586834602
6360      0.0012740118849307136
8820      0.003302694282794683
8966      0.002586509780675612
10101     0.0066846557273510816
8825      0.002484304480531111
4263      0.00174652627805523
5157      0.004351842564439084
40        0.002270001330259585
7516      0.0015760552109267362
6571      0.004118576426891533
11884     0.0019092299676411093
2313      0.0028155645120138927
10115     0.0035766236873701757
10673     0.0017293996539738132
4193      0.001878098536922759
3656      0.0019873079363556534
7837      0.0023613315394417893
7402      0.0023613315394417893
4376      0.0011527584873929984
3440      0.004014483901955607
1693      0.002543930734835077
8912      0.0033623205370986488
338       0.0006190321443156488
213       0.002314267648623711
3403      0.003763835470260515
7165      0.0012301798017876808
8028      0.0012057536626545583
10749     0.0024115706065120936
10021     0.003247488993992966
2685      0.0016408726395534942
7906      0.00469705681562977
5308      0.0027863478065271344
116       0.002115324434292024
10907     0.00174652627805523
341       0.001921674145454654
5436      0.001428110194072534
2178      0.002484304480531111
2083      0.001949097996885409
1871      0.002631670910559573
7199      0.0019398440828430317
4982      0.004377310894041852
12140     0.0043021759319566725
1809      0.00418071033936222
6713      0.006040001777781503
7143      0.00418071033936222
7217      0.002536216753162982
10353     0.0017681199784120403
4981      0.0067246410741972976
1630      0.0029107914894578573
2687      0.004395013489633747
