t_index   tf-idf
5963      0.008800162101126347
10353     0.027126682826689986
1322      0.03263351499269882
8974      0.035048524817847385
6349      0.025080376013194444
7475      0.00676161828973292
1334      0.024711673001541423
4906      0.014059582654111346
5387      0.04687973020283207
12176     0.01734744414380345
650       0.07206274009242515
11552     0.017933665057254824
2025      0.030369269540904263
10772     0.026473430623399668
11022     0.0269047573651936
4873      0.025461371365000308
1317      0.05158507560864506
11827     0.030949769975149508
9503      0.02001738205850811
2561      0.022270776863728303
10988     0.014203343067308772
5969      0.03319112812611825
1958      0.04037537212779556
7987      0.039351212495417405
3571      0.026368095295671405
6696      0.021088632001245836
4155      0.037825108627583544
3774      0.025956201991913615
12031     0.03841132954103492
12177     0.024442747602023373
4417      0.012970301465737003
12111     0.00912018947102387
6073      0.02565674026182154
5363      0.02526928613496085
12036     0.03048948754987752
