t_index   tf-idf
9221      0.01612181812036416
7332      0.0044175995021833855
3037      0.015358725525003935
10522     0.002329803992897621
8708      0.011714819833788612
9600      0.006123061123575198
1171      0.01210848528342496
10526     0.005194538324380061
7361      0.004188008783358664
10458     0.027469984139423694
5871      0.02466553347497266
7140      0.004289153690876862
9264      0.007268752155557317
12084     0.0016864211606685603
7256      0.0023504712940335634
5299      0.005987293886163937
3323      0.010740452141480575
7275      0.022004862322938683
2098      0.023095419660748844
9471      0.0027977154484527702
6616      0.0022245391940747075
5759      0.0012814457247322959
9656      0.004812975250943828
3653      0.004374109215999851
9333      0.00938678239499272
687       0.009625950501887656
9267      0.008208595089528583
4069      0.008436735648177601
8957      0.010389076648760123
11574     0.006760519405646182
9568      0.013521038811292364
7325      0.0039913381923813085
3935      0.011222293886818373
10145     0.00245125410179304
7368      0.00277862695234545
5073      0.004898900080195773
8822      0.009915535846066385
11300     0.005088766946256804
485       0.0023856228169884916
777       0.004583384532119107
2561      0.002678131395005302
4073      0.005727070937994125
337       0.007828198776535816
8418      0.0029716568799321966
11910     0.005009119321609687
10426     0.003740764628939458
9359      0.004814307077362709
2524      0.006194406827990667
4896      0.005733387410164048
5004      0.0036307579635622045
10298     0.005991411656638921
10874     0.005896591329495113
9175      0.005140635351915567
10273     0.005038785088082019
12111     0.002193463290499412
12184     0.0064538421492915735
4016      0.0015061171955117927
3461      0.0038396813812509836
3251      0.0024216970566849913
4508      0.00961839911131689
11884     0.0017612042264790614
758       0.0014545269701244526
9807      0.00961839911131689
2132      0.0064538421492915735
5472      0.006760519405646182
3289      0.004269677339074757
6399      0.0062032685858497225
6649      0.004855266268532377
2613      0.0022899187750357215
4770      0.0038813315270040554
12013     0.00525064201729282
9980      0.00961839911131689
9870      0.005646017766053262
535       0.007155895154406624
8893      0.006218413087592813
9847      0.0035959624436208656
1913      0.002429026938733032
3449      0.002866693705082024
11913     0.0038813315270040554
324       0.0028973496145856055
4789      0.005140635351915567
1334      0.0029716568799321966
11066     0.0030972034139953334
9603      0.01542629194840617
6968      0.005434160836842462
1690      0.004188008783358664
2686      0.0026869696867273594
6766      0.005103911447999894
5083      0.005140635351915567
9572      0.01923679822263378
10094     0.005815444227660046
9583      0.002316196459692798
1622      0.00580789283708928
2236      0.004356507238906846
8028      0.0022245391940747075
662       0.006093261920472469
571       0.0057245734107527315
7924      0.0039913381923813085
1608      0.005501215580734671
1649      0.011630888455320091
2939      0.007332914727185733
7049      0.003004775340939048
729       0.004014437049158205
8867      0.00961839911131689
9836      0.009710532537064755
2433      0.011589398458342422
1011      0.0065512199075537635
9220      0.0029393177496104058
6246      0.004241911755823159
6951      0.00961839911131689
9459      0.006578570374532512
5268      0.007713145974203085
11077     0.008773427882283504
11341     0.00632285263929719
7165      0.00453920774963429
9581      0.004843394113369983
2357      0.0013434079213386154
1607      0.0024587437640686952
3228      0.005088766946256804
4041      0.006944038225195823
3741      0.00580789283708928
2779      0.004356507238906846
8287      0.0030735071437657455
5098      0.006598644334610166
5782      0.006598644334610166
6607      0.0023027223358239963
8558      0.003418901034351404
3957      0.004619083932149768
853       0.00938678239499272
3730      0.0022501092270170867
3888      0.002493619302702818
5799      0.002046573309862251
6403      0.0015873260256419716
8491      0.00224367198046502
9048      0.006093261920472469
3640      0.005434160836842462
8709      0.004298015448735917
3312      0.0024438050340921625
8977      0.005646017766053262
3398      0.004326950193798797
2639      0.0038813315270040554
704       0.0020027656289309556
4648      0.004619083932149768
69        0.014565798805597132
5186      0.0018118560089304674
11238     0.0008615767502973313
2712      0.004771946842195829
443       0.0026093995921786053
6204      0.0038813315270040554
11814     0.0033030978625904657
67        0.0029936469430819684
4027      0.004799878176762086
4794      0.0017211069038914199
3708      0.0030972034139953334
670       0.0031335319509682136
6536      0.009166769064238214
9743      0.006093261920472469
7538      0.011449146821505463
8284      0.005991411656638921
2583      0.008665772542759987
11030     0.017331545085519973
6164      0.00961839911131689
2096      0.004898900080195773
7888      0.0011248955329893197
1436      0.003512643017284318
11315     0.005991411656638921
7426      0.002176787611936327
7337      0.0037794812631705074
8082      0.005501215580734671
7475      0.000813105996866617
9371      0.0016858191507080668
11110     0.0037218077818217763
307       0.0035289076997286565
6020      0.002276164028686972
4966      0.0018402918431713446
8187      0.0016484182889185117
4513      0.0032353822148017616
9930      0.0022827556462448593
1856      0.0044491951379637676
8143      0.0025439420008499625
7034      0.007406468717848476
7150      0.0024738466591992174
3696      0.0031582956772718738
2877      0.004785524623244225
5107      0.0029936469430819684
9796      0.0045146527292924095
10958     0.002193463290499412
8866      0.016217043445927056
4397      0.002296034489895518
2456      0.004326950193798797
6222      0.007155895154406624
9364      0.0037794812631705074
2339      0.0014153081068995895
2822      0.0032353822148017616
3982      0.004386713941141752
10860     0.004990557345813864
1110      0.00317084690264403
9589      0.0021091839120444002
2042      0.005501215580734671
449       0.0019603112996404407
8159      0.0021091839120444002
9701      0.0023856228169884916
7552      0.0023644242019609527
6114      0.0015754268203466968
11037     0.0039026396999754746
3650      0.0044491951379637676
11191     0.00632285263929719
