t_index   tf-idf
900       0.05340810330460484
7140      0.01694215707896361
2809      0.017084706549575362
2025      0.014425403031929527
947       0.038701310633546614
5609      0.044016512955582704
4906      0.013356603521405781
12176     0.01648007193661328
2613      0.0090451791613911
10578     0.022178144369827017
10822     0.018138672470174595
1192      0.015652858877372135
11033     0.03566575656141004
4232      0.04900582182821281
4896      0.022646880270147992
9775      0.02108786166917259
667       0.013842317317363928
5759      0.010123421225385138
368       0.012290985344707865
9267      0.016211975301818952
12113     0.025985352979403426
3915      0.05653157171981234
11859     0.02882308485009138
4536      0.02840810330460484
233       0.04020125887542875
9701      0.037692840508418174
11062     0.04460354035182078
118       0.02028818536406159
4673      0.02609447311446468
8842      0.0684596030878039
4999      0.02882308485009138
7332      0.03489903606724875
11108     0.032476285742047334
11662     0.03228065230424842
1607      0.019424075736142694
2441      0.03593385319620437
758       0.011490763063983176
11412     0.011605656856211902
10243     0.006769400448213067
