t_index   tf-idf
5458      0.017524262408923692
1985      0.01334352965672851
6349      0.012540188006597222
7497      0.010069161446216543
6011      0.007379573994503865
264       0.03999229104179128
7556      0.08222594023455129
1508      0.012369479198976083
5351      0.009196973741263405
5291      0.020556485058637823
6501      0.02975345879990123
3137      0.012927753524206111
7888      0.009354394432226975
4069      0.008769764686921453
6499      0.018771450821794756
4460      0.0223288347151833
7150      0.01028599400403885
22        0.039029253116022365
704       0.008327288667660289
11786     0.018239494807905175
11074     0.01799100343737394
8430      0.017870695813165128
8918      0.010478632506445299
5759      0.01065623286882646
12036     0.01524474377493876
1101      0.01698981700223601
9500      0.006958804065388486
4016      0.006262276760285874
6251      0.02414860705947648
7214      0.01984125265965634
5308      0.0213742206737542
8259      0.003914145282196556
6221      0.02975345879990123
4272      0.03841132954103492
3993      0.01855158863224227
1900      0.017197636307278535
5963      0.008800162101126347
11912     0.006047770033675355
10544     0.007979537214496466
7604      0.03999229104179128
2357      0.0055857487255658225
6727      0.007752171195483895
9197      0.01905723042302155
7207      0.005740391402052037
3340      0.007174467436285452
9371      0.003504729286998349
10522     0.00968707975994274
11784     0.010223197755864574
6424      0.02287347530937047
9824      0.006666575528732096
2638      0.03999229104179128
9202      0.008327288667660289
6570      0.015397136834804748
9924      0.0213742206737542
8959      0.017588059392221075
7319      0.015796908268932656
10901     0.011961583561593828
10799     0.021598343559264467
8822      0.0068712923845547745
102       0.012634643067480425
1879      0.009223126652257004
3776      0.013131860973919895
11723     0.01334352965672851
11761     0.016789291126489473
7217      0.006485150732868501
