t_index   tf-idf
4414      0.017080346577831928
6596      0.03595079456223143
1597      0.10843290521193498
11993     0.010268160040005879
2660      0.007731695737619164
6880      0.0053588427682905145
67        0.007007351363065942
497       0.02682011569933113
6821      0.017975397281115715
9539      0.027620863689726483
9474      0.008540173288915964
11785     0.018170381667159726
7981      0.009289513216039779
8882      0.00711283609724824
5203      0.011572539736714627
5582      0.006733928523563934
612       0.01912927543955462
7227      0.004909904904589816
11912     0.0068093410749529935
5517      0.00956463771977731
7204      0.0065487265311931515
9202      0.004687955101793941
4787      0.0061276038131272545
8408      0.006088371666386896
7425      0.0035430573002006014
7424      0.013810431844863242
9105      0.030181619595567775
12010     0.022934110005064658
1828      0.013215863807946896
4419      0.008498663085078939
2877      0.011201672451445741
7411      0.0073347859000441155
8036      0.013963023795082677
2402      0.01644437323647177
10544     0.0044921839133461585
3730      0.015800767016386653
20        0.015824623201364397
3717      0.015445715627680092
6166      0.005192278707937276
4380      0.010897869593401053
2656      0.007604273292377519
12111     0.0025671644436956083
11835     0.004307646092164036
2249      0.005019898393766995
3846      0.008540173288915964
5072      0.014520243504655648
9264      0.003926368685736944
6983      0.04764593644495259
10223     0.006880180806495468
758       0.0034046705374764967
8140      0.020284326840830785
3745      0.015445715627680092
9114      0.015445715627680092
443       0.012215855868569471
1520      0.004937052712637263
11238     0.0020167278006959755
2613      0.005360106169713244
3339      0.018979947144122034
10037     0.007221897258883101
158       0.008260258023068559
1838      0.011169890386176903
9786      0.013594771381631204
9930      0.005343339142321301
8004      0.011794489539510502
7597      0.005899082003628465
6241      0.009085190833579863
11884     0.004122522485684322
1527      0.006289499414858116
8566      0.006955878326359809
8799      0.008624835968773609
10343     0.009036075434327915
953       0.006289499414858116
3993      0.0052219286520385644
2232      0.012876919433423378
11784     0.011510563399195671
6361      0.004445047595154626
10317     0.006963558660164315
1822      0.010567631573751124
6578      0.00894003856644371
8113      0.01827013548432963
10674     0.006905215922431621
1437      0.014262746421254077
9747      0.011302997259302118
8519      0.007635658869734959
10252     0.013802391556447823
10943     0.007635658869734959
6900      0.0044921839133461585
6009      0.005826378431083289
9904      0.011911484111238147
7773      0.009342687916981434
11001     0.004421735926753249
