t_index   tf-idf
6942      0.06343261266031643
10122     0.032183347969315164
11140     0.03126667407756724
368       0.027313300766017477
1457      0.03630612109314357
125       0.14234960358091525
10933     0.0194158334537783
1520      0.018513947672389734
2685      0.026573020801657972
3299      0.04559650306955832
8133      0.0685130080662361
10496     0.029365080170460245
9577      0.0402319308930455
1251      0.06501233652333663
5588      0.04300145625949623
7694      0.04300145625949623
9216      0.035867391449164905
8299      0.024642382633141127
1940      0.059342337005116486
3378      0.026875891996389213
621       0.020754390217212808
8805      0.023742296898848287
4513      0.028399466107704354
7165      0.019922078456728276
9509      0.025432291061362536
3065      0.036761410431703834
83        0.025615078431121464
670       0.02750544712516543
10265     0.04466806541714305
9221      0.023585622805717934
11037     0.03425650403311805
10749     0.03905404621101529
