t_index   tf-idf
11922     0.0066463942815153864
449       0.0030515190674205877
4966      0.0028646907509465263
7217      0.007283814616226691
5259      0.020244585590202733
11766     0.007366236821802274
367       0.00459213866762694
2610      0.006249074421349719
1705      0.013489576963114069
11761     0.01885693781694384
11412     0.004573657874369222
10243     0.006669360047500559
9371      0.003936346194264155
11835     0.005729381501893053
9503      0.0037470961488832917
7490      0.02421594180697779
4417      0.009711752821635588
12176     0.009741914445288637
5387      0.0058503439990398
5963      0.0016473209844472965
6900      0.0029874129472991697
10822     0.010722367962664785
667       0.00545510042063603
7140      0.003338356074672632
2809      0.0033664446403104164
11552     0.0033570407496339083
2025      0.0056848878943564635
5759      0.003989525606063108
368       0.004843738066879947
9267      0.00319447789198403
7244      0.024013341161065762
9812      0.029944966691390514
8874      0.004298224103999554
8259      0.0029307885856841207
1942      0.0029874129472991697
337       0.008123845035748171
12133     0.0068766573531524626
621       0.0036805815163530103
4165      0.011037793367488308
1192      0.0061686143359102
7207      0.002149112051999777
12191     0.005322033137216964
10958     0.0017072275857089021
8512      0.006828579336949722
11431     0.012006670580532881
7426      0.0016942484861376338
4413      0.009842470118314838
12103     0.007843626048442945
3774      0.014576389295951488
201       0.011037793367488308
324       0.009020319982355186
68        0.02108320584910938
8159      0.0032832616561873423
3583      0.009085150970644067
7400      0.00617775509441069
12177     0.022877448494504637
8706      0.005493275039971702
2249      0.003338356074672632
12084     0.005250335830258769
704       0.006235211219134798
2762      0.011588299715362033
10146     0.012006670580532881
9007      0.0066463942815153864
1243      0.010523764197951693
11001     0.002940563301042801
11863     0.003512700779543772
10317     0.004630938025232426
8262      0.004712456890934419
7165      0.010598938292249525
3660      0.007428252227260502
2882      0.014926556770801885
5764      0.014463787371761459
8318      0.0076258740164623865
10881     0.0040231411232933695
6361      0.005912132269417483
8338      0.007366236821802274
8765      0.007557951432789316
6535      0.003011228202696297
5342      0.00499560716212496
8908      0.007366236821802274
11220     0.0038391267546357753
2357      0.0020912162716404063
1508      0.002315469012616213
9256      0.00639926812651179
4729      0.0066463942815153864
2339      0.006609419139609905
83        0.0045425754853220335
9742      0.009040857815370505
1101      0.006360719665861758
5997      0.010809438813605321
9500      0.00781579963994372
11008     0.00697618142255289
12005     0.004355064441926479
3643      0.004766168038768531
6388      0.005393750970571274
5351      0.0034432019918030484
2093      0.0057073917581051525
3644      0.010523764197951693
8379      0.005322033137216964
2309      0.009178930345420964
632       0.010046374971311021
580       0.0037358657730463527
12093     0.0032119423292483137
12036     0.0057073917581051525
12111     0.0034144551714178043
8091      0.003758385788191591
12135     0.006603172979507972
2918      0.005735728353617917
10553     0.0050158858133310304
2261      0.0038391267546357753
338       0.0017778115277636614
5436      0.004101419916966933
10076     0.010523764197951693
5799      0.0031857988468791698
3459      0.014972483345695257
8956      0.013489576963114069
7175      0.005518896683744154
9360      0.010691345908737066
515       0.005852984090921487
4073      0.0029716821287457196
12171     0.0013669274914069364
208       0.0035637624321143814
1991      0.014972483345695257
11065     0.008459087805134078
6727      0.0029022906938757443
4970      0.002820426102571565
2113      0.007027735283036461
8822      0.0025725035528382408
11454     0.012006670580532881
1617      0.0039976719929185394
11927     0.003177154868718822
2109      0.0070805622061486445
1693      0.007305968563590394
10578     0.004370077708340299
