t_index   tf-idf
10822     0.012879530748052967
1192      0.003704818669200505
2025      0.013657186302418486
2561      0.010015260601439946
8078      0.017984698930036316
12103     0.009421633655821998
8277      0.009515090858089645
967       0.0033966347202823597
4046      0.006282192389865618
7207      0.0025814777902719217
7987      0.00884820162618853
7400      0.014841234132134557
7148      0.04330900060240007
7217      0.01749839487685229
3888      0.004662625441740181
10958     0.004101386981052155
11872     0.01744099292023073
4165      0.006629207259171972
5116      0.008999409344960057
1634      0.011599011083600664
1110      0.011857841671426195
1917      0.00764039107792862
11737     0.00870539878762806
7975      0.009817768505707284
6989      0.003775228274524219
5954      0.008999409344960057
5100      0.009421633655821998
3659      0.008636866997392467
11927     0.003816345789052786
6132      0.0049748936817852925
12087     0.005267426074087321
2659      0.008260126879822189
5953      0.005791220584748671
9497      0.010418109575285847
5004      0.006788872878613353
1382      0.011393318147155622
5396      0.016203456352142934
2474      0.017984698930036316
9467      0.015161496239387423
8186      0.012338293548738536
758       0.005439414468157716
4906      0.003161326277255806
3962      0.008379673543066488
9264      0.0010454827861429733
5299      0.005597588366946166
1730      0.008775808392951775
4412      0.005398280004800767
2592      0.009331456338918232
6232      0.005108419290653585
8187      0.003082249581646448
9701      0.0044606911844281855
10237     0.0049425688551491855
6150      0.0062286531651472915
9389      0.011599011083600664
3576      0.010286296588829326
7140      0.0040099780068552915
7426      0.010175516055797031
8226      0.007686694850188718
1982      0.009078486040569414
8859      0.008202376363318305
6740      0.004474040772027146
8450      0.009138963204415661
9583      0.004330876220490676
5659      0.0060994908131018905
2762      0.004639891207531544
9371      0.003152182553986681
12176     0.0156024349695747
5387      0.007027336282870291
2625      0.004863492159539827
9543      0.005556470852417598
10772     0.005952605702302884
4417      0.0029163991461420478
9768      0.009515090858089645
2281      0.020983697445175184
3861      0.004183287924618532
953       0.005024156337312696
667       0.006552576244906001
3583      0.010912932822726306
3326      0.007463093898180435
12042     0.014422213774249555
10696     0.015161496239387423
10569     0.010703936081644161
11682     0.008505054010935945
4673      0.006176206654311166
4772      0.009078486040569414
3295      0.010859728618462796
2876      0.005516000884782655
3565      0.006419934569265351
9747      0.004514510739662089
4958      0.011025579053967194
932       0.00884820162618853
6607      0.004305682000712324
8259      0.0035204146916797425
1476      0.009078486040569414
2918      0.006889661868546965
10943     0.0060994908131018905
8534      0.009817768505707284
5423      0.007141450925857401
3675      0.010703936081644161
4677      0.00650825364826934
9503      0.0045009498119722375
3592      0.00870539878762806
12111     0.0020506934905260774
3571      0.0059289208357130975
11835     0.003441019067704999
8614      0.017984698930036316
11412     0.0027469010310560713
10243     0.001602224958156939
8159      0.003943799504177695
5534      0.016203456352142934
10901     0.005379173672669414
10223     0.005496002419389871
10317     0.0027813030151543857
10283     0.017984698930036316
6361      0.0035507776647684883
10472     0.010703936081644161
8338      0.00884820162618853
4167      0.00870539878762806
2160      0.007420617066067278
3570      0.008202376363318305
4255      0.006421133785424925
3449      0.005360208347964021
8942      0.009331456338918232
8916      0.017984698930036316
5559      0.00788073339099527
6674      0.017984698930036316
1774      0.016203456352142934
7887      0.011153894747551251
6711      0.01120287623371538
