t_index   tf-idf
11412     0.01547420914161587
10243     0.01805173452856818
2729      0.038811761859481236
2281      0.07880544151632458
12176     0.021973429248817702
3312      0.02574141302577078
3861      0.023565855308684394
10205     0.04497393463825411
667       0.01845642308981857
11552     0.022715975739189445
2809      0.02277960873276715
2025      0.01923387070923937
7207      0.014542324885198493
12191     0.036012424228501455
10958     0.011552239996630237
8512      0.04620672018002645
11399     0.0621107620040152
7426      0.011464414756197989
9371      0.01775729505412497
4322      0.019536525970969984
12103     0.05307520292779726
1017      0.03212890525945354
2762      0.0261380538024277
4417      0.01642904852326687
11138     0.017628970298984165
12084     0.017763636225708833
6521      0.03843077980012184
