t_index   tf-idf
11901     0.016168724783339878
853       0.008828045347671726
9459      0.006186988804619863
5157      0.015101929851595154
9359      0.004527741179900644
9221      0.0101081240595934
7332      0.00830929430172589
3037      0.050555804853137945
8933      0.018774001443775966
9471      0.010524739067988993
1171      0.022775484223585038
10526     0.009770679229191068
7361      0.007877445092507963
10458     0.036906951479837954
5871      0.023197346958605237
7140      0.004033846923562763
7426      0.0040944338414992815
9264      0.006310235387791517
2524      0.017477076407545096
7488      0.007143826492212791
5284      0.021239781119914654
5004      0.013658565672448292
2098      0.03475310767998397
9581      0.009110193689434016
2433      0.016349329968018772
6166      0.008344733637756336
8478      0.0184291955397841
7325      0.0075075170761457945
3935      0.007036200135386123
10145     0.004610692239086909
1567      0.009299362288431395
11574     0.012716215072524961
9568      0.038148645217574884
8874      0.0025968437294997307
8226      0.0077324489862017455
10555     0.009477714808535225
2150      0.005354375195088694
6989      0.003797699871396387
6930      0.0053357102316788215
9847      0.006763834120144008
2939      0.006896431707710392
324       0.005449776656006258
3312      0.009193361794918135
8708      0.01652626369409465
9267      0.007719988238961405
2877      0.004500671967098736
3650      0.016737448376149412
9333      0.008828045347671726
687       0.009052977257727676
2112      0.006085599880222362
5179      0.010347524544715214
5954      0.009052977257727676
4896      0.005392114350035235
12111     0.0020628999993982564
5968      0.00448724291766883
4347      0.0048458621276802035
68        0.008491846800335724
4838      0.004293754667936759
12013     0.009876207603955542
9979      0.011668052816241144
4137      0.01258857800045011
4016      0.0028329347248912287
4627      0.010101139514011493
3736      0.009306375527463722
10298     0.022539120041641655
6973      0.004244513441948724
11063     0.006212969789158257
6068      0.0063195863921862465
2561      0.005037437623938545
539       0.004582745089037029
11662     0.007685869596249623
3708      0.005825692135848365
3461      0.007222257836162564
9656      0.009052977257727676
10885     0.0052987798007187925
4065      0.007640114663712177
12084     0.003172077897448006
10579     0.009770679229191068
4937      0.004102179171678418
3861      0.004208188447979356
8822      0.006216883586025748
4074      0.007640114663712177
4787      0.004923967349834401
1422      0.01393121496928642
5778      0.011892984726297096
9132      0.00759515550960238
6588      0.0048001071951427575
9990      0.009052977257727676
105       0.006459354819861977
6020      0.004281356149196923
10571     0.006161266341627944
5272      0.00637459030132263
3653      0.004113745572190336
75        0.0052264649817926325
6076      0.006862639250021757
4069      0.003967274501226372
3055      0.011668052816241144
5812      0.011461135517079168
3321      0.005871045688647127
5075      0.006292517179384338
1649      0.010938573666312942
9836      0.009132524647953756
11420     0.008688276919995993
10861     0.014508060284810564
2040      0.01306140523310643
4027      0.004514171142431009
9589      0.003967274501226372
8187      0.003100596305346724
1110      0.00596421203116377
7552      0.004447369332259888
10501     0.00634694205700261
10745     0.009876207603955542
6372      0.011461135517079168
11037     0.007340679435668154
11191     0.011892984726297096
