t_index   tf-idf
12176     0.021973429248817702
11022     0.034079359329245225
4073      0.040216764809025404
6616      0.023431812844253587
8491      0.04726668972179642
8159      0.022216737206867683
9112      0.04228540358446643
667       0.01845642308981857
11552     0.022715975739189445
2025      0.01923387070923937
12177     0.030960813629229606
7981      0.041802809472179
11913     0.040883358751109385
2357      0.014150563438100084
8101      0.023769275274912856
7426      0.011464414756197989
2787      0.03787747107280645
9577      0.0482783170716546
10578     0.029570859159769355
11050     0.049040413170304734
10503     0.030960813629229606
1195      0.042784642116788195
2613      0.012060238881854798
7412      0.0386200175631782
1192      0.020870478503162843
3774      0.032877855856423915
12181     0.02739767249874103
4978      0.031533081133796735
