t_index   tf-idf
367       0.0016646502670147657
3340      0.008763099511462945
8259      0.004249643449241975
11196     0.0029448938254587114
1043      0.0023936502050716396
1958      0.002739757394386127
12171     0.0014865336469050434
1828      0.006371934335974396
8882      0.013717612473264461
4305      0.001734336173982099
1451      0.018638909367474768
8347      0.0036663460516820176
11412     0.001657950979458843
3041      0.005431786354636606
2738      0.005466116213660409
4406      0.02831841497722409
1889      0.001658615015851586
330       0.0025863384145529246
3641      0.007374944397292303
3846      0.006176375325019581
12012     0.007631452574629807
11785     0.010950899665475728
338       0.0019333700364429819
7207      0.005453371831949435
2177      0.005304621945567619
3621      0.00290078709143807
3312      0.0013790042692377203
1538      0.00786653238465078
4419      0.012292709105203465
10833     0.009358821816818234
10037     0.0017409930891950332
11675     0.007716948048964597
3321      0.0017613137065941383
8261      0.0024822208767536656
11342     0.005427525212814531
10566     0.0026927414323819317
3761      0.002715893177318303
6311      0.001014504300209283
8648      0.002278546652880714
5587      0.001734336173982099
6740      0.004050604770388862
3798      0.0025863384145529246
1880      0.0021001629625994308
8113      0.008808815322801785
1623      0.009766544723145854
815       0.012665160243695022
697       0.006371934335974396
6361      0.0010715739738319187
1508      0.0033574300682935087
11936     0.003366086093457431
1985      0.001810907596270298
8536      0.002110860040615837
10250     0.0017082656229637269
11540     0.0019207612354117532
11220     0.0013916834485554685
6672      0.009557901503961595
7522      0.007135790835778257
3962      0.012644328828377113
5397      0.010501247534617031
12027     0.009982086750645299
8209      0.0036418109271002448
2612      0.0029628622811866626
1527      0.00303243721787802
11784     0.013874339811530495
1614      0.0048899716491288495
10795     0.003814864521757488
3252      0.003918421569931929
8932      0.0031252187978275
1520      0.0011901823503679117
6871      0.001782181132174843
6684      0.006288073279368958
11238     0.0024308772597674702
4636      0.008704836170886339
11066     0.0017477076407545096
3046      0.005427525212814531
7336      0.004352418085443169
8567      0.0036418109271002448
7075      0.010501247534617031
7151      0.002178339613632622
4705      0.0041793644907859254
6184      0.0024093179270493273
7475      0.0013764722946956302
12131     0.002816100216566395
2613      0.0006460842258136499
9054      0.004575522972243704
863       0.005427525212814531
2357      0.0007580658984696472
5963      0.0005971538568621449
10958     0.003094349999097385
4873      0.0017277359140535924
4073      0.0010772347716703234
10243     0.0033847002241065337
10796     0.007135790835778257
559       0.005686628885121135
1942      0.007580560353771643
10501     0.0019040826171007829
2339      0.001597276292072394
10129     0.003185967167987198
4838      0.001288126400381028
3790      0.0017277359140535924
4468      0.0018797185444819505
11001     0.0010659541966280153
682       0.003277310958071808
8959      0.0011934754587578586
7769      0.001177147995472377
3431      0.0029312037687573207
6428      0.004037969408558024
2466      0.0030664193293611034
6821      0.006500032052546308
9264      0.0015775588469478792
10231     0.0025863384145529246
10432     0.004575522972243704
2463      0.001810907596270298
10786     0.002048784850867244
10903     0.0015112312871815633
4480      0.002739757394386127
6664      0.0033808680062462483
3753      0.003814864521757488
10068     0.0033785444071925074
912       0.003230294996067613
6033      0.0011485978072864299
3117      0.0023632335277523893
11947     0.004575522972243704
8028      0.0012552756880850134
4193      0.001955234726832087
1229      0.0024416361807864636
953       0.00151621860893901
3640      0.0030664193293611034
4871      0.005687627752967622
1056      0.0022652894777392732
2178      0.0025863384145529246
8519      0.0036814783836222123
3573      0.0019207612354117532
3708      0.0017477076407545096
10321     0.0033808680062462483
6989      0.001139309961418916
3607      0.0037235207316728795
115       0.0020896114275806444
8868      0.0024927882905177675
7888      0.0006347624793296876
6607      0.001299393318072112
4970      0.0020448089243643845
9539      0.009987901602088595
3852      0.0022268257672819346
6043      0.003144036639684479
9594      0.002715893177318303
5436      0.0029735294398010263
8592      0.002458314799097434
6038      0.0021666773508487694
6451      0.0041793644907859254
265       0.004575522972243704
3975      0.005427525212814531
11872     0.0017544808354279723
9311      0.0021001629625994308
464       0.00290078709143807
2803      0.0034819861783900665
709       0.005427525212814531
7972      0.0022268257672819346
11881     0.0022522551228437385
10769     0.0014445807103533272
156       0.0035004158448723433
398       0.002606483075998798
8226      0.0023197346958605237
3825      0.003230294996067613
4620      0.0016955517995298913
148       0.0036418109271002448
8135      0.002425308717500982
12111     0.001237739999638954
7847      0.0017682073151892063
8375      0.0027898086865294188
4641      0.0014677324552896979
1045      0.004137859024626235
1799      0.004575522972243704
10140     0.0035678954178891284
10732     0.002547554040100717
2524      0.0017477076407545096
8367      0.002871518491102053
9727      0.003144036639684479
6581      0.0034383406551237506
9990      0.002715893177318303
9500      0.000944409123159866
3304      0.0025667037997288834
3768      0.0024093179270493273
8151      0.0035678954178891284
11188     0.005427525212814531
1557      0.0029312037687573207
3419      0.0010659541966280153
1041      0.004575522972243704
11863     0.0025467080651692345
2647      0.002000600047857256
4417      0.0008801275994607252
4347      0.0014537586383040612
8273      0.0030664193293611034
10673     0.000900214284166726
10099     0.0017751627506954995
5342      0.001810907596270298
7165      0.0012807050436468178
10030     0.0024093179270493273
545       0.004950720019288548
6028      0.0033785444071925074
7123      0.0018509858409717888
3443      0.003144036639684479
8174      0.0023936502050716396
2658      0.0014265444123098881
3464      0.003814864521757488
3289      0.004818635854098655
384       0.002783366897110937
6114      0.0008889908486242075
5965      0.001491596672357522
9747      0.0013624148482194517
10948     0.0035678954178891284
4787      0.0014771902049503201
4083      0.003918421569931929
6009      0.001404573371779007
6403      0.001791410800367368
10615     0.0041793644907859254
6535      0.0010915702234774076
2656      0.0036663460516820176
11503     0.002816100216566395
5953      0.0017477076407545096
7368      0.0015679394945377898
11045     0.004575522972243704
1526      0.0024093179270493273
11729     0.002239436221723875
7434      0.0037235207316728795
7883      0.002871518491102053
6662      0.0026927414323819317
3565      0.0009687222698266468
1955      0.0022361226967674477
9256      0.0023197346958605237
8136      0.0038081652342015658
10805     0.0016768635251045967
6185      0.003144036639684479
10725     0.0025106172564224117
2116      0.002764379330967615
3764      0.003918421569931929
11900     0.0033273622502151
9607      0.0037235207316728795
9379      0.0021666773508487694
5120      0.0030664193293611034
7515      0.0041793644907859254
876       0.0013665290534151022
3510      0.0037235207316728795
10907     0.0018182586073324984
8155      0.0029312037687573207
5324      0.003230294996067613
6360      0.0039790121191853895
7771      0.0054008063605184824
1569      0.004037969408558024
2309      0.0033273622502151
6882      0.0017477076407545096
7892      0.0018797185444819505
4475      0.003185967167987198
639       0.002670260847903324
3785      0.0016063125585266084
3859      0.002547554040100717
485       0.0013461728753006489
8558      0.0019292370122411492
8835      0.003277310958071808
8159      0.003570547051103735
11681     0.0015951537205319626
2346      0.0020291502360432027
3341      0.0020291502360432027
2038      0.002670260847903324
9474      0.004117583550013054
7568      0.002458314799097434
7408      0.0021666773508487694
10910     0.0009185166288201641
8686      0.0015787108601983488
902       0.006146354552601732
9849      0.0014491560974329706
3085      0.0025288657656754227
7033      0.004575522972243704
4937      0.0012306537515035254
8762      0.0034383406551237506
2261      0.002783366897110937
4400      0.0060606837084068955
4891      0.0031792678804312756
10597     0.003230294996067613
5209      0.0018797185444819505
11570     0.0035678954178891284
10943     0.0018407391918111062
3326      0.0022522551228437385
2866      0.0026484136043015177
1781      0.002764379330967615
5601      0.0025106172564224117
6099      0.005743036982204106
9538      0.0022652894777392732
10317     0.0008393575170733772
2186      0.0034383406551237506
4016      0.0008498804174673686
8904      0.0019913122019897416
10920     0.003230294996067613
1714      0.003277310958071808
3888      0.0007035568746911522
11995     0.003293367226858474
4849      0.0022652894777392732
9099      0.0024416361807864636
10059     0.0023936502050716396
3692      0.0013748235267111086
8855      0.0025667037997288834
9013      0.003144036639684479
6007      0.0033273622502151
12191     0.0038584740244822983
7294      0.003230294996067613
8377      0.0048899716491288495
1537      0.004950720019288548
1649      0.0016407860499469413
6538      0.0027898086865294188
9185      0.0036418109271002448
4346      0.0035004158448723433
5         0.0025863384145529246
8034      0.0011423935673126767
9202      0.001130132033468182
2605      0.0023197346958605237
1777      0.003230294996067613
3349      0.0048899716491288495
9411      0.0023339649274163724
1736      0.0035678954178891284
3801      0.0020195162505312276
9245      0.0030303418542034478
2063      0.0011003004379273736
67        0.0016892722035962537
4397      0.0012956194621553281
6246      0.0023936502050716396
3903      0.0012203361821125258
12063     0.001810907596270298
5186      0.0010224044621821922
4780      0.0048899716491288495
4786      0.0048899716491288495
7322      0.002048784850867244
2551      0.003144036639684479
7494      0.0020792015281864947
1303      0.004352418085443169
6596      0.0021666773508487694
1597      0.006535018840897867
8822      0.0009325325379038623
7411      0.0017682073151892063
8036      0.0016830430467287155
2402      0.0019821342740390076
5759      0.0007231015160989384
10486     0.0025863384145529246
9105      0.002425308717500982
12010     0.002764379330967615
497       0.0021551878686962515
11993     0.002475360009644274
5203      0.0027898086865294188
5582      0.0016233577690734481
612       0.002305760878874887
6229      0.002038905406938742
