t_index   tf-idf
2738      0.03531952014980572
12012     0.00438319327363353
2261      0.007993258781446794
9539      0.033463738701014774
4972      0.01558673907269814
6203      0.003417959570287336
7797      0.0045809542743482
1299      0.011596219839961504
11238     0.004188588509137795
5142      0.004613000168076414
7888      0.0018229076329467951
9132      0.006543518592888205
11022     0.005242978358345419
9302      0.037497755813048844
3094      0.014042995505190543
2022      0.014042995505190543
9081      0.005540372958230993
11074     0.007011878262771383
8519      0.015858676114064916
4970      0.0029361358913950137
5059      0.01558673907269814
3888      0.006061413074262235
6147      0.01558673907269814
8340      0.008330465493360611
9007      0.01383813373484742
6267      0.026279926814938202
4891      0.004565102597542345
9969      0.01558673907269814
5213      0.012002277512000607
3368      0.00773300103658401
4412      0.004678509337493998
6073      0.004999775025380609
9503      0.0039008231703759394
11958     0.0037754772397725553
7981      0.012862402914516617
8159      0.003417959570287336
9264      0.0018121701626478204
6536      0.007427433395639169
8311      0.006359351639602848
8882      0.02954562686549269
3289      0.00691906686742371
3903      0.0035045551896564844
9474      0.029562138307786028
4376      0.013785809192822936
7475      0.00131764869235821
6403      0.002572282174886477
5203      0.008011758279263972
11170     0.012648555335305128
5309      0.009411764802667756
2711      0.008417815951303075
1052      0.006189257469076415
9154      0.009709159402553328
12171     0.0014230065679774774
198       0.014524767474648582
5436      0.008539366596351666
4677      0.011280972990333524
8262      0.009811576911381405
6672      0.009149444174732466
10117     0.011596219839961504
37        0.010458533944493012
10806     0.028085991010381086
10947     0.0348100807867473
6772      0.01005247627245391
9095      0.008417815951303075
4436      0.01005247627245391
449       0.0031767095932634837
8254      0.010458533944493012
3185      0.007316052627981546
7276      0.014042995505190543
6892      0.010693187742240064
2198      0.011596219839961504
1444      0.007011878262771383
10805     0.009631216144190505
973       0.010955508370175351
6535      0.0031347657699864013
10885     0.004565102597542345
75        0.004502800599698268
8113      0.012648555335305128
11863     0.003656811580755824
10243     0.0027771899274720274
9873      0.011252902970060924
4408      0.010955508370175351
6821      0.006222252905001594
4327      0.012499251937682948
6387      0.0036779221766267585
1754      0.008702520196686825
5582      0.004661950516313493
612       0.006621672267538137
6596      0.006222252905001594
1597      0.006255744531457787
5759      0.0020765992257200283
10910     0.0026377913443040614
11912     0.0023570796028683436
208       0.0037099680703549715
10317     0.002410462613133801
815       0.006061957039717275
3962      0.007262383737324291
7488      0.006154681285598713
2190      0.011252902970060924
6306      0.010955508370175351
8949      0.010936269390527574
8259      0.0030510260661224435
9747      0.00391257597437381
217       0.013488597431542031
2338      0.01558673907269814
1327      0.010246263764194422
10155     0.007799488098965383
7203      0.011252902970060924
1373      0.012499251937682948
9507      0.004645513901568818
11729     0.006431201457258309
1852      0.010693187742240064
9076      0.009276744604091607
7942      0.016660930986721223
4664      0.004502800599698268
7207      0.004474561503137998
5540      0.009029028298581068
5592      0.009709159402553328
2321      0.009874209060868206
10119     0.006000935381770056
6740      0.003877502002423526
3080      0.007011878262771383
6882      0.005019057840115515
8940      0.018553489208183213
12191     0.005540372958230993
4849      0.006505446705302528
9099      0.007011878262771383
1942      0.0031099734784704176
10231     0.007427433395639169
11784     0.00398442579202927
12169     0.008330465493360611
5205      0.008246412077011026
5033      0.006000935381770056
7256      0.0038089688662287487
9371      0.0013659457733942286
10848     0.004980657730410131
460       0.009276744604091607
