t_index   tf-idf
12208     0.015394879705141792
7497      0.02113967596443252
11540     0.005942686695196585
10544     0.006701047826538469
946       0.004753796529740153
1885      0.006928642453952321
2991      0.0104601441077232
1527      0.00469106309947981
10988     0.0029819173290482506
4016      0.0026294642750371625
8259      0.0032870170325628536
9913      0.0051880860445225096
6743      0.030242297927447388
2133      0.007454243310207864
2682      0.004884409291221411
5963      0.0036950956888707315
11912     0.00507879030452295
4286      0.018720615556865862
3340      0.015062417822035755
8382      0.005113098159498897
1131      0.006189701805525211
9600      0.0035633283886735956
6360      0.008207170485244265
9069      0.006928642453952321
9562      0.018313519357998385
10522     0.004067503103622366
1508      0.00259690723514415
104       0.005865693446891101
3163      0.009166866726323376
8780      0.015129194052553347
10401     0.012209012905332257
230       0.008261580523899787
2272      0.008884256105067125
8816      0.011802895757923721
8187      0.0028779015430842525
8874      0.0024103300914693634
338       0.003987798233547218
9371      0.00735799518817333
8101      0.003939658885344672
9462      0.009994282860761674
6349      0.0052654933066375075
8024      0.012493165020953002
5956      0.006189701805525211
1984      0.01679234319986816
10909     0.007605835842511398
8075      0.010637960037951935
5953      0.005407272258687985
7769      0.003642004847870337
2592      0.008712796250150171
8261      0.0038398996988454497
1538      0.004867688547408218
11770     0.005791094162893052
5839      0.011343391099126684
12064     0.008854895204943003
7595      0.009487264223437668
10243     0.002992000198105223
3341      0.006278033879470682
2079      0.005891084340201317
7516      0.005076465126907664
7412      0.006401107883399701
9202      0.00699308219604621
7180      0.008064257030714513
3449      0.005004835418817235
11784     0.004292613422351976
729       0.007008630428364602
4049      0.003377233840593084
7128      0.00755423348751613
2069      0.005169118222210941
8949      0.005891084340201317
11935     0.02831262833653563
11824     0.024246586510076024
8226      0.00717707972199941
7227      0.0036620837686167137
6973      0.007879317770689344
6161      0.004585077926151968
3250      0.0043189809077732195
5351      0.0038617127311382257
2443      0.014442213915504626
10205     0.007454243310207864
3888      0.0021767505515306366
4376      0.003713028719061426
11138     0.0029219287788371543
4891      0.004918204455915786
9488      0.008827236142470026
9160      0.010898736747985827
3867      0.007008630428364602
9493      0.004512141701815215
6312      0.007824115076122854
274       0.022662700462548393
10958     0.0019147359110436857
10289     0.005004835418817235
620       0.008631452289814776
6073      0.005386497955520545
8106      0.007509156208135349
6403      0.002771243227087641
5569      0.005671695549563342
3531      0.02831262833653563
12133     0.00771249415850801
6324      0.010637960037951935
7225      0.014156314168267814
7049      0.005245906120092482
8928      0.007091377146428982
2737      0.006189701805525211
9136      0.011267481321415123
2320      0.0063387818590367765
1334      0.0051880860445225096
758       0.002539395152261475
3555      0.014623323486644618
3730      0.003928367490261875
7123      0.002863403510895585
12131     0.008712796250150171
11937     0.00528524170640711
6011      0.0030986056551507942
10223     0.005131626568380598
8648      0.007049647102835358
6107      0.005995423258214432
9314      0.007311661743322309
4417      0.0027230467165635696
963       0.005742619442962083
7207      0.0024103300914693634
2738      0.004227935192886504
131       0.005407272258687985
8028      0.003883725885787887
2063      0.0034042444488360728
8247      0.005150299168664468
6588      0.004455348114828637
6880      0.003996926926625522
7755      0.011520285136667472
11409     0.006968303142499964
4027      0.004189948905681821
6766      0.004455348114828637
10684     0.0046603009213641074
3634      0.0042407321140311505
3981      0.00771249415850801
