t_index   tf-idf
2658      0.020201180643284855
9507      0.006247415246937376
2793      0.003355472465653625
1467      0.009627320294413447
10958     0.002390118619992463
8259      0.002735402679971846
9913      0.0021587208599047683
6743      0.025167153677553917
12208     0.004270457052307532
4840      0.0032796097987503486
2366      0.02079604993567899
11910     0.010916425556059732
7256      0.00682987520841017
446       0.027558916331281547
7769      0.0030308178274231316
9556      0.0062865115459329645
8261      0.0015977513689448882
3340      0.007520821036657853
75        0.004036993641108792
7426      0.0015812985870617914
7217      0.002266075658381637
199       0.006698125913310176
10704     0.013279108737029657
2787      0.002612239384331479
1323      0.0038142594884242095
8805      0.0019648797433529618
10933     0.004820482788524268
6114      0.002288895978066925
8889      0.0053007972138099085
8863      0.014786669931192183
3888      0.006340098732849004
9160      0.0181395066794063
3903      0.0015710074988115276
1538      0.002025406039266408
6566      0.00479898356128086
9488      0.0036729419351427006
9207      0.010581132005905042
10522     0.005077365943142402
6349      0.0021909293988537676
1713      0.005127056703973588
11770     0.002409627686169293
5839      0.028319362606095588
2508      0.006084647243868221
11227     0.0069871588946577865
9562      0.0076201080547073745
9197      0.003329539108389972
7497      0.01055525889534424
2339      0.001028131866161541
3143      0.004283500827863117
5107      0.0021746952506066716
1508      0.003241656617662698
11110     0.00270365806679467
9264      0.0044679367803213505
9747      0.0017539133678227425
11892     0.00479349795341796
3571      0.0023034198189322147
2226      0.009362986851551257
5996      0.0027174290178042957
11835     0.004010567051325137
9503      0.0017486448694788693
3467      0.003209106764804482
2074      0.005175173640424922
4401      0.005198305445499984
10586     0.011780656848075746
7771      0.0034763811056210923
6011      0.0012893048817983765
1983      0.010312731550523183
11267     0.005044404779682483
12111     0.004780237239984926
6361      0.001379497529530746
7424      0.002142998044892572
3579      0.0053007972138099085
4322      0.00538938647475034
10385     0.003638808518686577
10259     0.001998051502945241
5640      0.0028994548707873416
10805     0.0021587208599047683
7529      0.003164727097688651
10545     0.004047495444191513
3645      0.00479349795341796
9371      0.0006123205191077576
12064     0.003684450648493525
7595      0.0039475743090625695
7892      0.004839735103033987
11784     0.016075097160945677
3785      0.012407379762412423
2079      0.007353698383285782
10335     0.0037735037023082746
6408      0.0036966674827980457
1334      0.0021587208599047683
9399      0.002612239384331479
11786     0.0031866703572432033
2685      0.002199146549102729
11681     0.0020535312264319517
12045     0.0020464253023465685
3419      0.0013722628738199738
6505      0.00281954198283513
8566      0.0021587208599047683
963       0.0047789154904649975
1935      0.005603112937582011
9113      0.0036966674827980457
4286      0.0015578995015138948
10401     0.005080072036471583
5332      0.00310165066470718
8449      0.0027892857850007145
8187      0.0011974716765477005
7488      0.002758995059061492
6076      0.0026503986069049542
1017      0.002215786569617486
8695      0.0031432557729664822
2682      0.0020323634062323574
9047      0.0029506649735715996
2579      0.0023599468838412987
1900      0.003004644504260158
10919     0.0027455542049698396
8256      0.0028829523773916555
12181     0.0037789893101711765
449       0.002848084462925882
9589      0.003064377545774853
1822      0.0032796097987503486
67        0.004349390501213343
7207      0.003008756872799688
11378     0.0044263695790098855
2150      0.0020678966270687373
8174      0.0030814807237703867
4102      0.008323484182551041
8795      0.0028829523773916555
7516      0.0021122762941845684
11138     0.0024315821102047124
7654      0.00479349795341796
8264      0.0026900744814831287
2249      0.0015578995015138948
5351      0.001606827596174756
6579      0.004158540684592788
3458      0.003466517706054901
3712      0.003164727097688651
8707      0.008438133961012471
2639      0.00281954198283513
11958     0.0016924553143808007
7773      0.0028994548707873416
10493     0.004158540684592788
931       0.0022499224800517827
6916      0.0069871588946577865
6989      0.0014666978813668806
1520      0.0015321887728874265
4627      0.0039011297433423696
10903     0.0019454931513141966
10433     0.003004644504260158
6435      0.0029162347299632025
8382      0.0021275190042972423
1131      0.005150970238161211
11078     0.0037735037023082746
10243     0.001244947208866771
2088      0.0022674383349257873
8407      0.0069871588946577865
11930     0.003852951700485911
6403      0.002306184018863738
10351     0.0027892857850007145
9768      0.0036966674827980457
4235      0.004158540684592788
11302     0.0069871588946577865
3369      0.0029863251257055017
2357      0.000975900926765523
6360      0.0017074688021025426
9069      0.0028829523773916555
8553      0.005198305445499984
9202      0.0014548826177981195
1879      0.003222793680788654
7150      0.0017970932053033395
10228     0.005198305445499984
1361      0.0022412784596533763
1617      0.0018655802633619851
8388      0.003164727097688651
2346      0.002612239384331479
3341      0.007836718152994438
8320      0.0047789154904649975
338       0.0016592907592460839
5381      0.005044404779682483
1913      0.0017645345118152602
3643      0.002224211751425314
6535      0.0014052398279249386
10598     0.0045931527218802575
7214      0.003466517706054901
7762      0.0058666028763825285
320       0.005080072036471583
2261      0.00358318497099339
2603      0.007054088003936695
3412      0.004688308319945143
8822      0.001200501657991179
10515     0.0038567500762265385
7552      0.0017176047076314048
10102     0.0044263695790098855
12171     0.0006378994959899037
9196      0.001712523891987458
8389      0.004506282466962097
6507      0.004688308319945143
11549     0.001266352649829179
6038      0.0027892857850007145
12116     0.006295135916119899
6397      0.0036966674827980457
2884      0.0039475743090625695
3621      0.0037343466004719984
7494      0.0026766732316883613
5735      0.00540731613358934
9551      0.002440667848016757
8874      0.001002918957599896
11270     0.005198305445499984
2656      0.0023599468838412987
8800      0.002350300643396222
2822      0.002350300643396222
443       0.001895563841674573
8932      0.004023270176513564
10769     0.0018596901098801453
12131     0.003625324416729152
8408      0.0018894946550855882
5259      0.0018894946550855882
2813      0.002505802557543045
8876      0.0027455542049698396
7157      0.004283500827863117
794       0.005890328424037873
4677      0.002528493946109238
4664      0.002018496820554396
10032     0.002276312865530932
2876      0.002142998044892572
621       0.0034352094152628096
3857      0.003404878357546807
12245     0.003996285341407255
3052      0.004158540684592788
6028      0.0021746952506066716
1527      0.001951913611507691
4781      0.00479349795341796
2534      0.00479349795341796
4155      0.003304262362869367
3251      0.0017592098158907064
670       0.002276312865530932
7662      0.004219066980506236
4787      0.0019016701489015617
6182      0.0023894577452324988
10387     0.0036966674827980457
9563      0.0027174290178042957
11066     0.0022499224800517827
