t_index   tf-idf
1047      0.0036574482630041365
8519      0.007809196571319845
12196     0.0027901910806378016
1581      0.0067699197719197895
7460      0.0046345811528288195
5630      0.006470436526405239
6488      0.015350576359475442
1824      0.0055412022201057586
2244      0.0035251551583079543
6102      0.002303811416190226
6892      0.015796754619218277
8113      0.012456910557497475
12171     0.002102168793603092
7447      0.0015938741259199183
8882      0.014548982926189582
7475      0.0006488421591157854
10958     0.0008751696967144119
10114     0.007675288179737721
3340      0.006884589964112303
11196     0.002082248159415251
3888      0.0029847867411139793
12062     0.0031668795054681067
4419      0.020280900543938375
2711      0.01243540992806136
2738      0.015459722624494089
4414      0.017468536272782654
9224      0.015350576359475442
437       0.005045508671762405
6771      0.015350576359475442
10244     0.01230986933256654
8688      0.015350576359475442
4322      0.0014800398462856048
9202      0.0015981665119752073
8028      0.001775137336685878
4542      0.006470436526405239
11681     0.004511545876252016
8450      0.0019501070474068774
12063     0.002560879429069108
1743      0.0019036788135564733
3903      0.001725727934300542
10243     0.0034188891152591248
4840      0.0036026016728697013
7368      0.004434576348187689
4871      0.002681036651230529
11136     0.004568093933832988
4891      0.0022479671881837308
7322      0.011589086025107644
2551      0.008892224839511659
675       0.006444374371783838
4286      0.003422657995750224
4780      0.006915111423010495
4786      0.020745334269031485
902       0.002897271506276911
1303      0.01230986933256654
1537      0.0035005091045474585
836       0.005150035654485195
5582      0.006886972353644932
4887      0.015350576359475442
2850      0.005910212411212421
9557      0.0030804802617026986
9029      0.0037182730391699414
8837      0.002869505384303519
12044     0.0026030655237732816
11912     0.0023213662755521567
8959      0.0016877430729909115
1527      0.0021441475277925396
11326     0.0055412022201057586
1780      0.007675288179737721
7204      0.002232520408361302
5799      0.001633124156354726
4754      0.0029699274218577816
1713      0.005631994106637654
6568      0.0042853319150351794
9264      0.0013385347792285037
2133      0.0034071162604737966
2682      0.011162602041806507
102       0.002424830487698264
2357      0.0010720123816742489
4787      0.006266867536152874
9596      0.00224021660301283
7425      0.001207860443250205
10210     0.004102123159609393
7981      0.0031668795054681067
449       0.0015642888148645945
11936     0.00714018262248546
11729     0.009500638516404319
1662      0.007675288179737721
11350     0.007675288179737721
367       0.0023540508826471436
7450      0.005265584873072759
198       0.0035761738100460526
6232      0.002180108232627414
8855      0.010889046423092233
1168      0.008379812512447127
12029     0.005710259769678014
6821      0.009191964518752354
10805     0.011856610783567856
6122      0.007371871326057208
10345     0.004009603289707007
8136      0.005385284169577973
6596      0.0030639881729174518
1597      0.006160960523405397
9505      0.002716228009673187
2637      0.0018058880400970822
2340      0.0033005564630130524
9539      0.0023540508826471436
5759      0.0010225678005439534
10910     0.0012989124043921514
208       0.005480634649388026
8036      0.00238006087416182
2402      0.002803018165307688
11995     0.0023286434937383155
5517      0.003260671949924083
12111     0.0008751696967144119
67        0.002388869782863389
497       0.0030477404203785377
637       0.003685935663028604
9474      0.0029114227121304426
5033      0.002955006059204952
12064     0.014165596243261091
7227      0.001673831217473801
11121     0.005910212411212421
4892      0.006470436526405239
3289      0.0034071162604737966
5559      0.003363242280500507
10681     0.005394757909556044
10338     0.0055412022201057586
1859      0.007675288179737721
11864     0.0032804329032371047
2660      0.005271610730194885
7153      0.0024715057546023374
11910     0.0019985880121574004
11650     0.025881746105620957
11524     0.005910212411212421
4267      0.004862299916336617
3708      0.0024715057546023374
2326      0.0036026016728697013
4977      0.004781025463378533
2633      0.017730637233637263
5569      0.0025923658951286996
4073      0.004570086910116524
3844      0.0037151828159321773
5176      0.006470436526405239
7207      0.003305073837545112
5989      0.004624052920247735
9314      0.003341946402882167
9607      0.010531169746145519
1885      0.0031668795054681067
11409     0.006370014488850978
3235      0.007675288179737721
8347      0.0025923658951286996
12084     0.0026914600341983084
11063     0.0026358053650974425
8862      0.007675288179737721
6571      0.0030317298697951564
9791      0.0023120264601238674
9849      0.002049311652935514
6900      0.0015314263340952814
2143      0.006470436526405239
338       0.000911352879131372
6753      0.003685935663028604
12012     0.004316781254336053
967       0.0014495739084033304
11691     0.0031668795054681067
8273      0.004336350566773278
5203      0.011835552003458141
6231      0.0031490465395906148
11238     0.0006875208411463553
5209      0.0026581878406815463
4400      0.008570663830070359
7484      0.0033849598859598947
8187      0.0013154044931773985
11560     0.005710259769678014
6706      0.008570663830070359
6024      0.007675288179737721
3264      0.00414513664268712
921       0.005766601150937857
685       0.005910212411212421
6458      0.002803018165307688
5706      0.007675288179737721
11863     0.0036014053446837666
4636      0.01230986933256654
1601      0.011820424822424841
5213      0.011820424822424841
4239      0.005394757909556044
6185      0.004446112419755829
7123      0.0013087778673537903
1808      0.005045508671762405
368       0.0012415136711826128
4049      0.006174538637852003
8536      0.002985054602891083
10684     0.0021300870372901602
9747      0.0019266472601083156
4955      0.0042853319150351794
1591      0.007675288179737721
6054      0.005265584873072759
6042      0.003745231359618308
7892      0.023923690566133915
11784     0.003924055704271252
5991      0.0036026016728697013
1447      0.007675288179737721
4500      0.004505408116345533
3860      0.0031314989134407964
2442      0.004781025463378533
9411      0.0033005564630130524
6722      0.006915111423010495
5518      0.007675288179737721
9622      0.007675288179737721
8972      0.004189906256223563
7497      0.001932465328061761
927       0.0025817696461549414
1538      0.0022248778461638574
2647      0.0028291313808082408
12045     0.0022479671881837308
10673     0.0012730303008418348
8060      0.0030477404203785377
11667     0.006915111423010495
5188      0.00470536075787994
10732     0.007205203345739403
9538      0.0032034396654898817
4405      0.0055412022201057586
5013      0.006915111423010495
7496      0.007152347620092105
4243      0.005910212411212421
3265      0.007675288179737721
9007      0.0034071162604737966
11720     0.007675288179737721
6538      0.003945184001152714
1751      0.006915111423010495
5486      0.003260671949924083
5021      0.00414513664268712
843       0.0033005564630130524
4095      0.004020848706651308
840       0.007675288179737721
9488      0.0020173355325594383
2610      0.0032034396654898817
6561      0.007675288179737721
3627      0.00414513664268712
5096      0.005265584873072759
3042      0.004102123159609393
8918      0.0020110506830551583
5956      0.0028291313808082408
9306      0.010531169746145519
12181     0.0020755812499046234
5436      0.0021024955634956753
3326      0.003185007244425489
3465      0.0055412022201057586
10544     0.0015314263340952814
426       0.004060733219740278
8091      0.0019266472601083156
2882      0.0025505816704316352
3495      0.00438985889775797
6442      0.004102123159609393
3516      0.0034528188415162116
11785     0.0030972241478113174
7217      0.0012446248881262782
9583      0.0018482779829871825
