t_index   tf-idf
11970     0.007058712463441684
4970      0.006619034668462747
9264      0.0040852390949864155
10933     0.004040289042404733
1454      0.012545336528749274
367       0.005388463292070917
4382      0.017582661032349706
2803      0.002817792283090227
3340      0.003151789162761239
11291     0.005665412928117087
8259      0.011176807915636409
1942      0.012269115023445434
7644      0.00474414482804653
7227      0.005747143024158599
11912     0.003985235744734049
3741      0.0053043183136422326
6588      0.004661375773317822
6011      0.0048628406668985
9220      0.0026844636094707753
1807      0.008948279915270892
11739     0.012269977182165399
2090      0.007089599783429373
11689     0.04505380680977664
8034      0.0036979213739601093
1536      0.004218585325315973
7123      0.0029958152339427794
9500      0.0015285234363281068
158       0.003222933043682819
9319      0.0047953840389148294
1000      0.01897657931218612
7681      0.0043581942258204675
780       0.005471925096814737
8160      0.003095176793705786
11158     0.006475930790751811
6900      0.0017527307176350617
1520      0.0019263066942370823
8491      0.0020491339474767237
374       0.0038492599510930657
209       0.0065354418173193445
10580     0.006026507542591943
12064     0.0023160925319287333
8261      0.0020087336574885154
8519      0.0029792310618908077
8882      0.0027752395177124633
4305      0.0028070180850577327
1451      0.0030167020941577662
2738      0.002211723323446408
4406      0.007051272737770338
8707      0.010608636627284465
6038      0.0035067610302754646
1713      0.003222933043682819
2339      0.0012925935311568506
5710      0.002665152669134025
7568      0.00397877539738313
7065      0.0052282231150227254
2613      0.0031370563565518263
2226      0.0029428463008849687
7049      0.002744245687100402
6022      0.0043316734555700525
7425      0.0013824067500782691
5488      0.01227888579865523
3888      0.004554819073145032
9824      0.0029286690184025395
9007      0.003899474101582726
7282      0.0052282231150227254
9371      0.0007698249300921229
11691     0.0036245210525010694
3276      0.004601896207612479
4049      0.0035334065037418974
9493      0.002360397826672121
10243     0.001565179294384524
11856     0.006026507542591943
1846      0.010456446230045451
9550      0.005145635875842527
3962      0.004092961932885077
7643      0.004557850061494743
6073      0.002817792283090227
639       0.004321809464814629
11695     0.005894260460046639
11884     0.0016084986577092003
7299      0.0040063630213895765
320       0.003193397884198177
3117      0.0038248866345125376
1743      0.00217877690800105
4417      0.001424483976005798
7207      0.0025217904425199698
10522     0.0021277978663458044
10516     0.00886857884887995
618       0.004434289424439975
7680      0.0046949155237147955
1367      0.009809199065629657
5209      0.0030423190315314805
10510     0.0065354418173193445
7328      0.0052282231150227254
1985      0.0029309487107264938
5427      0.004848804286585387
1230      0.007044376092046748
10068     0.008202246537692791
9459      0.0030040870496420144
10345     0.0022945128652080557
4733      0.011788520920093278
8640      0.004705808308961123
11910     0.0022874013087119376
3565      0.003135748387878163
2456      0.003951781101850924
5351      0.0020201445212023666
2604      0.006341953986016995
9776      0.005774628422017087
9503      0.002198440804113607
9221      0.00245399543643308
11757     0.003299962508340161
8452      0.00343397621519382
1808      0.005774628422017087
5553      0.006341953986016995
12231     0.006341953986016995
338       0.003129153816208294
5826      0.006026507542591943
5762      0.005024231570844381
2545      0.006764289349248897
5647      0.006764289349248897
5502      0.004286449764187427
8287      0.0028070180850577327
12194     0.006764289349248897
6927      0.006764289349248897
3944      0.0038741159388442723
10910     0.001486616509073098
10259     0.002512001166997629
4659      0.012557943746962176
1793      0.00474414482804653
6762      0.0047953840389148294
1879      0.0020258890912472033
5802      0.002445923470582877
9265      0.004904599532814829
3571      0.002895917980449461
11401     0.005665412928117087
368       0.0028418463224758068
2063      0.001780833078726385
12171     0.003207933881567724
758       0.0026568238298226993
10566     0.0043581942258204675
11307     0.007044376092046748
4016      0.0013755289993691517
7322      0.003315952359785135
6663      0.01699623878435126
3599      0.005665412928117087
9847      0.0032841737924398655
4852      0.005156478653389684
9005      0.005088614214518231
7684      0.005665412928117087
7597      0.0023016649436122623
9359      0.002198440804113607
10673     0.0014569942171484582
7769      0.0019052106285102053
1690      0.0038248866345125376
6458      0.0032080785938203593
8860      0.006341953986016995
8822      0.0030186024348333113
9600      0.0018640532900286728
10008     0.0030423190315314805
5074      0.004848804286585387
4165      0.0032379653953759054
2281      0.0034164208749851697
11138     0.0015285234363281068
8908      0.004321809464814629
5436      0.004812648804302239
3867      0.0036663644726415982
5569      0.002966985244135737
9158      0.0053043183136422326
11268     0.005665412928117087
72        0.004395665258087426
11995     0.002665152669134025
4849      0.0036663644726415982
2605      0.0037544839008147204
1777      0.0052282231150227254
5393      0.0046949155237147955
7426      0.000994024400826415
8185      0.006026507542591943
4518      0.004370594742616113
5587      0.0028070180850577327
6403      0.0014496966014533614
6607      0.002103064329827696
2177      0.0028618384292079637
3656      0.0033485564361137162
5342      0.0029309487107264938
4376      0.0019423647345379136
6696      0.0023160925319287333
4787      0.0023908280773762406
5918      0.007914404981249006
3201      0.007044376092046748
9588      0.004185981248987392
9539      0.0026942316460354587
946       0.0024868126354999067
457       0.0032080785938203593
11836     0.006459085777582752
8382      0.002674771002512429
2038      0.004321809464814629
10426     0.0034164208749851697
729       0.0036663644726415982
3142      0.0053043183136422326
11344     0.0065354418173193445
1651      0.005088614214518231
8603      0.007044376092046748
6107      0.0031363341321873186
11075     0.010249262624955508
3375      0.004474139957635446
8928      0.0037096510505885715
2915      0.0034698411226557276
8800      0.005909715490620559
8853      0.00617434720284449
3378      0.0027963355834393403
11816     0.006764289349248897
5989      0.0026461343300839633
843       0.0037775154894600245
2749      0.003068469693315865
1880      0.003399107685132027
9029      0.0021277978663458044
3387      0.006341953986016995
5640      0.0036452684069147212
4073      0.0017435013645531244
7174      0.0035840276581576742
11412     0.0013416944342441504
10604     0.004962990822087334
213       0.003899474101582726
324       0.0026461343300839633
4286      0.0019586308761807636
11383     0.006026507542591943
2076      0.005774628422017087
10958     0.0010016393060662055
9509      0.0026461343300839633
2357      0.001226927465731221
1955      0.0018095790609678765
1737      0.01268390797203399
7488      0.001734339379612354
8801      0.004123208851030062
