t_index   tf-idf
8101      0.0092607566006154
902       0.014900253460852685
2744      0.014219888922415177
10933     0.009077532523844401
1094      0.016571248384587012
9949      0.021096633392276874
1058      0.02500611385544546
7762      0.016571248384587012
9500      0.006868429986617208
4016      0.012361896981343545
3181      0.02203884984875235
6847      0.02088377084437857
11138     0.006868429986617208
10354     0.017878653084344977
1399      0.01050604152984238
2729      0.015121465659538145
9913      0.012195371091669795
6743      0.0355445189926492
67        0.02457123205230915
3341      0.029514912524264768
2682      0.02296306705743053
1900      0.016974290381209983
10164     0.017079717526952573
10385     0.010278452633952346
1560      0.010883337595528385
3276      0.020678650491349582
10062     0.016769170028181
10440     0.01866693672530097
4485      0.02594833031192094
10742     0.015351709386296998
4196      0.017638608854552595
3873      0.012019100868432473
1295      0.012910274550512725
2463      0.013170237063783986
3137      0.012759860621294345
7888      0.009232908790250002
5274      0.010883337595528385
75        0.011403196323911199
12036     0.015046760089549947
6600      0.02849761141768676
3517      0.02317067031263417
10237     0.010847975798963797
4999      0.014973031090956561
8566      0.02439074218333959
7497      0.0099383931157462
1508      0.006104418305988198
11770     0.013612831733553798
5839      0.013332167460661884
9556      0.017757354042083374
3340      0.007081292534515512
485       0.00979034818400472
5956      0.014549818529870953
457       0.014415521993010967
8382      0.012019100868432473
9824      0.0065799966257615505
12171     0.0036037179318910146
9196      0.009674647961227847
944       0.010990772997684098
5015      0.012470556793876784
10903     0.021981545995368196
629       0.02286572101588712
6068      0.01378818849204272
4966      0.007552366525222661
946       0.011174508725752829
10786     0.014900253460852685
9509      0.011890421794922746
10382     0.024198998183382545
1879      0.009103345786643277
