t_index   tf-idf
4417      0.009808387178069772
2079      0.031829440763475776
10825     0.008166537863204475
3527      0.015004330369491361
11140     0.01120000265465095
11910     0.011812550042004932
11037     0.018406479778988804
2793      0.007261843395817547
8034      0.012731152192937292
7400      0.01247845058871015
368       0.0024459672327776846
1457      0.006502588852503327
1904      0.02178553018745264
8373      0.006239225294355075
313       0.005881003098233178
10827     0.017519010131575204
3298      0.007633154929632991
8133      0.07362591911595522
1520      0.0033159309263981617
8259      0.0029599506611635647
1942      0.003017138449262345
621       0.003717204218008264
9221      0.01267287195531113
11757     0.005680532477043262
8452      0.005911222738592347
6588      0.012036089683343035
1367      0.008442743474397666
8805      0.008504703366751626
5006      0.0077017533599097725
4513      0.005086471541678392
1202      0.006542976366046508
1537      0.006896525400003948
8832      0.009579456551588558
3730      0.003537485152922385
9371      0.00397551381808768
3916      0.012747725693813307
2366      0.007501062787744909
8864      0.007921672078775711
8760      0.004907142665137898
8888      0.01284802081761131
9503      0.00378438068767815
3437      0.008876326438173288
10094     0.004571344218757648
3065      0.006584133211648448
11138     0.0026311895968633083
1955      0.006229993583033685
1743      0.007501062787744909
10059     0.006668876193234419
4838      0.0035888098717083363
10744     0.010146338901373817
10458     0.006169520247375897
2749      0.005282042357648206
5259      0.004089204850558362
337       0.004102339657355419
10007     0.008759505065787602
40        0.006584133211648448
11864     0.006462942436228325
9492      0.01656709243972902
4307      0.01512146327948327
6197      0.01512146327948327
6607      0.007240400578312267
3643      0.014440777789104653
9264      0.002637113296390485
2144      0.01360513692776537
6514      0.028182384652303216
2918      0.0057928002775345135
6138      0.005547934493105748
8337      0.006626089269045775
2834      0.005237026790596479
9712      0.010916995418715823
75        0.00873677728299664
5344      0.021256956539146204
7217      0.004904193589034886
199       0.004831981380248635
12210     0.012747725693813307
3704      0.01512146327948327
110       0.004831981380248635
7204      0.004398398416473012
2661      0.03024292655896654
5272      0.0053280157742398105
449       0.003081882441225768
4518      0.003761755673992973
2822      0.005086471541678392
4046      0.005282042357648206
8974      0.006626089269045775
1617      0.004037449823693849
7769      0.003279616305793687
8685      0.004604332173479106
586       0.0049850130409727035
3696      0.004965280766258269
2164      0.004831981380248635
3861      0.0035172918371170737
8874      0.002170496251522163
2686      0.004224290651770376
5996      0.005881003098233178
7832      0.009579456551588558
641       0.009752402353873195
1038      0.010628478269573102
12084     0.002651288988911766
8491      0.0035273649046116736
11540     0.0053513745862218
704       0.003148626560906378
3708      0.0048692352180225145
9747      0.003795782661705935
472       0.005304906793912629
5090      0.006945081804427611
7475      0.0012783158955713978
5735      0.00585120029380936
83        0.00458777524139489
8680      0.010628478269573102
10246     0.005086471541678392
5137      0.009419333748745767
2231      0.012747725693813307
7426      0.003422213360059101
324       0.004555037205020156
8605      0.006502588852503327
6942      0.005680532477043262
6031      0.009419333748745767
8299      0.008827122137244583
11196     0.004102339657355419
2966      0.0057928002775345135
4754      0.00585120029380936
2150      0.004475298670521894
4263      0.005065795124906463
2813      0.005423005534981216
10243     0.0013471443678035955
2038      0.007439532710576425
8949      0.005304906793912629
7140      0.003371573548052459
7425      0.0023796653508810005
4069      0.0033159309263981617
1691      0.010373988108143346
10749     0.006994754545256471
5351      0.003477462708139397
2093      0.005764181725847492
10099     0.004945727066614327
10434     0.007261843395817547
4027      0.003773038566808008
6456      0.008999826854715736
3497      0.005423005534981216
