t_index   tf-idf
8259      0.014629920071160898
1052      0.019785331253604932
1942      0.03976687398699878
931       0.016044529161025008
3888      0.012917765568099846
11739     0.013919383950915503
11689     0.0425918501535047
12171     0.009097910844446168
9930      0.011825422692022552
7368      0.01439419863837971
11690     0.045449232963960445
7426      0.011276473530686545
5186      0.00938600817741029
4027      0.012432471343088683
6766      0.013219967357114481
7234      0.03995662504669139
7252      0.044891543008396005
4480      0.025151871161577563
2605      0.02129592507675235
1777      0.029655167177014153
10289     0.014850413291900321
8036      0.015450886986361979
4659      0.023743434625403903
341       0.01836616437377153
11922     0.022118328510616778
1690      0.021695258615431774
7408      0.019890808466808376
4137      0.011556727344675513
6930      0.01469507080200069
10903     0.027747197403989364
4255      0.01778969852027561
9069      0.020558758756809348
243       0.022118328510616778
5483      0.03156509453884099
10181     0.027503053822271216
4146      0.01836616437377153
4960      0.019681393908834128
10259     0.014248400061986554
10910     0.008432283805562163
2613      0.005931265023863016
2491      0.03502170708498678
8320      0.01703957572419897
7319      0.019681393908834128
8800      0.01676034065372716
944       0.013873598701994682
3250      0.012815336791917258
10805     0.015394156951779906
7425      0.007841192385689855
3321      0.01616943730643799
208       0.01185973399539704
