t_index   tf-idf
12171     0.0007245072604585069
9221      0.03768773148067722
2109      0.00375288284033466
8111      0.01479023319872832
7889      0.006690059698319777
10110     0.009767799710270626
8455      0.005577869796825571
10805     0.002451810898325259
2783      0.013380119396639554
3437      0.009316666392025228
5972      0.004658333196012614
12082     0.030892661123071544
6114      0.0012998299614348726
5708      0.015871614199353196
2700      0.023807421299029793
5124      0.007935807099676598
5760      0.008967074801264846
2681      0.013380119396639554
5120      0.004483537400632423
1017      0.002516624432855369
5802      0.006628899640900852
7127      0.004658333196012614
10095     0.004597024851757985
7552      0.001950804302401204
975       0.007935807099676598
4230      0.007149827998726256
10446     0.003971018744904046
10684     0.008809550566756173
12084     0.0013914075372617885
1902      0.0035700163478862134
8408      0.010730158942065677
3848      0.005592329872700794
6160      0.006690059698319777
5939      0.03857249868025299
11443     0.023807421299029793
10598     0.010433532292521735
4518      0.001974185092617722
5991      0.018624415958960854
9220      0.007275387014701474
7762      0.006663112927484073
11835     0.003036721788209634
7578      0.005577869796825571
5764      0.0025553949838708237
6042      0.011617062285186813
8367      0.02519138937363681
1052      0.01890713117185223
12111     0.004524375977792521
6394      0.005444312296962957
11549     0.005753142586691309
5313      0.009259124982335786
5142      0.0046973108761091415
6361      0.0015667922332790456
2074      0.0029389040908418293
2439      0.002658550444141512
7423      0.004791890695875228
11300     0.004198564895606135
11989     0.0061414687156954645
8592      0.003594402839411392
11958     0.0019222403701191861
495       0.004658333196012614
3578      0.003351277450401164
6578      0.006302377057284077
2644      0.004943305701038901
9371      0.002086366259623038
7206      0.007935807099676598
7403      0.007935807099676598
10673     0.002632480413229068
2085      0.007563182831068605
4027      0.005940319205705558
9733      0.007935807099676598
8743      0.003312172604527397
7207      0.0011390855001460962
6737      0.006363848897775914
8868      0.0036448079443601824
11249     0.007935807099676598
10834     0.005904080597369434
3142      0.004791890695875228
8411      0.003937167629592381
12181     0.004292063576826271
3604      0.0061108201431856884
8390      0.0027367834033515466
635       0.002516624432855369
8262      0.004995450385690272
7475      0.000670865522218932
704       0.0033048247453899846
8309      0.0036193253404720456
5851      0.006363848897775914
11413     0.008760763880723468
7771      0.001974185092617722
289       0.007935807099676598
290       0.023807421299029793
11389     0.004723146730542724
6038      0.0031679877714760074
7318      0.006690059698319777
2508      0.003455380614990439
8442      0.007935807099676598
7646      0.007935807099676598
3904      0.004791890695875228
9264      0.0013839680746070167
10933     0.0018249869564909108
338       0.0009422865277702958
758       0.002400159386732778
9600      0.0016839750348561903
2090      0.006404703720800426
7125      0.004865072741828866
2983      0.007935807099676598
6137      0.007935807099676598
7553      0.004430787045310525
6535      0.003192059139150644
4677      0.0028717881633355574
10958     0.0018097503911170085
12012     0.002231651927829082
4970      0.0014948994747311427
1508      0.0012272590327965828
10243     0.002120960975941431
3215      0.007935807099676598
6403      0.0026192951650280054
8910      0.0086642447909375
8304      0.0033315564637420364
7405      0.004943305701038901
2267      0.009316666392025228
4843      0.010433532292521735
4520      0.0032743714991262927
2137      0.002658550444141512
11007     0.007935807099676598
3114      0.007935807099676598
2063      0.0016087943739930266
374       0.003477399329185903
5197      0.00369755829968208
10907     0.002658550444141512
3391      0.007149827998726256
4049      0.001596029569575322
10077     0.00801182318984977
8881      0.0031850396439537035
7597      0.0020793108890074224
6203      0.0017402144026267116
10548     0.0050273388168911234
6182      0.0027138749847940916
11019     0.005444312296962957
329       0.002526193503577054
2549      0.004117535564692379
7218      0.0057292848019892435
9747      0.0019920425979187808
8640      0.002125600097781395
5822      0.007935807099676598
10002     0.007935807099676598
213       0.003522762504301889
5134      0.007935807099676598
670       0.0025853683981878735
8259      0.0015533944723077717
1222      0.0057292848019892435
12175     0.006363848897775914
4417      0.002573741283018309
6176      0.004430787045310525
300       0.006690059698319777
3248      0.0057292848019892435
8686      0.0023082978634753927
8449      0.0031679877714760074
11884     0.0014531084479566146
3577      0.005324841042235346
3565      0.0014164085407387002
7030      0.003455380614990439
7430      0.003219932493974543
5         0.0037815914155343027
3768      0.003522762504301889
8352      0.005118101496419092
8346      0.004538861941285003
7344      0.005904080597369434
6399      0.005118101496419092
2113      0.003724883191792171
4438      0.007935807099676598
11757     0.002981167174636281
8452      0.0031022343876163493
2339      0.0011677215712278598
931       0.0025553949838708237
10718     0.0031679877714760074
9157      0.005577869796825571
6020      0.0018779838983422536
2456      0.0035700163478862134
8410      0.004198564895606135
10094     0.0023990605430033608
3730      0.0018564869862595285
9267      0.001693156689485008
5759      0.0010572763681864373
9836      0.004005911594924885
10458     0.0032377899992756015
5871      0.0033917791897699564
7391      0.007149827998726256
8349      0.003594402839411392
113       0.004658333196012614
12063     0.0026478022295335947
4041      0.0057292848019892435
3312      0.00201629867042591
3888      0.0010286993468069066
2477      0.006363848897775914
8136      0.0027840372469358707
8536      0.003086374994111929
10250     0.002497725192845136
9202      0.0016524123726949923
1322      0.0032377899992756015
8337      0.003477399329185903
4129      0.004157326600088558
6812      0.007935807099676598
10772     0.00262660669370545
6151      0.004157326600088558
2314      0.0061108201431856884
61        0.006363848897775914
9422      0.004865072741828866
5316      0.0030400857853379562
9589      0.0034804288052534232
4111      0.002516624432855369
10768     0.003086374994111929
9583      0.0019110132670050242
1511      0.0061108201431856884
5799      0.0016885565689725103
10115     0.005444312296962957
2883      0.0029115791987317373
6767      0.003904297845498333
6156      0.007935807099676598
11903     0.004658333196012614
9847      0.005933807478768634
2874      0.007935807099676598
10570     0.004241359715940782
6826      0.004005911594924885
9820      0.003594402839411392
2088      0.002575288970477069
11025     0.004483537400632423
2413      0.007149827998726256
4016      0.0012426449968191292
4046      0.002772037895267074
8257      0.004943305701038901
6856      0.005904080597369434
7123      0.0027064022740057488
7894      0.013380119396639554
12093     0.0034048265944512154
8775      0.005118101496419092
10032     0.0025853683981878735
3500      0.0034337813304839374
8356      0.004597024851757985
3602      0.0061108201431856884
10988     0.0014092089727355962
2261      0.0020348374182534265
3579      0.0030102438485735124
3163      0.00433212239546875
5953      0.0025553949838708237
10881     0.0021323698381946576
7797      0.0023323396435976475
8685      0.0024163727594498706
5012      0.007149827998726256
8615      0.0032377899992756015
502       0.007149827998726256
8430      0.003546143294518407
11722     0.004041912337707218
5989      0.00239050255407063
10102     0.0050273388168911234
10317     0.0012272590327965828
8450      0.00201629867042591
3867      0.003312172604527397
11050     0.00384128562691682
3068      0.0036448079443601824
