t_index   tf-idf
3653      0.011268085697738746
9360      0.029488358960239464
1560      0.004554440189433074
4137      0.0076626126959261544
191       0.006702359484740489
5759      0.011003718723244715
11238     0.00591865767595558
7888      0.007727543226622283
967       0.003119735150694124
368       0.013359766679030287
10067     0.017460834303622857
9264      0.00672177247829966
1192      0.013611181632497507
11044     0.010289598279879885
1572      0.011345423093245512
12016     0.007641009041285601
2662      0.007381374357611684
5075      0.0057453417724813525
3378      0.010516653389891432
10145     0.004209762479166308
9013      0.00956880716425711
9081      0.005871590906820889
2164      0.005278414442554215
1682      0.004771989765984578
1879      0.0038095523128887625
5259      0.0044670118204469065
4664      0.004771989765984578
11486     0.012289472113002681
11958     0.004001185118237219
5395      0.004905943217498534
7703      0.011610457240131485
2229      0.008490722089437361
12087     0.004838016339786724
1110      0.016336754694057282
1520      0.003622294109815383
6182      0.005648989778131179
10958     0.0018835173907549298
9029      0.004001185118237219
8208      0.0094477398016965
6387      0.0038977979589250975
10143     0.006296741993996445
2150      0.004888777352037504
448       0.006739530270231279
9370      0.011251008102103202
4073      0.003278540609431419
11950     0.011332454400743546
3173      0.006665765013767835
11623     0.007431066637176194
488       0.004060641564237288
11937     0.005199069287280908
7475      0.0013964211685317987
1171      0.004159001466915529
2524      0.005319110210991986
4620      0.005160375042047496
9500      0.00287428863570394
7426      0.003738396116151518
5272      0.0058202781012076195
1955      0.003402795408124377
6349      0.005179642872290157
10899     0.013925504698133013
2077      0.007932774579126776
3031      0.007932774579126776
11024     0.0038313063479630772
8028      0.0038204042680848238
8101      0.0038754253165618788
5710      0.005011645780002026
11927     0.0035052306432060915
737       0.008877148348136455
9396      0.005795034052045861
12044     0.005602249714207715
4966      0.0031605012089247
10385     0.004301308982686579
1913      0.0041715897426067294
8853      0.011610457240131485
8554      0.008653565694749553
9037      0.014882522410392151
1137      0.008195300011597184
667       0.00601839883363649
2063      0.003348740463257224
6900      0.0032958958059876708
10578     0.00482133573257109
10503     0.005047958743896131
1195      0.00697575686686764
1121      0.015393095964980834
4896      0.004923234841336519
9775      0.004584317754167953
11552     0.0037036916966069746
2025      0.0062719143617084895
9267      0.003524342456917163
9701      0.004097047881349801
8755      0.005179642872290157
118       0.004410475079143824
12176     0.0035826243340463648
449       0.003366621579817279
7920      0.006594235415626689
4562      0.005795034052045861
2357      0.0023071570822989266
5387      0.00322722780381815
7411      0.005381500524488889
918       0.009117860234557304
3253      0.011610457240131485
3993      0.0038313063479630772
7541      0.006060515397360084
1061      0.011955378984320853
5897      0.011795343584095785
3625      0.007641009041285601
6741      0.010126754674567695
9371      0.0014476055750645355
7516      0.004993696673751561
2626      0.0071474904868225435
5724      0.007871464739943684
10712     0.00799571953863664
4835      0.007060062117836377
176       0.007481827649426973
4547      0.010289598279879885
5423      0.006559267426466852
9197      0.007871464739943684
10683     0.010126754674567695
5646      0.007753425339436965
11178     0.006629729258881893
3650      0.007641009041285601
7597      0.0043281308178795795
5747      0.011610457240131485
11065     0.009332580567620749
4970      0.003111665754467542
2113      0.007753425339436965
7150      0.004248562740798656
2846      0.016518554995522485
515       0.006457368317701422
232       0.0043281308178795795
4016      0.0025865925749006874
7924      0.00685468950430703
5274      0.004554440189433074
8276      0.008413328398597089
12171     0.0015080776128022179
7348      0.007932774579126776
6727      0.0032019837546563915
4749      0.007103371518223742
9065      0.01192563086501022
3903      0.003714066641212035
