t_index   tf-idf
3653      0.009467250083944882
8159      0.0022825414938562687
1210      0.01754995112641421
11110     0.00805541958257316
11623     0.018730359743019447
5759      0.006933850154373381
1340      0.017688028659862146
6387      0.009824586636194765
5274      0.01147968486103679
11995     0.00631604673644091
9360      0.029730729033885267
1560      0.0028699212152591973
4137      0.004828495671405522
191       0.0042234046068227735
10246     0.010503912122027637
9065      0.02254434327906041
8101      0.004884097659228669
1798      0.005102382828866741
14        0.0049224456433156665
9624      0.008774975563207105
9264      0.006050910645827482
2362      0.009844891286631333
1572      0.0071491707162916925
10578     0.006076203936938908
3650      0.009629764819154455
5033      0.008014947941405212
3173      0.008400690154337545
2877      0.005178855414195805
5275      0.0042468272935703945
9904      0.005507021763757362
11123     0.004960101069005609
8805      0.0029271324943785557
5767      0.006195086293828298
3716      0.010408952462931977
4953      0.003749765229540988
3378      0.013253864546164543
515       0.012207079833462963
2230      0.006984294928685401
5058      0.008347103177562243
12010     0.0053015494018557
2164      0.003326124169280738
1886      0.004532228683360747
2662      0.004651276992467636
4347      0.005576060530481331
7097      0.005684240442695248
8390      0.0035896850804234327
5259      0.0028148293663090096
1339      0.005038398613387472
8262      0.003276125852259202
635       0.0033009149239164597
11679     0.003501304040675879
6166      0.002400539813601138
3321      0.003377861903057251
12171     0.0019005909640795074
12084     0.0018250311190796747
8304      0.004369815498675342
2093      0.003967810023614198
1520      0.0022825414938562687
2166      0.004714576327036175
78        0.0032277537882468513
4664      0.006014014499597002
10067     0.0036675725021308287
5272      0.007335145004261657
11238     0.003729565110876119
7888      0.0024347054001686644
967       0.001965860505916845
368       0.008418483112813607
2836      0.006381242671645397
10923     0.005682201635152503
10145     0.0026527270416664404
9013      0.006029659308983932
9081      0.0036999065988186424
704       0.002167376502541719
11001     0.002044295719560577
5395      0.003091416274040172
1686      0.00380135340226659
2077      0.00999746933259813
3031      0.00999746933259813
10910     0.0017615387402030544
10353     0.0035301847514185598
1399      0.002770428759581723
4146      0.00383676721506871
849       0.010408952462931977
10385     0.005420827759002263
10537     0.007744050920522237
7956      0.009378027820247109
6403      0.0017177911784344625
1454      0.0037163411292356584
1955      0.006432681730426904
7048      0.004344390779226003
4898      0.005811614514910721
2613      0.0012390656385467258
12111     0.001186873972256531
10958     0.001186873972256531
1110      0.017157322281430024
7408      0.004155271631764762
6680      0.006842539157595589
8208      0.0059533702860005335
7299      0.004747265771920525
10351     0.004155271631764762
12016     0.0048148824095772275
1350      0.004620609723108299
5214      0.003910229547553752
8187      0.0017839047236241428
7703      0.007316178534877375
2229      0.005350318028960529
12087     0.00304861303602999
10143     0.003967810023614198
2150      0.0030805994273113034
448       0.0042468272935703945
9370      0.01063451450746741
4073      0.002065929699093771
11950     0.007140998663482234
488       0.00511752087547713
11937     0.003276125852259202
7475      0.0008799366267460649
2524      0.0033517680781593334
4620      0.0032517431771806136
449       0.004242865552646433
12036     0.003967810023614198
2277      0.0059533702860005335
8760      0.003377861903057251
1136      0.007744050920522237
4610      0.006029659308983932
8837      0.0038915210006307994
4373      0.010408952462931977
11984     0.003180905509852357
6036      0.004960101069005609
7153      0.0033517680781593334
9600      0.004417550947602197
12062     0.004294809192347157
9500      0.0018111955786627566
7426      0.0023557016622324633
6349      0.0032638845496622904
10899     0.008774975563207105
11024     0.002414247835702761
8028      0.0024073780319438616
12044     0.0035301847514185598
4966      0.001991548706993647
1913      0.0026286729884919115
8554      0.005452931807650403
9037      0.009378027820247109
737       0.0027969097535224447
1137      0.00516416165114343
2063      0.0021101652234223603
6900      0.0020768658503483952
10503     0.003180905509852357
1195      0.00439568240925906
1121      0.009699759101220798
4896      0.0031023123657736972
9775      0.002888748173859258
11552     0.0023338331238893263
2025      0.0039521652142272675
9267      0.0022208185344957465
9701      0.0025817014046861757
8755      0.0032638845496622904
118       0.0027792034745289847
12176     0.0022575441009059284
7920      0.004155271631764762
4562      0.0036516652930699946
2357      0.0014538250107637072
5387      0.0020335956024059576
7411      0.0033910825222806694
667       0.0018962078516936887
918       0.005745500969721041
3253      0.007316178534877375
3993      0.002414247835702761
7541      0.003818954907925532
1061      0.007533526483270675
5897      0.007432682258471317
3625      0.0048148824095772275
6741      0.006381242671645397
9371      0.0009121898144242278
7516      0.0031467129725009832
2626      0.004503898114984068
1192      0.006432681730426904
5724      0.004960101069005609
10712     0.005038398613387472
4835      0.004448806266033881
176       0.004714576327036175
4547      0.0064838564503352705
5423      0.004133237008458564
9197      0.004960101069005609
10683     0.006381242671645397
5646      0.004885720076905484
11178     0.004177637615185851
7597      0.0027273153098967217
5747      0.007316178534877375
11065     0.005880804193295267
4970      0.001960775680897355
2113      0.004885720076905484
7150      0.002677176521599153
2845      0.006713126277837371
232       0.0027273153098967217
4016      0.0016299076499374193
7924      0.004319393386275663
8276      0.0053015494018557
7348      0.004998734666299065
6727      0.0020176883933451235
4749      0.004476097121072495
3903      0.002340370760215803
