t_index   tf-idf
1340      0.01849011110505876
3433      0.006238760665170256
5759      0.003865745575326067
11995     0.004401636389118725
5274      0.004000081121029526
4137      0.0016824829785804444
1572      0.012455595758694357
1121      0.003379868326439706
1454      0.0025899083764601726
2077      0.00348360506577405
10385     0.0018888803169793092
4762      0.0033554789107316245
9360      0.033668808893982244
1560      0.010000202802573813
3653      0.0065977017291453605
485       0.003598361862378823
1649      0.004385872018951252
1192      0.00896583802045182
2836      0.004447071265203952
5299      0.004515477011999533
4073      0.0014397409836166613
11950     0.004976543221328908
3173      0.005854418914240008
11623     0.0032632846330320282
9656      0.00362983336348031
10798     0.004258094544326566
1514      0.00348360506577405
8273      0.004098317003442048
7920      0.008687393674047571
4562      0.010179343824118744
9824      0.0024184235808288276
10822     0.005194846530837593
667       0.00396438682120208
11859     0.0027516071455934493
5963      0.003192421573678293
6900      0.002894724717430699
7597      0.005701976638352096
8143      0.001918581556726941
118       0.007747278420644044
7175      0.002673832999522824
12176     0.001573276557194585
9543      0.002241154114698268
7426      0.003283364607980331
10094     0.002192936009475626
2150      0.0021468616534007176
448       0.0029596027917006096
9264      0.0016867454974526252
2626      0.003138754772256201
1110      0.00956551428387125
12111     0.0008271293553673201
5387      0.0028344148730431486
8159      0.0015906971747160633
230       0.0035688450473170923
11937     0.0022831235056317116
8101      0.0034037148365030343
5214      0.0027250287061711116
337       0.0019679481411179938
11123     0.006913362826489919
5181      0.0065265692660640565
2439      0.0024301308355756546
6521      0.0027516071455934493
10246     0.002440049593979372
8262      0.0022831235056317116
199       0.0023179672015035215
9065      0.026185156075917426
1798      0.001777918599080058
14        0.0068608788918767295
9624      0.006115257433070346
1743      0.0017991809311894114
2362      0.0068608788918767295
6535      0.0014589005373445067
8918      0.0038013177589013973
9042      0.0065265692660640565
3175      0.00395991140206332
9775      0.0020131610185367627
7408      0.005791595782698381
4770      0.002927209457120004
8557      0.006535522967809442
6349      0.002274592573988995
4845      0.004202053742776392
9202      0.001510438994611413
3266      0.002224830905795391
11936     0.0022494131412126033
1682      0.004191150916186932
6132      0.00200658002916877
4838      0.0017216009169770301
9045      0.002943279582797733
9723      0.006277509544512402
10408     0.00395991140206332
6378      0.0055857854769453905
3993      0.0016824829785804444
6680      0.0047685475752217476
8208      0.004148888122940707
4286      0.0016173896972757622
1955      0.0029886126734839395
2613      0.001727003181172525
11913     0.002927209457120004
2561      0.0020197840592402756
7151      0.0029113846864779677
1399      0.001930704529350509
3555      0.0031584982709817137
368       0.0035200912681740905
6403      0.0023942483250733323
7296      0.008516189088653132
5107      0.0022577385059997664
5075      0.005046028096117274
3163      0.00395991140206332
2882      0.0024105736073769153
6616      0.0016776954303761517
10223     0.002216764698990187
11899     0.013721757783753459
6203      0.00477209152414819
11970     0.0019429709724350223
9079      0.005237031215183485
4742      0.0072539716448117835
12063     0.0048406121905077175
8889      0.0027516071455934493
2376      0.0028804420202145605
8408      0.005884941586841749
1058      0.004595395624986397
1094      0.0030453129489575177
1947      0.0072539716448117835
11624     0.009953086442657817
6022      0.001788495245378566
3682      0.0028957978913491905
11737     0.0035112467663702676
7048      0.003027594528720747
7049      0.0022661312833812393
9641      0.0072539716448117835
1989      0.004976543221328908
7385      0.004976543221328908
4027      0.0018099779282300945
7425      0.0011415578413534156
1846      0.004317339374219244
9103      0.012230514866140692
4953      0.007839604632644166
5491      0.004976543221328908
6166      0.001672929893965471
515       0.01417846981452341
3321      0.0023540230923453876
12171     0.0013245168532487262
7180      0.00348360506577405
12084     0.0012718593956354775
3378      0.004618291703436811
75        0.004191150916186932
5058      0.0058170742908071
12010     0.00369463586000445
2230      0.004867336799943048
6983      0.00383782900958747
5275      0.005919205583401219
8805      0.0020399109507363684
5033      0.0027927980893679262
2877      0.001804565371056295
9849      0.001936819605161011
4966      0.0027758101309887586
457       0.0026491532063528506
9552      0.004050098898219405
4520      0.0029930412509913368
8769      0.0020331584685911075
10701     0.0072539716448117835
10127     0.0058170742908071
7709      0.006277509544512402
5434      0.0032632846330320282
11723     0.0024203060952538587
9596      0.0021172452859023407
11912     0.0021939404418106303
1630      0.004050098898219405
6964      0.0034566814132449596
3137      0.0023448908540326125
1361      0.002326864271955176
4468      0.002512272995011676
3735      0.006535522967809442
2357      0.003039500499830567
6114      0.001188150060213738
11125     0.003598890697216902
513       0.0029930412509913368
83        0.004401636389118725
11412     0.003323815806075008
10243     0.0025849739181720544
2685      0.0022831235056317116
5435      0.005613800759215663
1339      0.0035112467663702676
338       0.0008613263487733253
8309      0.0033083570534625144
6989      0.0015227054376959262
6070      0.0058170742908071
3661      0.00383782900958747
10317     0.0011218143426279027
10923     0.00395991140206332
9312      0.004867336799943048
12177     0.004433529397980374
11238     0.0012995620672742562
5004      0.0027382327362426174
2809      0.0016309982386229463
2025      0.0013771267810911243
8755      0.002274592573988995
9597      0.004380176936802416
9267      0.0015476826063788975
4673      0.0024911191517388714
10578     0.0021172452859023407
5423      0.0028804420202145605
6724      0.00348360506577405
7496      0.003379868326439706
8255      0.0070792917346484486
11165     0.0028957978913491905
4016      0.0011358783622475574
539       0.0018374729712606703
4782      0.00376376162595986
9500      0.0012622174438413486
283       0.002976187183002108
2465      0.005098625613804758
8289      0.005098625613804758
4047      0.003379868326439706
7488      0.0028643504789779214
5351      0.0016681861678663936
6588      0.0019246253192935162
6766      0.0019246253192935162
7437      0.012965850900243913
5233      0.0038001338611788017
8325      0.0035688450473170923
2233      0.0055857854769453905
384       0.0018600065183557574
671       0.0028804420202145605
3429      0.00752752325191972
4064      0.004447071265203952
10673     0.0012031503559268894
8028      0.0016776954303761517
6287      0.0055857854769453905
4960      0.0028653103304030593
6721      0.0021468616534007176
9396      0.002544835956029686
9493      0.0038983181290145772
1052      0.0028804420202145605
9008      0.0072539716448117835
587       0.0037429193989156613
449       0.0014784209324257263
2686      0.0020264496921380565
12005     0.0021099715553963613
2013      0.006163370368352921
3634      0.0018319153046292083
11739     0.0020264496921380565
10033     0.003199150632076655
7227      0.0015819502675886044
7769      0.001573276557194585
11057     0.0032855758651421556
10958     0.0008271293553673201
11606     0.00395991140206332
5727      0.0029596027917006096
9492      0.0026491532063528506
7887      0.0022494131412126033
12093     0.0015561438969866532
1047      0.0034566814132449596
3654      0.004050098898219405
320       0.0052740604674585655
11549     0.001314709791588766
10205     0.0032200907855551874
4513      0.002440049593979372
7423      0.004380176936802416
5402      0.003876946947984056
341       0.002673832999522824
8382      0.002208760780117662
7915      0.004098317003442048
5321      0.0072539716448117835
5768      0.006115257433070346
4957      0.004447071265203952
2249      0.0016173896972757622
6727      0.004218365232864746
7405      0.004518582538181144
1448      0.004867336799943048
4749      0.003119380332585128
3903      0.0016309982386229463
5968      0.0017991809311894114
3267      0.0034304394459383648
1879      0.001672929893965471
2845      0.004678360079065662
9584      0.00395991140206332
11178     0.0029113846864779677
3650      0.0033554789107316245
4970      0.0013664594243962475
2113      0.003404845495122677
