t_index   tf-idf
11689     0.008435398894038269
10988     0.007009442033217316
7797      0.0058005589837525915
4976      0.01468352512202918
8259      0.007726624453167228
1942      0.019689767152653616
200       0.012294065477259086
2613      0.002349397184776909
116       0.008008013929819806
11081     0.012099499091691272
11384     0.01582697485615698
1454      0.01409313778878977
7148      0.031684939834656325
4107      0.035563430175482545
4090      0.02936705024405836
8874      0.002832920432181525
4870      0.010144758860106979
6973      0.013891134900923098
7475      0.0050053537988932004
367       0.0060532736982355125
2877      0.009819647928215424
11836     0.01451197194184177
6816      0.005531775313893987
104       0.00689409424602136
11823     0.007795876808044688
9840      0.015197689057403367
11889     0.03947291063865114
4322      0.0038058167475915556
7484      0.008704182563896873
8036      0.006120156533558966
11220     0.005060667085656249
11881     0.008190018628522686
5963      0.0021714685704078
10958     0.006751309088939748
9370      0.006721381463594122
3762      0.022570140134324918
2610      0.008237416282688266
12171     0.0036037179318910146
7447      0.004098533466651218
8004      0.010339325245674791
6232      0.005605992598184779
1360      0.007636956227634295
2569      0.011585335156317085
9005      0.01143286050794356
7684      0.012728784890444886
967       0.003727475764465707
7667      0.012728784890444886
368       0.003192463725898147
6114      0.0032326939949971186
1520      0.0043279358195196784
1720      0.006777785224536281
3857      0.004808837940041757
10673     0.006547012975758008
4906      0.0069384953357952105
1917      0.0083845850140905
8090      0.01468352512202918
6871      0.01296131732490795
5610      0.01973645531932557
5546      0.02286572101588712
9739      0.007486515545478281
7496      0.018391751023093983
4930      0.016571248384587012
2357      0.005513206534324708
10553     0.006611849481209086
4457      0.011746527258427683
10037     0.012661767921418425
4794      0.0035316219586343425
1334      0.0060976855458348975
6210      0.009026257733649694
9441      0.01354007538790138
10902     0.006585118531891993
1568      0.020678650491349582
3575      0.02594833031192094
1777      0.011746527258427683
1370      0.01424880570884338
737       0.005303231480704896
10742     0.007675854693148499
9503      0.004939354014437066
8028      0.004564638865763686
5116      0.009875975190248375
1322      0.008052425777419192
2069      0.006075392196234938
1798      0.0048373239806139235
6588      0.010472961153038744
3730      0.004617107245048048
8655      0.006611849481209086
12084     0.0034604486153978252
7979      0.010144758860106979
7922      0.006429844782506205
2185      0.007837046795259097
6568      0.011019424924376174
6233      0.005966494727079787
6727      0.0038257468237452995
3863      0.015197689057403367
11690     0.00900130912597918
7888      0.0023082271975625006
11739     0.011027044428647347
5199      0.01143286050794356
5142      0.005841136576460394
11521     0.010144758860106979
4138      0.007378728131066192
6068      0.00689409424602136
6387      0.004657109249624792
3419      0.0038761970786473287
6203      0.0043279358195196784
3281      0.007274909264935477
2915      0.007795876808044688
5432      0.00979178702684339
10633     0.010052288476245874
3571      0.006506413124905932
2339      0.0029041387128588983
7488      0.0038966326321160684
7217      0.003200463998039001
4659      0.009404866962010636
