t_index   tf-idf
8259      0.0025281164995490505
1942      0.010307844107111584
8640      0.0023062459984427037
9627      0.004467467765657737
4881      0.007757462106266731
8471      0.015514924212533462
4641      0.006985242280132274
12171     0.003930400577274902
7447      0.0017880287644880667
1261      0.012708323582089476
8917      0.003797292110028664
11077     0.003926916729180718
9747      0.0021613380028410564
8913      0.0036360885651661357
3659      0.004134930658808292
564       0.005187322822714172
6033      0.007288552658134853
6816      0.0024132957460047426
8932      0.0024789270917611904
1192      0.007094780227704083
11836     0.01688267179636361
6203      0.0018881079779207665
1077      0.005907001727299752
384       0.0022077697767452194
4073      0.0017089276831030627
12196     0.0031300727136899984
6648      0.0032037651566501064
9359      0.0021548456606892584
3569      0.0031444623044244884
4843      0.005660117376821281
3312      0.004375310995881719
1913      0.006523279144246218
3537      0.007025912576331759
6740      0.01285177717517146
5926      0.022353624638674473
6756      0.03873417170652747
11016     0.0038734171706527472
11377     0.04142811548750439
7520      0.0248647714352621
9394      0.005454591407561758
11689     0.02576022665091573
12201     0.005278535014505541
6348      0.0072586200126245745
1686      0.0031444623044244884
8392      0.004425758822822874
11138     0.002996425546569547
10361     0.008610238297949397
2735      0.008610238297949397
12244     0.009021280950900384
9847      0.009657145599299095
3838      0.005199133531218732
3846      0.003266071937687409
10186     0.006216192858815525
9742      0.005199133531218732
3888      0.001116124220473216
5898      0.004346357339536066
4849      0.0035936603612860994
9099      0.0038734171706527472
8450      0.0021876554979408597
580       0.004296774798461245
9729      0.002981989758951536
9904      0.004555383441974929
10326     0.008610238297949397
2362      0.004071824724782365
11691     0.0035526466973523235
3622      0.014517240025249149
593       0.005660117376821281
1802      0.010203102224693048
5274      0.004747971642241845
7475      0.0007278795892630339
10496     0.0029947390542112433
9600      0.0018270890604813622
1444      0.0038734171706527472
3692      0.002181023158521872
6028      0.002679865252164029
3660      0.004271771110860856
11125     0.004271771110860856
5186      0.0048658342676093005
3321      0.00558830411157347
6900      0.0017179740178519304
1237      0.005054225535617085
9759      0.008610238297949397
4953      0.003101788801773282
8705      0.006216192858815525
10558     0.005454591407561758
8159      0.0018881079779207665
9488      0.002263073288650248
6232      0.002445673824703841
9029      0.0020856035743786073
3682      0.0034372218597034303
11236     0.005363416667132859
1360      0.0033317032834438566
10317     0.00399467600193562
4084      0.005907001727299752
1171      0.0021678647872874148
3653      0.003915633179195334
7337      0.0033833316690138255
6035      0.0069046859145840645
12113     0.0029445159183459973
5759      0.0022942597677926657
11690     0.003926916729180718
1508      0.0013315586673118731
2510      0.0069046859145840645
5285      0.004425758822822874
12093     0.0036941886279739816
9264      0.0020021143440018415
11412     0.003945265786814245
10243     0.0023012126169562838
4794      0.003081415193369341
8837      0.009657145599299095
186       0.003474506409442724
807       0.004650068301711331
367       0.0026408049561707334
10544     0.0017179740178519304
4069      0.0056643239337623
3573      0.006094199953714345
7988      0.003822147419681653
11001     0.0016910321532909026
4518      0.004283925725057153
3903      0.0038718881698754366
6607      0.0020613605045903195
2177      0.00280508809208486
11080     0.003847515245893909
7847      0.00280508809208486
8325      0.008472215721392983
450       0.003772929017218699
12181     0.0023284140933774247
7180      0.004134930658808292
7123      0.002936408132986407
9791      0.002593661411357086
2357      0.001202597459328619
11124     0.01243238571763105
7578      0.006051909722901398
10327     0.006630153299830364
6150      0.002981989758951536
11863     0.004040103446160826
9371      0.0007545592799203246
8822      0.0014793717315188751
7160      0.004425758822822874
2823      0.007757462106266731
8379      0.0030605459684278856
10068     0.005359730504328058
5825      0.005660117376821281
7322      0.013000787722217074
3762      0.0065643089342512515
11297     0.005907001727299752
2036      0.004346357339536066
9441      0.005907001727299752
6649      0.004346357339536066
208       0.004098831579145719
75        0.0024873827675387034
5854      0.008610238297949397
6010      0.008610238297949397
7850      0.017220476595898794
11549     0.0015605195543220763
4632      0.005553067629259242
3669      0.006405843820941908
11930     0.0023739858211209225
9578      0.004385417635529361
10155     0.004308499091496458
6950      0.0034935811478533996
9849      0.002298944517174118
8558      0.0030605459684278856
9370      0.0029322740662705233
7570      0.0069046859145840645
11605     0.005907001727299752
599       0.0069046859145840645
6120      0.005553067629259242
11951     0.008610238297949397
331       0.0027408841696034327
5953      0.0027725673621034714
9222      0.007757462106266731
3209      0.004807341185138614
6939      0.0069046859145840645
4485      0.005660117376821281
8390      0.002969371227998987
9824      0.0028705934288024895
5640      0.003572982631140209
1467      0.003954564993455948
3497      0.0030878870043377464
10570     0.004601815215879092
2360      0.010557070029011082
10119     0.0033149643043772267
7797      0.002530555477331159
10882     0.0019359440849377183
2813      0.0030878870043377464
8874      0.0012358916333029882
7888      0.0010069886357638104
2877      0.0021419628625285766
2090      0.003474506409442724
758       0.0013020694690065921
3419      0.0016910321532909026
509       0.0034372218597034303
2637      0.0020258687361995598
677       0.005553067629259242
7552      0.0021165950363163204
7408      0.0034372218597034303
3736      0.0022145482841556736
1322      0.0035129562881658794
1139      0.006051909722901398
1219      0.0037256041064457454
1807      0.004385417635529361
2836      0.005278535014505541
1527      0.004810665274820655
449       0.001754839577015239
10008     0.002981989758951536
2625      0.0023284140933774247
5248      0.006216192858815525
3524      0.0033149643043772267
5142      0.0025482578832150163
10910     0.0014571368615843964
8478      0.004385417635529361
8135      0.003847515245893909
6166      0.0019857156531771455
3745      0.005907001727299752
9930      0.0020434866408310924
8064      0.004650068301711331
7199      0.0032037651566501064
4982      0.010844074721925213
12140     0.01065794009205697
7851      0.008610238297949397
7524      0.016363774222685274
2681      0.0072586200126245745
4980      0.011320234753642562
5351      0.0019800849981190336
825       0.00940058287515315
5929      0.008610238297949397
5062      0.008610238297949397
2777      0.008610238297949397
3139      0.008610238297949397
11360     0.008610238297949397
11176     0.008610238297949397
