t_index   tf-idf
3692      0.002126798825851439
8106      0.0037545781040676744
11219     0.005069873305304454
4906      0.0059034711696821125
8259      0.0057522798069849935
273       0.003369807137111239
4163      0.062006640149729
8034      0.007068954670664076
8822      0.002885183542685983
11000     0.013603376606387564
11910     0.0021863006983821286
7174      0.003425617595918661
6176      0.009375643305822821
3260      0.004442128052533563
7929      0.02411369339156128
3860      0.003425617595918661
8315      0.0028833671949684728
4417      0.004084570074845354
4270      0.00839617159993408
9264      0.0039046760410643643
9359      0.004202544299576288
8659      0.0028713097214810414
8344      0.0059014478789618605
10259     0.002400973491108231
5501      0.020440344947937842
3646      0.004130790261949894
8907      0.02058920287425918
9791      0.0025291781165995893
8287      0.002682950987375623
6766      0.006683022172242955
3787      0.005519396226568818
9272      0.005519396226568818
6161      0.002292538963075984
4794      0.0015024027116842227
2997      0.007564597026276674
9199      0.004276387915309017
3379      0.005760142568333736
618       0.008476597463294095
9505      0.0029713433475982926
647       0.008712796250150171
5149      0.004928567994676328
8320      0.0028713097214810414
12131     0.004356398125075086
8904      0.0030804829644040205
7497      0.006341902789329757
2179      0.007824115076122854
6269      0.0059014478789618605
10006     0.00839617159993408
11001     0.0032979798348712077
8536      0.0032654188473615156
10250     0.002642620853203555
8538      0.006061646627519006
8411      0.004165566856723431
7222      0.003524823551417679
7930      0.00839617159993408
704       0.0017482705490115525
9488      0.0022068090356175065
11675     0.0029844550465608936
9004      0.004997141430380837
6469      0.005147300718564795
1743      0.0020824773761557
45        0.006246582510476501
4978      0.0026132387679942046
443       0.0045556368570632
2254      0.006246582510476501
10246     0.002824256298003748
5436      0.0022999675224980314
4966      0.0016064426034313394
3251      0.002113967596443252
4027      0.0020949744528409105
6767      0.004130790261949894
2024      0.0038292862027646227
5710      0.0025473558660783777
6204      0.003388123653406855
4867      0.007564597026276674
11250     0.02269379107883002
1686      0.0030662850648117248
10068     0.0026132387679942046
368       0.0027162398551840586
167       0.0037518587895042812
1430      0.004201381710768646
5107      0.0026132387679942046
1913      0.0021203660570155753
8959      0.0018462603781889526
12111     0.0038294718220873714
3330      0.004583433363161688
2150      0.0024849034054555265
3888      0.003265125827295955
587       0.0021661370554498095
4137      0.003894808663122686
1726      0.002433844273704109
8036      0.002603602503226742
1520      0.0018411660668674874
8187      0.0014389507715421262
1229      0.003777116743758065
5502      0.004096993421018922
5110      0.004356398125075086
7754      0.003484151571249982
7981      0.006928642453952321
2336      0.006061646627519006
2339      0.0024709246507197253
7488      0.003315366990861185
10667     0.005519396226568818
9723      0.0036329785899871492
3133      0.004356398125075086
6119      0.004201381710768646
12171     0.002299610061510564
7447      0.0017435750106748274
6354      0.0037518587895042812
10415     0.002920284215846875
10943     0.002847552340923258
405       0.004534458868795855
4909      0.004534458868795855
10037     0.0026932489777602726
4865      0.006465315234364968
6166      0.0019363470319655588
9845      0.003777116743758065
1360      0.0032488708813692853
5989      0.0025291781165995893
11680     0.0052300720538616
553       0.006733022452619267
356       0.003777116743758065
2357      0.0023453972549337156
621       0.002063972507789119
3276      0.004398497480204193
9814      0.003777116743758065
2750      0.006465315234364968
6367      0.007078157084133907
11027     0.004279537547881771
226       0.0023225332381815317
5192      0.00839617159993408
8395      0.006733022452619267
5411      0.007078157084133907
674       0.0056337406607075615
3810      0.006465315234364968
7455      0.012930630468729935
635       0.002662616457965763
8262      0.002642620853203555
5431      0.005069873305304454
25        0.0028127757461497214
7972      0.003444813341651611
5259      0.002270525345199533
7932      0.003702884295138448
7888      0.000981953006697859
5373      0.0052300720538616
11912     0.002539395152261475
6107      0.002997711629107216
1107      0.004130790261949894
7914      0.007078157084133907
11115     0.0032821982609311097
40        0.0036558308716611544
2226      0.005625551492299443
7165      0.001981201172492315
2178      0.004000965503175795
507       0.004534458868795855
6022      0.0041402182752133644
5963      0.0018475478444353658
3321      0.0027246841869964567
9196      0.004115734215549968
1130      0.006061646627519006
11815     0.006061646627519006
8931      0.0052300720538616
7790      0.003109393002189007
3573      0.0029713433475982926
10910     0.0014209097020422428
9849      0.0022417884380178553
6900      0.0033505239132692343
324       0.0025291781165995893
2063      0.0017021222244180364
11238     0.0007520946218065102
208       0.001998463463312761
3419      0.0016489899174356038
5640      0.003484151571249982
4162      0.0032488708813692853
10122     0.0032005539416998506
1798      0.002057867107774984
11758     0.003912057538061427
6897      0.003940967575846413
927       0.002824256298003748
3981      0.003856247079254005
2320      0.0031693909295183883
9379      0.0033517660676113557
10501     0.0029455421701006586
6696      0.002213723801235751
509       0.0033517660676113557
10099     0.002746108122622872
3340      0.003012483564407151
705       0.004442128052533563
6011      0.0030986056551507942
11984     0.002565813284190299
11681     0.00246764111463508
10885     0.002459102227957893
3903      0.0018878128784061174
10805     0.0025940430222612548
6535      0.001688616920296542
6424      0.0048021660870501545
5409      0.004997141430380837
4102      0.003333992283066024
313       0.0032654188473615156
9509      0.0025291781165995893
707       0.004442128052533563
9907      0.004315726144907388
737       0.0022560708509076076
8686      0.0024422046456107054
5991      0.003940967575846413
11024     0.001947404331561343
2261      0.002152880472903487
2177      0.01094139333155752
10933     0.0019308563655691129
10958     0.0009573679555218428
9824      0.001399612541943755
11582     0.004064122638423044
7725      0.004130790261949894
8160      0.002958373399508845
8159      0.0018411660668674874
11138     0.0014609643894185772
8837      0.003139016939735341
4513      0.002824256298003748
6918      0.004032128515357256
5173      0.005147300718564795
7915      0.004743632111718834
3282      0.0032488708813692853
1590      0.004356398125075086
1189      0.015129194052553347
3656      0.0032005539416998506
2160      0.0034643212269761603
670       0.00273534833288938
7561      0.0036329785899871492
6973      0.001969829442672336
4286      0.0018720615556865863
11291     0.005415007936819095
1730      0.004096993421018922
8558      0.0029844550465608936
6740      0.004177419284378937
2376      0.003333992283066024
460       0.004997141430380837
1056      0.003504315214182301
4896      0.0025024177094086176
1387      0.005760142568333736
10345     0.0021930979319391914
11884     0.001537404794385037
6690      0.00839617159993408
10516     0.012714896194941141
7680      0.008974810890637123
9032      0.006061646627519006
7123      0.0014317017554477925
1367      0.004687821652911411
11989     0.0032488708813692853
2447      0.002642620853203555
671       0.003333992283066024
3281      0.0030948509027626057
2281      0.0032654188473615156
4064      0.005147300718564795
1536      0.004032128515357256
11158     0.0030948509027626057
7718      0.004583433363161688
11913     0.003388123653406855
5060      0.006465315234364968
10087     0.0048021660870501545
10094     0.005076465126907664
8154      0.006465315234364968
