t_index   tf-idf
6900      0.011551330062890124
11516     0.022289943950858274
12171     0.005285452966773488
2262      0.014361287639370305
8785      0.019028775562075356
7929      0.047505616368681274
7430      0.011745087097069049
707       0.01531476528587762
8259      0.00849928689848395
273       0.023235622545414638
4163      0.023752808184340637
7150      0.007445100421970979
3419      0.005685089048682749
7         0.025699391221859495
1052      0.022988670599426685
1100      0.05789360227002167
10988     0.005140257491026032
4161      0.08684040340503249
4896      0.008627382960056378
953       0.008086499247674721
10947     0.01616182322241839
9500      0.005036848656852619
4960      0.011433952651798876
11000     0.01563308676670571
5501      0.03523526129120714
6311      0.005410689601116177
10492     0.016556039271544344
11158     0.010669866921905366
4137      0.006713908266906727
619       0.0177459320011472
11057     0.013111012261852984
5727      0.011810224473548146
1955      0.005962993858046528
10943     0.009817275689659235
10037     0.009285296475706846
9845      0.013022059630861142
6166      0.00667578691020507
10786     0.010926852537958637
9196      0.007094741838233755
2475      0.01635423642325922
8686      0.008419791254391195
10285     0.0177459320011472
1743      0.007179588668270128
10335     0.01563308676670571
3340      0.010385895717289418
8805      0.008140216079605129
11684     0.014878979661490236
9747      0.007266212523837076
5330      0.00950496603826583
1798      0.007094741838233755
485       0.007179588668270128
1315      0.01368908693188738
8111      0.013487284083602256
11409     0.012012027321833273
6028      0.009009451752513354
8382      0.008814007303517148
2729      0.011089074816994641
8959      0.00636520244670858
5005      0.012012027321833273
9029      0.007011600588149032
2737      0.010669866921905366
8034      0.006092765692334276
8904      0.010620331743945291
443       0.007853050201223231
6930      0.008537136370686116
2063      0.005868269002279327
7497      0.007288154951547213
4210      0.011200869133863632
3885      0.014612039436726013
2261      0.007422311725629166
2177      0.018860878028684868
2613      0.0034457825376728
208       0.006889940702087804
9264      0.0016827294367444047
7339      0.010720002540880196
9199      0.014743356431827281
9505      0.010244059922196019
647       0.015019201155020775
621       0.00711579093161582
11675     0.01028926406528613
10673     0.004801142848889206
509       0.011555612537860104
11022     0.00973695980835578
1913      0.007310214406091793
67        0.009009451752513354
583       0.01390124307199359
7217      0.004694013863790535
