t_index   tf-idf
8259      0.00877795204269654
273       0.003999574372571372
4163      0.053151775691188466
11984     0.001522662965371948
12171     0.0027293732533338506
705       0.0026361481229789344
9196      0.003663678162366611
2475      0.0028150734826921605
8686      0.0014493083306738941
6900      0.0009941718496749696
2320      0.0037617033327398577
9379      0.005967242540042513
9264      0.0046344023831649175
11000     0.008072823494282457
3250      0.0012815336791917257
6880      0.002371946799079408
12111     0.005681429506539461
8904      0.018280898903512387
12044     0.0016898589301872452
4966      0.00381332604880095
5436      0.00272979751850586
1322      0.004065814982696903
12133     0.002288461381458934
10246     0.006704136261490864
2164      0.006368709884786725
443       0.005407018171334028
6311      0.0018626964200563886
3251      0.0012545184752663235
7929      0.02453158878054853
8287      0.0031843549423933625
6766      0.002643993471422896
9488      0.005238458169793688
11675     0.010626616985459447
9004      0.002965516717701415
6469      0.012218510558166924
405       0.0026909411647608188
4909      0.0026909411647608188
5501      0.00808678127994918
9824      0.0024917692140178985
4137      0.0023113454689351024
621       0.0024496985174415117
10289     0.005940165316760128
10099     0.0016296576071958685
3340      0.00625707651820305
4787      0.0027122180812202603
509       0.0039781616933616745
7207      0.0014303926116588683
6011      0.002758267001224396
10673     0.0016528524561749724
7425      0.0007841192385689855
5640      0.0041352880944016185
3646      0.0024513870079112487
3787      0.003275444973799856
9272      0.006550889947599712
4347      0.002669196188361555
8659      0.0017039575724198967
8256      0.004111751751361869
2177      0.009739633736124154
11196     0.001351754542833507
5799      0.001060192075272904
11835     0.001906663024400475
7396      0.0031037476778654084
8320      0.0034079151448397934
2738      0.002509036950532647
7227      0.002173236597113525
49        0.002304828956715657
11106     0.0031565094538840988
7932      0.006592348105771074
7888      0.0005827327679092214
11001     0.002935742705467321
8536      0.005813516177433781
10250     0.003136487701179302
8538      0.0035972394740358695
8760      0.003233887461287598
6588      0.002643993471422896
2463      0.0016624725473956834
8874      0.0007151963058294341
4255      0.0017789698520275612
4960      0.0019681393908834127
3378      0.0015861182161803471
7426      0.0011276473530686547
7097      0.0013604903354647643
4641      0.002694853032663052
10087     0.005699620077089036
2365      0.0020442990650457104
4376      0.0022034695021315347
4047      0.0023215816865216994
2658      0.001309614542448422
7214      0.0024720249215309537
5107      0.0015508072688752493
1913      0.0012583155944912103
5332      0.0022118328510616777
758       0.000753492659933323
11863     0.0011689807512252225
11970     0.0013345980941807775
4970      0.000938600817741029
10147     0.002610255881694947
6444      0.0026361481229789344
3360      0.00383679363088544
2358      0.0035972394740358695
11412     0.0007610266790958624
10243     0.001331685334074702
12084     0.0017472429074467705
7525      0.001574152251030348
368       0.0016119325042239824
5323      0.003275444973799856
9955      0.0034183141143226434
11100     0.006817384944594067
5142      0.001474647594712952
8317      0.00383679363088544
9956      0.0044891543008396
7847      0.0016232722893540254
2249      0.0011109611199320397
7376      0.0044891543008396
1520      0.0032778792600296584
374       0.0021833507263577063
4520      0.0020558758756809344
580       0.0012432471343088681
4162      0.00192801845746833
5330      0.0016361007115047739
1798      0.0012212260541222036
11758     0.0023215816865216994
6897      0.02572611948691872
4016      0.0007802180881667647
7447      0.001034711727646373
9557      0.001999787186285686
3419      0.0019571618036448805
2647      0.0018366164373771528
5406      0.002515187116157756
3897      0.0028150734826921605
7319      0.0019681393908834127
2226      0.0016692210165675397
3888      0.0032294413920249615
4092      0.0024118235985395773
11194     0.016716509173574895
637       0.00478567384445681
8959      0.0021912992029652486
7411      0.0016232722893540254
3708      0.0016044529161025006
647       0.007755816989887777
1043      0.0021974493685903576
7718      0.008160014151464908
2109      0.002356318242374057
2261      0.0038328331042183396
320       0.0018113371605451957
5963      0.0016446204582432847
11912     0.001506985319866646
7497      0.005018073901065294
10958     0.0005681429506539461
11024     0.0011556727344675512
6571      0.0019681393908834127
8837      0.001862826446203596
10522     0.0012069148553371283
8506      0.0020329074913484515
10144     0.0027503053822271217
6114      0.000816122746277961
8157      0.0016232722893540254
8160      0.0035112497397449247
2386      0.0044891543008396
9791      0.0015009220954246743
8187      0.0025618041604831957
10426     0.0019378387258112602
6535      0.003006291763019746
2834      0.001725643253950643
4049      0.0020041945086798304
8261      0.0011393800745754532
1538      0.001444346929640799
279       0.0031037476778654084
11002     0.003054627639541731
1262      0.005326035315427276
9207      0.002515187116157756
313       0.0038756774516225203
4102      0.003957066250720986
5363      0.001574152251030348
4088      0.002431330521981721
635       0.0015801100947272235
5091      0.0035972394740358695
4417      0.0024239579788426532
5005      0.0020676440472008092
9029      0.0024138297106742566
7466      0.003995662504669139
5598      0.004200480105666352
9339      0.0089783086016792
12181     0.001347426516331526
67        0.0015508072688752493
10553     0.0016692210165675397
1871      0.005030374232315512
130       0.0034183141143226434
3616      0.0019477963450115767
1279      0.0034183141143226434
4534      0.0028150734826921605
7725      0.004902774015822497
8048      0.0015117095467547094
9112      0.0020796100123508083
2316      0.002663017657713638
2416      0.003008678912328217
6132      0.001378290216756909
10485     0.0019578952117407875
11582     0.0024118235985395773
8106      0.0011140633390758182
6853      0.002585272329962592
5308      0.002663017657713638
6042      0.002431330521981721
11158     0.0036732328747543057
40        0.002169525861543177
8349      0.002256813586056661
11881     0.0020676440472008092
9199      0.002537790861216171
9505      0.0017633217898861998
2447      0.001568243850589651
6022      0.001228490996415769
671       0.001978533125360493
618       0.002515187116157756
7680      0.002663017657713638
3281      0.0018366164373771528
2281      0.0019378387258112602
4064      0.003054627639541731
10516     0.005030374232315512
1367      0.002781953177629395
11910     0.0025948880420141986
10933     0.001145852466124621
11271     0.003995662504669139
2826      0.003995662504669139
1536      0.002392836922228405
8034      0.0031462642509595034
11913     0.002010656987759478
10094     0.00301259078023045
8154      0.00383679363088544
5060      0.00383679363088544
5502      0.004862661043963442
2357      0.0013918586988295163
6003      0.004200480105666352
1726      0.001444346929640799
8036      0.0015450886986361977
4027      0.0012432471343088681
6767      0.0024513870079112487
10259     0.0014248400061986552
6204      0.002010656987759478
2024      0.002272461648198022
5968      0.0012358308363415794
9359      0.0012469844561037839
8822      0.000856095444633054
7174      0.0020329074913484515
6176      0.002781953177629395
3260      0.0026361481229789344
3860      0.0020329074913484515
8315      0.0017111129911124379
1229      0.0022415020676072456
5110      0.002585272329962592
7754      0.0020676440472008092
7981      0.0020558758756809344
2336      0.0035972394740358695
7488      0.000983740041550614
10667     0.003275444973799856
9723      0.0021559643435661445
3133      0.002585272329962592
6119      0.002493278982456147
6354      0.0022265129209845078
10415     0.0017330211248140473
10943     0.0016898589301872452
10037     0.00159828873762167
4865      0.00383679363088544
6166      0.001149110861592676
9845      0.0022415020676072456
1360      0.00192801845746833
5989      0.0015009220954246743
11680     0.0031037476778654084
553       0.003995662504669139
356       0.0022415020676072456
4500      0.0029248223181521818
944       0.0013873598701994682
3720      0.001978533125360493
477       0.0019681393908834127
6209      0.002663017657713638
11027     0.0025396599874314774
226       0.002756580433513818
9509      0.0015009220954246743
485       0.0012358308363415794
1315      0.002356318242374057
5991      0.004677476270348858
10544     0.0009941718496749696
11684     0.00256113584337127
6014      0.003054627639541731
6578      0.001978533125360493
3931      0.0019378387258112602
2749      0.001740476252274245
6028      0.0015508072688752493
11484     0.003054627639541731
6402      0.0026361481229789344
6882      0.0016044529161025006
5979      0.002610255881694947
10618     0.002965516717701415
704       0.0020749965204661706
4150      0.0035972394740358695
6740      0.0024790586572871723
78        0.0030901773972723955
6138      0.0018280898903512385
10175     0.0028863287183988656
386       0.00256113584337127
5387      0.0009734588785287535
10608     0.0031037476778654084
2958      0.0024118235985395773
3692      0.0012621330737020015
2439      0.0016692210165675397
2110      0.0028150734826921605
8592      0.002256813586056661
2918      0.00190877517341711
10148     0.002781953177629395
2637      0.001172346989964663
10177     0.0027503053822271217
11042     0.0031037476778654084
9863      0.003502170708498678
8333      0.0031037476778654084
7108      0.0063130189077681975
11075     0.0019378387258112602
2803      0.00159828873762167
2592      0.002585272329962592
8886      0.002585272329962592
2685      0.001568243850589651
1955      0.0010264169755653857
8801      0.002338738135174429
5302      0.0017711028309099076
8388      0.002256813586056661
4842      0.0024118235985395773
3310      0.001899345126057944
4794      0.0008915898059503093
2682      0.0014493083306738941
6034      0.002849810038544518
8665      0.0031037476778654084
11323     0.0034183141143226434
11079     0.002781953177629395
12064     0.0013137180590940029
10885     0.0014593360762635364
3903      0.0011203086262016632
10805     0.0015394156951779904
6424      0.002849810038544518
5409      0.002965516717701415
5351      0.001145852466124621
7393      0.002272461648198022
3984      0.003008678912328217
6509      0.002493278982456147
5090      0.002288461381458934
1527      0.0013919383950915503
5366      0.0035972394740358695
2925      0.003275444973799856
11149     0.0031565094538840988
3458      0.0024720249215309537
11681     0.0014644034155703264
7339      0.0018452463390039682
8918      0.0013055345417866274
6321      0.004200480105666352
2179      0.0023215816865216994
3810      0.00383679363088544
7455      0.00383679363088544
6827      0.004200480105666352
10882     0.0011203086262016632
3449      0.001485041329190032
7400      0.0020558758756809344
2112      0.001676034065372716
5160      0.003995662504669139
9880      0.0037069883094958908
12025     0.003008678912328217
1910      0.002720004717154969
