t_index   tf-idf
8259      0.005832843949939966
1942      0.02378215012947966
11884     0.010912559520929085
4906      0.010475767467769239
4870      0.030633193420715188
2613      0.00709425816579694
11739     0.016648674921683246
11689     0.07641478998128784
6022      0.014693715839482726
1793      0.032185766872629404
6762      0.03253338975420649
1879      0.013744267168069261
11001     0.011704595100229188
1477      0.04589106107529644
7217      0.009664146190156982
7201      0.024589887924811177
11136     0.03546990583917379
11063     0.02046625342310955
4113      0.028183414271532838
11732     0.032185766872629404
5412      0.047791257408787736
2357      0.008323860845941226
6311      0.011139655061121538
6233      0.0180164742739272
8338      0.029320511271095324
5963      0.0065569835263294355
12171     0.010881814931592475
3282      0.023060612922660418
3039      0.059596355277963475
931       0.01919051527102991
7488      0.023532604915524488
8920      0.02118377895794203
12093     0.012784790055635445
9852      0.059596355277963475
7892      0.020640046762939065
7888      0.0069699409495024515
7447      0.01237596380126054
6614      0.025019335796337253
11836     0.01460682143165773
9264      0.003464442958003186
4164      0.04589106107529644
8174      0.026283217938041534
676       0.036535742355303054
4027      0.014870210822125678
5385      0.02956735690458592
9992      0.02956735690458592
