t_index   tf-idf
8259      0.0034997063699639796
1942      0.028538580155375595
9371      0.006267280607338225
11136     0.04256388700700854
11063     0.012279752053865731
4113      0.0169100485629197
11689     0.07641478998128784
10415     0.012436975131018456
11884     0.006547535712557452
4906      0.006285460480661543
10910     0.006051403672226964
2613      0.004256554899478165
5928      0.026603092574029333
11739     0.019978409906019897
2787      0.013368519202166982
329       0.011382730727882491
5145      0.01730838111893108
8972      0.019520033852523894
9264      0.004157331549603824
4164      0.027534636645177864
8174      0.01576993076282492
676       0.021921445413181834
4027      0.008922126493275407
5385      0.01774041414275155
7488      0.007059781474657347
9992      0.01774041414275155
6311      0.006683793036672924
2074      0.01324235607991083
5363      0.011296857330923674
1979      0.015873153401736746
338       0.004245832236894391
10684     0.009923699609022393
2281      0.027813685241055736
3861      0.016634721394365455
6816      0.010022275274584401
368       0.011567986206783874
10008     0.012384028057763438
11836     0.008764092858994639
7475      0.0030228411177629527
2402      0.026117533963808105
9847      0.013368519202166982
10037     0.011470072117049632
8004      0.018732424562751974
967       0.00675330903209081
4457      0.02128194350350427
8685      0.010887891374932946
11690     0.016308254181185807
4417      0.00579848771409419
5223      0.017592306762657196
11706     0.01774041414275155
5799      0.007608437246076134
7888      0.008363929139402941
10339     0.035757813166778084
580       0.008922126493275407
6990      0.019520033852523894
11138     0.0062219895172885295
11071     0.022652597257285887
1261      0.017592306762657196
3762      0.013630594434062893
3251      0.009003014940146556
10110     0.014670852113857451
4193      0.01288154643559963
12196     0.012999007858030227
6098      0.016308254181185807
7207      0.005132585253599468
3500      0.015472214700886448
1560      0.00985902346889042
5287      0.026603092574029333
2105      0.01996460515710507
