t_index   tf-idf
8259      0.006449323391803539
1942      0.014791337275651986
3940      0.004121680702705284
4906      0.0043436109012701726
11689     0.028163716632669776
3250      0.002118524510316945
6880      0.0019605522323014077
3419      0.004853124797656006
4870      0.0042338560012370585
6818      0.003520464579083722
10772     0.00272626114820918
2090      0.0033238503049682427
3984      0.004973696846938245
4286      0.0018365481928415835
7797      0.007262488483722757
368       0.005329424539710728
12031     0.007911276545037002
7780      0.007732413346647163
4376      0.0018212959299461196
2822      0.0027706796202638393
2249      0.0018365481928415835
7781      0.0063426669778865
1017      0.0026121061186547595
4193      0.008901881683137956
7888      0.003853300687529811
11412     0.0025161315677424178
10243     0.0014676206933795267
11001     0.009706249595312012
1714      0.004973696846938245
2076      0.005414692233110873
1793      0.022242196619296745
6762      0.026978908576659046
1879      0.009498070807202335
11912     0.002491222344494997
40        0.003586479066507691
4739      0.001966251758284509
758       0.0012456111722474986
11970     0.004412492343903926
4970      0.0015516165279729748
10317     0.002547643412255237
11290     0.005130856594845255
10484     0.004157897400694393
11238     0.0007378272441570642
6900      0.0016434819195168874
11675     0.00292783936817085
4406      0.003305881256461432
1538      0.002387673786127066
8882      0.002602257108749356
4305      0.0026320548981842154
1451      0.0028286691722996943
2443      0.0035420605944530316
10647     0.0030504072270797307
2063      0.003339665285850023
1979      0.003656417450264562
8061      0.005946656041089107
10958     0.0009392065037910762
7207      0.004729211344779998
10673     0.0027323577188800357
7379      0.005218077958995394
7425      0.0025924809513662933
338       0.0009780372361409845
9264      0.003351778146360806
3073      0.0038101508498551507
10882     0.005556002129943208
4641      0.004454906097356265
12127     0.006943883101508061
2917      0.008236894631913651
8226      0.003520464579083722
3340      0.0014776680898582503
3007      0.004121680702705284
3962      0.0038378450644396657
3341      0.0030794691929110934
11785     0.0033238503049682427
6022      0.0040616775491253065
4646      0.008236894631913651
6011      0.003039824518061213
232       0.002158200733034804
4016      0.0025795828389253467
7475      0.002785273658643371
10345     0.006454483344406401
8755      0.0025828029498682625
876       0.0020738652301150605
10119     0.0063424520295130675
6203      0.0036124775946126315
2613      0.001961014452334114
4050      0.005650871571102473
9265      0.009197785573734043
10094     0.0024900818102175804
11057     0.003730775846868735
11115     0.0032199343372820103
580       0.0020552323900498905
1948      0.005312284209020359
6136      0.004973696846938245
10522     0.003990341798133595
3565      0.0014701476181651007
2911      0.005526867531642649
3347      0.0063426669778865
8923      0.0057894962931820965
5609      0.009542875437524705
2376      0.0032707458169916014
6721      0.0024377643164631454
4966      0.0015759680824990376
3944      0.0036326398776154968
2339      0.0024240507413564785
6020      0.0019492353199595748
4027      0.0020552323900498905
11158     0.006072281988076224
5488      0.0038378450644396657
2134      0.005650871571102473
7322      0.006218533964691906
5825      0.005414692233110873
8159      0.0018062387973063157
9196      0.0020188289783591986
619       0.00504965544748091
5893      0.003730775846868735
3885      0.004157897400694393
8338      0.004052428387061956
11063     0.0028286691722996943
213       0.003656417450264562
1399      0.004384635218416603
3654      0.0045988927868670215
8592      0.003730775846868735
6817      0.003520464579083722
3571      0.005430827215368636
1527      0.0023010363712895545
9720      0.003730775846868735
9723      0.007128120593904326
11881     0.0034180565549932077
9396      0.0028896646763589117
10566     0.004086545263235452
12038     0.009542875437524705
8687      0.0061280836552642095
10903     0.004586935072204203
11521     0.0042338560012370585
11690     0.007513287834150642
6132      0.002278474342064267
10385     0.004289652318776859
4659      0.00785013285717961
7339      0.0030504072270797307
9729      0.002852689389999708
354       0.005526867531642649
1508      0.002547643412255237
1045      0.00313983882627465
11922     0.003656417450264562
367       0.007578895524620073
9371      0.0007218412623628037
6233      0.0024900818102175804
12111     0.0009392065037910762
6114      0.0013491460033321306
8801      0.0038662066733235814
8874      0.0011823028361949994
10609     0.008236894631913651
10519     0.008992969525553014
2236      0.00746155169373747
8143      0.006535655872102344
4608      0.005414692233110873
10129     0.004835072124858621
9862      0.005218077958995394
5264      0.008236894631913651
1011      0.0028051293913102836
1917      0.0034992577023575523
6098      0.003756643917075321
217       0.003564060296952163
1454      0.0029408444708314695
12087     0.002412452592197174
877       0.0063426669778865
10446     0.004121680702705284
1556      0.0047714377187623525
6151      0.0043150571486014035
11101     0.004653644510683517
4748      0.008236894631913651
191       0.0033420979544505416
12171     0.001503990681602212
431       0.005414692233110873
729       0.003437837689794019
3142      0.004973696846938245
11836     0.004037657956718397
4722      0.0057894962931820965
2824      0.008236894631913651
10988     0.0014626748958204156
9645      0.00785013285717961
5342      0.0027482608507083113
11927     0.0017478656865851513
8375      0.0042338560012370585
10210     0.0044022785127515425
7314      0.005218077958995394
4767      0.004273756426225423
10413     0.008236894631913651
2605      0.003520464579083722
1777      0.004902344709479304
331       0.002622038243550167
2463      0.0027482608507083113
7488      0.0016262369250565705
4146      0.003036140994038112
4620      0.0025731951429179925
3137      0.002662626742112912
1467      0.0037830933406231703
6609      0.008236894631913651
7692      0.0042338560012370585
1052      0.0032707458169916014
11024     0.0019104617019653285
3888      0.003203185770951588
1367      0.0045988927868670215
618       0.004157897400694393
7680      0.0044022785127515425
3281      0.003036140994038112
4064      0.00504965544748091
927       0.0027706796202638393
11739     0.0023010363712895545
9824      0.0013730616265139278
3720      0.0032707458169916014
5963      0.0018124995113430959
2326      0.0038662066733235814
6166      0.0018996141614404669
3537      0.0033606329802779275
6740      0.0020490864240449527
9370      0.0028051293913102836
3001      0.004273756426225423
1088      0.004711068085398797
10563     0.003586479066507691
12084     0.0014441980671307995
10992     0.005610258782620567
6663      0.005312284209020359
5436      0.002256336702288042
10881     0.00221327275888497
2411      0.0036326398776154968
4070      0.0057894962931820965
4140      0.0061280836552642095
967       0.0015556402919450374
6138      0.003022045618195814
7430      0.0033420979544505416
11081     0.00504965544748091
7049      0.0025731951429179925
4930      0.0034579569799815715
8828      0.0035420605944530316
1327      0.005414692233110873
6088      0.004273756426225423
8174      0.0036326398776154968
682       0.004973696846938245
6588      0.002185414657951174
6777      0.002662626742112912
3417      0.00504965544748091
9117      0.005946656041089107
1644      0.005946656041089107
527       0.006605295739425948
5517      0.0034992577023575523
842       0.0061280836552642095
7954      0.006943883101508061
6387      0.0019436174104125147
10998     0.0074210951856698
8814      0.004357860040696883
4113      0.003895268639154945
5005      0.0034180565549932077
9029      0.0019951708990667977
