t_index   tf-idf
11238     0.001479664418988895
8187      0.0028309792353165743
6616      0.0038204042680848238
4726      0.011610457240131485
7094      0.013246489825261819
1520      0.007244588219630766
3857      0.004024788275904513
8692      0.012719804971957165
2097      0.011332454400743546
4385      0.013246489825261819
8573      0.1986973473789273
11930     0.009108880378866148
758       0.002497991970431125
11689     0.021180186353509132
3888      0.00428252010681571
1137      0.008195300011597184
7769      0.0035826243340463648
1942      0.04943843708981506
5963      0.0018174247817543544
11912     0.002497991970431125
11739     0.00461457837503177
8259      0.0016167121817768383
9824      0.0027535855444763007
11836     0.024291779120039485
6818      0.014120124235672753
1295      0.010805338482494344
9492      0.006032582573162197
6663      0.010653439527872349
8299      0.00482133573257109
11075     0.006424356645352547
873       0.021306879055744698
2416      0.009974424655001155
2164      0.005278414442554215
5759      0.004401487489297886
2060      0.009222779556271363
10572     0.011691590128593282
6011      0.0030480849107733356
4111      0.005238408466215251
12093     0.0035436102871598246
5120      0.009332580567620749
3398      0.007431066637176194
11035     0.011083772386826833
3862      0.015282018082571201
11205     0.02385126173002044
6303      0.01823572046911461
4906      0.005807218922350339
3861      0.007684518035440563
6102      0.009916405660992712
147       0.026492979650523638
8106      0.003693362156718745
2063      0.003348740463257224
1581      0.007285022363261512
10377     0.0094477398016965
5254      0.009831332596727516
7694      0.016826656797194178
3790      0.005258326694945716
2916      0.013246489825261819
4322      0.003185303147440758
12012     0.004645232001948578
10958     0.0018835173907549298
6073      0.005298674619289232
2249      0.0036830776258616536
4794      0.002955814030596134
4752      0.010126754674567695
12113     0.005648989778131179
11402     0.009017406942742017
10601     0.012289472113002681
4741      0.013246489825261819
1394      0.013246489825261819
1171      0.004159001466915529
10667     0.010858812141401697
10504     0.00806038923048288
1393      0.013246489825261819
9717      0.009831332596727516
11898     0.011332454400743546
851       0.007481827649426973
4641      0.0044670118204469065
5795      0.013246489825261819
4566      0.007285022363261512
3240      0.011610457240131485
10971     0.006894359280076048
589       0.013246489825261819
4363      0.00956880716425711
3281      0.00608878275434817
3498      0.010653439527872349
4016      0.0025865925749006874
7132      0.007332706734497953
71        0.010858812141401697
6030      0.013246489825261819
5248      0.01192563086501022
9605      0.013246489825261819
8018      0.009831332596727516
10231     0.01574292947988737
4659      0.007871464739943684
2546      0.012719804971957165
4960      0.006524809937167836
3802      0.010464515037333153
2095      0.013246489825261819
12196     0.006004976456155268
11690     0.007533704377178226
12062     0.00681567545742049
8450      0.008393939030142645
6132      0.009138663393714289
226       0.009138663393714289
4849      0.006894359280076048
9099      0.007431066637176194
8283      0.010464515037333153
5033      0.006359686953506309
6909      0.00956880716425711
6371      0.013246489825261819
985       0.01192563086501022
8710      0.011332454400743546
529       0.013246489825261819
9790      0.013246489825261819
9723      0.0071474904868225435
5939      0.008921054948391845
10110     0.013554591626933515
4236      0.026492979650523638
4531      0.013246489825261819
2873      0.013246489825261819
3378      0.005258326694945716
11101     0.009332580567620749
6417      0.013246489825261819
10571     0.005625504051051601
4412      0.004958202830496356
931       0.005319110210991986
2357      0.0023071570822989266
