t_index   tf-idf
2971      0.004270659854310485
8259      0.006480937722155518
273       0.0026576692453905634
4163      0.04075236698293737
9264      0.003849381064447985
11196     0.008982246962183435
12111     0.0045302901947569555
10259     0.005680734665236469
5501      0.013433923150242374
6203      0.002904148654492508
10958     0.0030201934631713043
6011      0.0024437804949119556
7929      0.01358412232764579
7497      0.010003349933496174
2261      0.0033958288940787035
2177      0.012943739823607261
3385      0.0021657759049879734
6114      0.0021692151426124457
10486     0.003155445560238863
8904      0.02672436419228063
11238     0.0005931552354988164
4049      0.002663526471230276
320       0.0024072236774130055
6132      0.005495144001449115
10484     0.0033426234005582383
10289     0.0039471686745355975
620       0.0034036881578572435
7488      0.0026147338795027212
11884     0.003637519840309695
11582     0.003205255762765016
7725      0.013031338342709035
8106      0.0029611269578921533
6853      0.0034357649701027915
302       0.00509900678614405
931       0.002132279474558879
5346      0.010728588957543134
7207      0.0019009575013331365
10627     0.0034357649701027915
5640      0.005495698774694962
509       0.005286881553269329
3340      0.0047517169948382955
6403      0.0021855992335636735
7932      0.011681430194685127
1668      0.0024408192305012274
4906      0.001163974163085471
10684     0.0018377221498189619
4027      0.0016522456469028532
6767      0.0032578345856772587
405       0.003576196319181045
4909      0.003576196319181045
10901     0.0019805672128129217
9505      0.0023434124005023574
647       0.0034357649701027915
11835     0.0012669547329894225
758       0.0010013736874930873
10028     0.0101980135722881
5799      0.0014089698603844695
7217      0.0010737940211285536
2157      0.002629423107777562
11000     0.010728588957543134
4960      0.002615610083744841
4896      0.0019735843372677988
1229      0.005957805059871111
10037     0.00424817485816653
5502      0.01292471998613377
5110      0.006871529940205583
6161      0.0018080590514891206
9371      0.0011606075198774492
8659      0.002264518778161519
6311      0.002475478902471453
8408      0.003581395097874645
5302      0.0023537532175491147
2658      0.0034808926836319715
7339      0.0049045763258929
9379      0.007930322329903993
6028      0.002060985695019395
2032      0.0024072236774130055
9196      0.0032459603181461626
338       0.000786265229054517
2749      0.0023130512285126133
835       0.002615610083744841
78        0.002053385852218041
40        0.005766495753992759
485       0.0032847791292739147
8743      0.00276375186826578
10582     0.0032311799965334424
2185      0.002629423107777562
6740      0.0016473047722714328
3080      0.0029789025299355554
10175     0.003835861695475617
11758     0.003085326424353457
6897      0.015540634667281063
314       0.0036550899415218833
10335     0.003576196319181045
10243     0.0011798519299717764
2009      0.0059659784825972905
9986      0.004780645052640263
7425      0.002084151353059177
12171     0.0018136358219320791
208       0.0015761302259677985
10440     0.00313149047461476
11527     0.00313149047461476
10453     0.004780645052640263
6034      0.0037873292451245234
5324      0.003941100648797088
1361      0.002124087429083265
3281      0.0024408192305012274
1730      0.0032311799965334424
4777      0.005310139712087527
5144      0.003155445560238863
705       0.003503377679775926
8136      0.002323063759425792
10885     0.0038788453443170255
10805     0.0040916931331528295
3510      0.004542857537552969
2320      0.004999213579458199
10568     0.0027322097694234644
10461     0.00715239263836209
6880      0.006304520903871194
5624      0.004194925418015905
3984      0.003998462171068001
1655      0.006621817253107054
4072      0.006621817253107054
8558      0.0023537532175491147
9791      0.0019946894950088265
2660      0.0022740281581232836
7888      0.0015488757665561006
11163     0.0040595269283670065
2872      0.004443168015634286
3721      0.003503377679775926
11784     0.011849109381524954
67        0.006182957085058184
3888      0.0017167400863923542
11675     0.004707506435098229
4092      0.003205255762765016
11194     0.013329504046902859
8837      0.002475651704104997
10485     0.005203991630334991
3634      0.0033445425387348075
5968      0.0016423895646369574
2613      0.0007882509073107713
2164      0.0021159657024618205
9488      0.0017404463418159858
9004      0.003941100648797088
6469      0.0040595269283670065
7227      0.0028881793556410685
2226      0.004436709455800433
9600      0.002810293849019263
4966      0.0012669547329894225
1088      0.0037873292451245234
10246     0.002227409106486616
3993      0.0015358613682466369
8264      0.002549416992255253
10882     0.001488863315867134
3861      0.0015402519809597644
2891      0.009308601883155528
2357      0.000924873427326803
8822      0.0011377303294687645
8256      0.0027322097694234644
5413      0.0059659784825972905
7256      0.0016181893876135208
7411      0.0021572899706012107
8382      0.002016276180543138
374       0.0029016207910200456
167       0.005917964626581917
12181     0.0017906975489373224
4047      0.006170652848706914
9588      0.003155445560238863
11001     0.0013005105666921322
5991      0.006216253866912426
5342      0.004418772348197677
9581      0.0016672249889160293
9202      0.0013788103240570415
10099     0.0021657759049879734
8261      0.00302841762741188
8881      0.0026576692453905634
10496     0.002303143542781196
3823      0.004926498624820247
7942      0.0035390866475061423
9122      0.00509900678614405
103       0.0019805672128129217
634       0.0025241841544560916
9493      0.0017792977081232113
11937     0.0020841584942476845
4799      0.005310139712087527
1508      0.001024052744141811
7517      0.004926498624820247
11100     0.009060141211769892
11115     0.005177149326610292
4838      0.0015715703359768533
6079      0.0022093861740988385
2713      0.004443168015634286
10544     0.0013212305627488704
8320      0.004529037556323038
7774      0.0033726632360389208
7922      0.0021572899706012107
7771      0.0016473047722714328
6678      0.0032578345856772587
9557      0.0026576692453905634
488       0.001627795311153946
11684     0.0034036881578572435
6014      0.0040595269283670065
6578      0.002629423107777562
1315      0.00313149047461476
7214      0.0032852618782873246
2179      0.003085326424353457
8349      0.0029992511710121204
443       0.001796449392436687
3456      0.004542857537552969
12064     0.0017458998170966054
8491      0.0015446630628038048
3903      0.001488863315867134
6535      0.001331763235615138
6424      0.0037873292451245234
5409      0.003941100648797088
4102      0.002629423107777562
313       0.005150682452047359
2339      0.000974373337211918
4655      0.0036550899415218833
621       0.001627795311153946
8255      0.0032311799965334424
7773      0.002747849387347481
2063      0.0013424144776455977
2145      0.0033726632360389208
12137     0.003108126933456213
6076      0.002511815673210578
6136      0.003998462171068001
8184      0.0037873292451245234
11900     0.0040595269283670065
707       0.003503377679775926
5162      0.004542857537552969
2272      0.003503377679775926
5790      0.002847538909266163
8887      0.005310139712087527
11611     0.0036550899415218833
7201      0.0027322097694234644
5186      0.001247377993076313
6882      0.002132279474558879
5979      0.003468967511620736
7108      0.004194925418015905
11079     0.003697149103167606
564       0.0019946894950088265
2631      0.002283634081663709
1648      0.0029992511710121204
6073      0.002124087429083265
1399      0.001762451411324321
4417      0.0021475880422571073
876       0.0016672249889160293
2652      0.0059659784825972905
5316      0.0025367164614040027
8913      0.002796381837698575
2738      0.0016672249889160293
3162      0.0037873292451245234
6349      0.0020763709989137014
279       0.0041248062821304995
11002     0.0040595269283670065
4210      0.002562290324740047
6043      0.003835861695475617
5963      0.0007285537251477152
11912     0.0010013736874930873
3321      0.002148879467740125
8034      0.0013937699296189521
8795      0.0027322097694234644
545       0.0030200470705899645
4513      0.002227409106486616
6918      0.003180022924965854
5173      0.0040595269283670065
1955      0.0013640835622982252
10943     0.0022457820205102823
4865      0.00509900678614405
6166      0.0015271407964521403
9845      0.0029789025299355554
1360      0.002562290324740047
5989      0.0019946894950088265
356       0.0029789025299355554
1880      0.002562290324740047
75        0.0019129545031397873
5996      0.0025753412260236795
7103      0.006621817253107054
11801     0.013243634506214108
1802      0.002615610083744841
7754      0.002747849387347481
8940      0.003941100648797088
9029      0.0016039609188576217
1882      0.004443168015634286
710       0.0038870187670432053
11220     0.0016979144470393517
4322      0.00127689712228562
3768      0.002939472852173472
11125     0.0032852618782873246
1834      0.004194925418015905
495       0.0038870187670432053
7132      0.002939472852173472
