t_index   tf-idf
7592      0.005521526766695235
7497      0.009842524371864402
2177      0.019103461668925188
8449      0.003901412593168202
11196     0.007954054062332213
2990      0.00986665042351274
8259      0.009565113872891905
273       0.003922412166026587
4163      0.0521263395042202
1508      0.0015113833104858237
2035      0.005394489656458341
8795      0.004032425351014052
8904      0.014342570200826436
5313      0.003800905539372568
2660      0.010068606989504056
6918      0.018773382926808063
11385     0.011982783666369491
7425      0.004613949217303034
3720      0.0038807241365591666
2971      0.006302999592053094
9824      0.0016291309973750462
3946      0.0043383216692849625
5963      0.0021505219282495253
11912     0.00295582329620146
5501      0.011896149310536175
9264      0.0011362481727213022
11000     0.010556103604527972
8034      0.002057043079405463
10259     0.005589404525923986
405       0.005278051802263986
4909      0.005278051802263986
6203      0.0021430936212412555
10958     0.0033430919604396188
2639      0.003943732355412481
8548      0.006302999592053094
11582     0.004730586479450617
7725      0.014424560207323425
8106      0.004370280622741152
6853      0.005070791386743348
758       0.00295582329620146
3385      0.0031964345350144045
6114      0.0016007552258185088
10486     0.0046570723863332405
497       0.0038807241365591666
3634      0.004936157637553944
3260      0.005170579919669292
11219     0.005901267320000683
9589      0.0021430936212412555
2320      0.011067390834266786
9379      0.007802825186336404
10461     0.005278051802263986
6076      0.007414298353721255
9550      0.002862363365018512
6880      0.0023261857675859147
89        0.008354028486700278
2082      0.003504900683380143
3516      0.004396515309454726
2439      0.003274034791338261
9744      0.005070791386743348
2179      0.009107169316901843
6419      0.00752554377762096
11600     0.008238883808541719
7410      0.008238883808541719
6252      0.0058166083530477915
10976     0.00880509364473362
11115     0.0038204365609551824
3736      0.002513619113527179
3974      0.006869209428244995
2088      0.0063429946989885366
2357      0.005460024477723505
2249      0.0021790555728570557
6246      0.004310109694019673
5991      0.013761706711798088
667       0.0017803623559310517
2155      0.004282456408611578
2238      0.007837151536489308
5120      0.005521526766695235
2113      0.004587235570599362
2233      0.00752554377762096
8320      0.00334216758577536
7929      0.016038873693606216
2226      0.006548069582676522
324       0.0029439307980998436
5173      0.011982783666369491
9818      0.005661287839946329
6360      0.002388260221590373
6607      0.004679487190484777
11784     0.004996546813155677
5968      0.0024239768815703003
5802      0.0027211881698446156
3401      0.007837151536489308
1409      0.005278051802263986
10446     0.0048903542742709
4417      0.0015847956774855503
3565      0.001744323058208753
6232      0.0027759577495834594
10544     0.001949983370745117
2178      0.0046570723863332405
1983      0.004808186735774474
2658      0.0051373946681256425
6022      0.002409580410976267
9371      0.002569383528731909
3449      0.002912782028314854
1917      0.0041518523863985106
6098      0.008914479777497064
4806      0.004808186735774474
7856      0.008238883808541719
10426     0.003800905539372568
12171     0.0035689553794933516
5799      0.0041589528354757
10485     0.007680489255060323
10030     0.0043383216692849625
3073      0.004520725606419777
2590      0.005991391833184746
9747      0.0024532228778228068
3692      0.0024755664789653403
4210      0.0037816439197931877
2261      0.002505925180678657
6043      0.005661287839946329
3888      0.0012668548225950008
3321      0.0031714973494942683
11732     0.005278051802263986
4534      0.005521526766695235
10484     0.00986665042351274
11675     0.0034738672889229696
7424      0.0029974409952677455
4739      0.002332948227675189
10885     0.002862363365018512
6132      0.0027033988174331655
482       0.005736789755861193
2170      0.0054565641104628
1649      0.002954470057782274
6161      0.002668485866988766
2656      0.0033008903359195018
10289     0.002912782028314854
11835     0.0018698785287528774
10028     0.00752554377762096
11001     0.0019194030550215067
8874      0.0014027966127201118
4960      0.003860337712022128
4896      0.002912782028314854
5302      0.0034738672889229696
7339      0.0072385869247101
6028      0.0030417763151572414
2032      0.003552783498175464
9196      0.00239533084570593
7447      0.002029498887023433
11836     0.00479066169141186
11024     0.0022667535949363543
338       0.001160436463459882
2749      0.003413795864589355
835       0.003860337712022128
78        0.0030305598269070116
40        0.004255340114280829
485       0.0024239768815703003
8743      0.004078977837729881
10582     0.004768847647616881
2185      0.0038807241365591666
6740      0.0024312311590758444
3080      0.004396515309454726
4049      0.0019655283766795767
10175     0.005661287839946329
11758     0.004553584658450922
6897      0.009174471141198725
314       0.005394489656458341
94        0.00752554377762096
6882      0.006293995362202736
5979      0.010239588989285646
5092      0.006557601669376647
105       0.0034892977805042196
10611     0.0046570723863332405
208       0.0023261857675859147
10440     0.004621717452888021
3340      0.0017532460616003034
11527     0.004621717452888021
10037     0.0031349071702547224
5502      0.004768847647616881
5110      0.005070791386743348
1361      0.009404721510764168
7970      0.008238883808541719
12012     0.0027483044641753644
4838      0.0023194558977922045
6458      0.003569116377690818
2682      0.0028426947964986346
6034      0.0055896595611323345
5324      0.0058166083530477915
3357      0.00493332521175637
7892      0.0033847022022826115
5253      0.005661287839946329
3342      0.004553584658450922
11872     0.0031591937872658023
2924      0.004808186735774474
8128      0.005170579919669292
11706     0.0048486662448034784
87        0.00493332521175637
7847      0.003183910278154198
1322      0.0039873748222590205
1219      0.004228740352332309
3285      0.006557601669376647
6136      0.005901267320000683
8184      0.0055896595611323345
11900     0.005991391833184746
707       0.005170579919669292
11884     0.0017895194069690783
5162      0.006704731864105506
7926      0.005170579919669292
7932      0.004310109694019673
5790      0.00420263781142498
8887      0.007837151536489308
11611     0.005394489656458341
7201      0.004032425351014052
5186      0.0018409855267589315
313       0.003800905539372568
7108      0.006191224330769454
11079     0.0054565641104628
564       0.0029439307980998436
2631      0.0033703795610406507
3857      0.0023812252178984903
