t_index   tf-idf
9930      0.007106904277964292
3653      0.02042687456535891
9360      0.0481110565893168
1560      0.004128162536234904
5274      0.024768975217409426
10910     0.007601516928166876
1340      0.025442878663447032
1880      0.011587106000548585
9488      0.003935294930510037
1110      0.004935899611997603
11912     0.0022641897663021036
5965      0.0041147494409862675
11910     0.015594893651513902
4873      0.004766168038768531
1572      0.01542530430411705
1607      0.003827404085939447
11238     0.004023520981684089
6616      0.003462829484372451
12062     0.00617775509441069
12087     0.008770394152913865
11399     0.009178930345420964
2093      0.0057073917581051525
9065      0.043237755254421285
2920      0.0050779012187892585
8101      0.007025401559087544
2762      0.003862766571787345
11001     0.002940563301042801
2549      0.007768552321562469
10674     0.00459213866762694
4953      0.010787501941142547
7475      0.0025314433005896647
10195     0.008459087805134078
2150      0.004431207058004437
9029      0.00362668995938743
6036      0.0071347266608356545
9904      0.015842860640563054
7222      0.00628564593898128
8874      0.002149112051999777
4027      0.0037358657730463527
7425      0.002356220372054587
2164      0.004784375652364411
10145     0.003815745301313304
9264      0.001740754589735591
3250      0.003850914011364299
10108     0.0068766573531524626
1649      0.0045263063446812175
10933     0.0034432019918030484
6930      0.0044157601917341974
10237     0.0041147494409862675
11913     0.00604187567750385
515       0.023411936363685947
10385     0.0038987234128784755
10568     0.00617775509441069
6841      0.008002171286725712
8902      0.010046374971311021
1454      0.005345672954368533
7176      0.006438523937700338
8497      0.009326532431024133
539       0.00758523325081991
4758      0.005518896683744154
9370      0.005098979041347264
587       0.003862766571787345
1323      0.00817341318948045
2290      0.010046374971311021
7256      0.0036588617187911627
5963      0.0016473209844472965
4137      0.0034727111725379616
1846      0.00891115860984169
9103      0.037866397011672034
12084     0.005250335830258769
2877      0.0037246940417368845
11033     0.007027735283036461
967       0.0028277402351119156
1210      0.012622132337224014
11110     0.005793553000274293
11995     0.0045425754853220335
5491      0.01027178132875277
449       0.0030515190674205877
7734      0.00817341318948045
7443      0.014972483345695257
8512      0.013657158673899444
2779      0.006781558066475681
5347      0.00835956373573365
6766      0.003972502506325041
8289      0.010523764197951693
219       0.01835786069084193
9371      0.002624230796176104
2339      0.0022031397132033018
8800      0.005036358521563334
4664      0.004325350329759421
8106      0.0033476780139716704
11345     0.014972483345695257
7922      0.004877813283280569
6521      0.005679425586224902
4016      0.004688995406716517
7769      0.003247304815096212
4562      0.005252641702346988
4840      0.007027735283036461
283       0.018428902901643597
9824      0.0024958607890819672
7411      0.004877813283280569
667       0.00545510042063603
11552     0.0033570407496339083
2025      0.0028424439471782317
5759      0.005984288409094663
368       0.009687476133759894
9267      0.00319447789198403
8143      0.003960027942209794
118       0.0039976719929185394
12176     0.003247304815096212
6079      0.00499560716212496
5436      0.004101419916966933
7408      0.011954081935717347
8769      0.004196519203643715
10101     0.00639926812651179
5259      0.004048917118040546
5214      0.005624566639831013
6535      0.003011228202696297
8901      0.00514176810137235
8830      0.007921430320281527
3378      0.004766168038768531
2787      0.0055976558235674555
8213      0.011139225954642824
6571      0.005914113440585625
11178     0.0060092127272624064
1192      0.0061686143359102
7597      0.003923034829999225
5747      0.010523764197951693
11065     0.008459087805134078
4970      0.002820426102571565
2113      0.007027735283036461
7150      0.003850914011364299
2845      0.009656319572061638
232       0.003923034829999225
7924      0.006213117580258589
8276      0.0076258740164623865
12171     0.0013669274914069364
1121      0.00697618142255289
6727      0.0029022906938757443
4749      0.006438523937700338
3903      0.0033664446403104164
