t_index   tf-idf
6161      0.0021839450121934373
5802      0.00445415537274566
7597      0.0020957265012890598
2357      0.004468598980452658
7207      0.005740391402052037
8259      0.0023484871693179336
11582     0.0038716115660766895
7725      0.03541609124587567
3142      0.004829721411895296
4838      0.00189829153740362
8187      0.00411236983656513
4794      0.004293708802339648
2606      0.0059506917599802455
10725     0.0036998570094646066
3501      0.0052579511421524
11664     0.005774515997794422
12171     0.005841816436960171
707       0.004231711460571447
9196      0.0019603891921435375
4049      0.003217259606038675
9493      0.002149204336917247
4286      0.0035667699113607594
5506      0.005774515997794422
7899      0.02491165899339341
2488      0.02975345879990123
7929      0.01968982783701921
5097      0.007206274009242516
10037     0.005131348052364308
10713     0.005487293709833717
11910     0.004165478172707003
8287      0.005111727670684082
6766      0.004244305309389386
4752      0.004903481210843305
12113     0.002735300313621413
6033      0.00338534090568632
7562      0.005487293709833717
273       0.003210184693774391
4163      0.029534741755528816
10715     0.007206274009242516
6964      0.00381144608460431
2320      0.00603852377097714
9379      0.012771992805003272
8075      0.00506702833386658
2675      0.010318581784367122
8106      0.008941824168898015
2443      0.003439527261455707
3931      0.006221482224972993
5963      0.0008800162101126347
11912     0.001209554006735071
2971      0.005158507560864506
2990      0.008075074425559112
5991      0.007508580328717903
2660      0.002746786643627861
6918      0.0038411329541034917
11385     0.004903481210843305
7425      0.0025174354501425323
5502      0.003902925311602237
5110      0.004150042424413635
5501      0.006490706027327631
9371      0.0021028375721990097
8034      0.0016835273623555234
10259     0.00228724316784521
5208      0.004982331798678682
398       0.007682265908206983
7447      0.004982953846297007
5121      0.007206274009242516
2738      0.004027664578486617
2416      0.004829721411895296
6050      0.0052579511421524
2417      0.0074534990988328245
5346      0.004319668711852893
4417      0.003891090439721101
11984     0.0024442747602023375
6394      0.010974587419667434
2720      0.003902925311602237
4111      0.0025364925204831744
3712      0.0036227797039330607
3340      0.0057395739490283615
509       0.003192998201250818
11220     0.002050901924187006
7227      0.003488616642734869
5640      0.0033191128126118254
9545      0.003397963400447202
7500      0.006414089810126775
2179      0.0074534990988328245
6011      0.002951829597801546
9930      0.00189829153740362
1687      0.0059506917599802455
7771      0.003979541528803092
10627     0.004150042424413635
8868      0.0036735827439209204
2737      0.008844758106316289
11362     0.0067428759590959855
4193      0.0028813985448051804
9264      0.0032547529894924668
6269      0.01124381122202207
7953      0.007206274009242516
533       0.005774515997794422
7797      0.004701505702620522
2647      0.0029482527021054295
3026      0.0059506917599802455
884       0.007399714018929213
1886      0.0034826599356351
2872      0.0053668792609898345
10740     0.0025364925204831744
7932      0.007054969025474306
1867      0.004633317153219232
4922      0.01013405666773316
2203      0.005487293709833717
1400      0.0059506917599802455
5351      0.0036787894965053624
5974      0.006414089810126775
2915      0.006318763307573062
7922      0.002605779201331462
7174      0.0032633514992698822
1659      0.004982331798678682
3873      0.002435449386498159
5400      0.004695109510717976
5402      0.00427484413475084
11836     0.0019603891921435375
3165      0.004414963903048801
8157      0.002605779201331462
8918      0.0020957265012890598
6403      0.0013199869055338502
3281      0.0029482527021054295
9848      0.0029621059652432118
5893      0.0036227797039330607
12084     0.002804784667217184
9245      0.00446576694303666
5         0.00381144608460431
9082      0.007206274009242516
10774     0.007206274009242516
9287      0.0067428759590959855
4937      0.0018135950022157216
3565      0.0014275907134287426
10901     0.002392316712318766
11100     0.0036478989615810354
10881     0.002149204336917247
4322      0.0015423573134976303
1017      0.0025364925204831744
8536      0.0031107411124864964
5363      0.002526928613496085
4088      0.003902925311602237
6166      0.0018446253304514007
67        0.00497890754744159
7424      0.0024531688145480756
4966      0.001530347953795118
11024     0.0018551588632242269
7379      0.00506702833386658
2177      0.005211558402662924
1581      0.003527484512737153
6232      0.002271902263474884
8261      0.0018290048565553327
1043      0.003527484512737153
12111     0.0036480757884095483
758       0.001209554006735071
4137      0.0018551588632242269
946       0.0022643083470604416
1476      0.004037537212779556
1713      0.0058691307006013445
3861      0.0018604622612119258
1557      0.004319668711852893
7888      0.0009354394432226974
11046     0.003064086462590624
5209      0.0027701115392365586
729       0.003338321335615771
6989      0.0016789831010384027
8159      0.0017539529373842907
5345      0.0067428759590959855
5342      0.0026687059313457023
497       0.0031760663328155286
7488      0.0015791616456470382
3104      0.0034185563938997194
2088      0.0025956201991913616
11927     0.0016972695746050549
1319      0.004633317153219232
1088      0.0045746950618740945
3041      0.004002368892890131
6252      0.0047604347310470085
7497      0.004027664578486617
4906      0.0014059582654111346
12064     0.0021088632001245835
10885     0.002342618438212519
3903      0.001798390163113196
10805     0.0024711673001541427
6535      0.0016086298030193375
6424      0.0045746950618740945
4102      0.0031760663328155286
313       0.006221482224972993
9370      0.0027239282773513017
5406      0.004037537212779556
4500      0.004695109510717976
1350      0.0035505737872305876
5395      0.002375509347420343
11027     0.0020384113057015808
226       0.002212518505846617
10122     0.003048948754987752
1798      0.0019603891921435375
11758     0.0037267495494164122
6897      0.011262870493076855
9500      0.0013917608130776973
158       0.0029345653503006722
488       0.001966205388999108
11684     0.004111297011727565
485       0.001983833710969377
1315      0.0037825108627583546
8349      0.0036227797039330607
443       0.002169921766127472
9557      0.003210184693774391
1508      0.0012369479198976084
10289     0.002383882133699788
4488      0.004633317153219232
10461     0.004319668711852893
8904      0.0058691307006013445
6076      0.003034008931588566
9550      0.002342618438212519
6880      0.0019037994045242616
8760      0.0025956201991913616
5313      0.0031107411124864964
7498      0.0059506917599802455
8626      0.006414089810126775
9588      0.00381144608460431
5965      0.0021981424645268746
11196     0.002169921766127472
7256      0.001954602444512121
10317     0.0012369479198976084
4835      0.0034185563938997194
6022      0.001972051336351629
953       0.002234427423699594
7201      0.0033002218004351846
6882      0.0025755691547961197
5979      0.004190147599562942
7108      0.00506702833386658
11079     0.00446576694303666
5255      0.007148278325266052
7858      0.005158507560864506
5387      0.0015626576734277357
10390     0.004111297011727565
5316      0.003064086462590624
11614     0.0067428759590959855
9136      0.0053668792609898345
9474      0.003034008931588566
7904      0.003397963400447202
4470      0.0047604347310470085
8928      0.0033777349039569625
10728     0.006414089810126775
3073      0.0036998570094646066
8706      0.0029345653503006722
5572      0.007206274009242516
4872      0.005774515997794422
704       0.001665457733532058
1070      0.006414089810126775
8308      0.005158507560864506
6253      0.005621905611011035
10647     0.0029621059652432118
7907      0.0036998570094646066
131       0.0025755691547961197
11704     0.006414089810126775
8329      0.004903481210843305
8111      0.0037267495494164122
11958     0.0019374159519885482
4397      0.0019093339442289045
774       0.00381144608460431
