t_index   tf-idf
368       0.0023982410428698272
1457      0.006375709070015456
3298      0.007484215321249908
8133      0.06617353949812073
4412      0.0044502893698113635
1322      0.00604913936450027
1295      0.004849225075070633
6942      0.01670907845686384
3527      0.014711562947647628
11140     0.01098146601748703
10933     0.006819219554497745
5626      0.01209827872900054
2524      0.004774225750353783
9729      0.005134840901999474
4757      0.005414610699813875
2339      0.0021816456672208305
7393      0.006761959050735578
10849     0.013357971334205639
83        0.008996515351418271
9505      0.01049391504224958
1904      0.021360446671599906
8034      0.009362054600416083
4838      0.0035187843132359784
10111     0.0063368362423507
11037     0.006015776318010976
10119     0.005708206826561761
6930      0.008745359208995532
10578     0.004327442803868686
1486      0.0114168005601957
2370      0.010703980873960392
10919     0.005825932093472587
6902      0.014826410337444572
1955      0.003054216366316514
3104      0.0063368362423507
11864     0.0063368362423507
4899      0.007924101322952777
6909      0.008588587893772235
2686      0.016567461873284794
675       0.006224322563966829
7832      0.009392540326191709
641       0.028686334728709937
9264      0.003447543236256829
8959      0.006520451286872203
6031      0.009235541870721458
8299      0.004327442803868686
191       0.006015776318010976
2231      0.02499797916542902
7425      0.006999698568688993
1334      0.004580700361261338
11217     0.008824220477062748
8760      0.004811393539964475
68        0.006959172011982447
3378      0.004719668838390301
7426      0.0033554384652286794
324       0.004466158430288056
6588      0.0039337463843121135
7404      0.008588587893772235
9824      0.00247151092772507
509       0.005918728373050296
586       0.014663233481495319
6458      0.005414610699813875
9930      0.0035187843132359784
11681     0.004357493090233654
7271      0.0114168005601957
858       0.026715942668411277
10912     0.008952654324488841
7475      0.002506746292779034
11779     0.029652820674889144
3068      0.013619136026243412
3321      0.004811393539964475
5215      0.0066698354206849745
8800      0.004987223316474911
12036     0.01130341977458874
1508      0.002292879071029713
10825     0.008007190782946826
2366      0.0036773502935042116
11220     0.003801671859468597
6953      0.00974644601959957
3312      0.0037670360525518215
8837      0.005543044547239968
1617      0.003958670314938847
11910     0.0038606870868991734
8795      0.006117484313001805
384       0.003801671859468597
11984     0.004530850775009211
10827     0.008588587893772235
10923     0.008093672572997713
8895      0.016753120238460664
2581      0.008588587893772235
5757      0.029652820674889144
331       0.004719668838390301
4739      0.0035392531649121157
3429      0.007692761567205762
8187      0.002540976484381706
10647     0.005490733008743515
7883      0.007844148073254389
10243     0.0026417172480831482
11414     0.0059829305489428365
495       0.008703129824745517
5886      0.009562111576236645
8805      0.008338757935205252
8491      0.0034585382723265677
9221      0.008283730936642397
704       0.0061743798901676295
9371      0.00389794281675914
5799      0.0031547178825193727
7339      0.005490733008743515
313       0.0057662518182676524
8433      0.008278007016360639
9492      0.005414610699813875
2602      0.011889532330966707
10544     0.002958267455130397
337       0.004022294005504582
10007     0.008588587893772235
40        0.006455662319713844
11934     0.008093672572997713
5735      0.005737030531978934
8680      0.010421093327727773
10246     0.004987223316474911
5137      0.009235541870721458
4417      0.004808502006809816
2079      0.005201396417446041
2144      0.0066698354206849745
7769      0.003215623792509908
8685      0.004514491545703905
3696      0.004868397239111766
2038      0.00729437109671152
8949      0.005201396417446041
7140      0.0033057867471148502
4071      0.009948361556956766
1691      0.01017156882798445
10749     0.0068582715297392715
5351      0.0034096097772488725
2093      0.00565170988729437
10099     0.004849225075070633
10434     0.007120148890533302
4027      0.0036994183020898027
6456      0.008824220477062748
3497      0.005317190792835241
11540     0.00524695752112479
9220      0.004530850775009211
3708      0.004774225750353783
9747      0.0037217186097702097
472       0.005201396417446041
5090      0.006809568013121706
4754      0.005737030531978934
3730      0.003468461052377558
3776      0.004868397239111766
1202      0.006415308534513893
1537      0.006761959050735578
8832      0.009392540326191709
1520      0.003251229835151368
6535      0.0029818503665724307
