t_index   tf-idf
7929      0.019111454860963727
7207      0.005014594787999481
8259      0.004559004466619743
8311      0.004751239730737759
7204      0.003387272343720595
4758      0.004292475198467675
11582     0.005636829100035027
7725      0.005729295305846213
8287      0.0037211810629500974
6766      0.0030897241715861427
3731      0.006930901140987981
4049      0.004684132759749795
9493      0.0031291097625615093
4286      0.002596499169189825
5506      0.008407341299470805
7899      0.007253969668574325
2488      0.008663842409166641
11238     0.0010431350693255045
6011      0.002148841469663961
11024     0.002700997578640637
7425      0.0018326158449313453
11912     0.0035220729698032718
3692      0.0029498129308744092
2606      0.008663842409166641
10725     0.005386764994622799
3501      0.007655254536467096
11866     0.011645264824429643
273       0.009347664242408188
4163      0.04300077343716839
12171     0.0031894974799495184
707       0.0061611124713300755
9196      0.0028542064866457634
3931      0.00452904836300716
6964      0.0055492318473166205
2320      0.00439586021642014
9379      0.004648809641667857
5963      0.0025624993091402388
5501      0.04252531535145689
9371      0.004082136794051717
8034      0.004902225269694245
10259     0.023310600867694476
5208      0.007253969668574325
5502      0.045459359951229114
910       0.012084414722430506
1747      0.012714198294747365
9381      0.023290529648859287
8874      0.005014594787999481
6841      0.006223911000786664
3790      0.007414039171417714
4955      0.0065018829055706155
7932      0.010271602412567955
10118     0.004917774955952666
3903      0.002618345831352546
2613      0.0013862343542361839
10947     0.0065018829055706155
9500      0.0020263184251705937
11000     0.018867518511541375
4960      0.004599866009344374
6973      0.0027321006063118223
3378      0.011121058757126571
7426      0.003953246467654478
12111     0.003983531033320772
4395      0.004483457469138548
4138      0.004353732307219132
6203      0.002553647954812377
10805     0.0035978680998412804
8822      0.00400167219330393
11300     0.0061611124713300755
9264      0.0020308803546915228
11835     0.0022280928062917427
10958     0.0013278436777735903
6578      0.004624157879195022
3993      0.002700997578640637
6974      0.005636829100035027
1955      0.004797811150152377
11927     0.0024711204534479726
5802      0.0064849771710473215
3340      0.004178233909254363
10786     0.00439586021642014
208       0.002771815224977852
1649      0.0035204604903076135
9546      0.011645264824429643
6311      0.002176714207345588
6020      0.00275581545235664
7475      0.0009844501724515363
11158     0.004292475198467675
2357      0.001626501544609205
9824      0.0019412250581748633
587       0.0030043740002790456
4137      0.002700997578640637
9507      0.0034707862482985423
10347     0.009338521562636684
10516     0.005878406669947245
6588      0.0030897241715861427
1367      0.0065018829055706155
3888      0.001509547317345001
7174      0.004751239730737759
6176      0.0065018829055706155
5089      0.005931235346137411
11181     0.011364839987807279
5335      0.005682419993903639
927       0.003917167738993704
11913     0.0046992366380585494
443       0.0031592730694576217
8904      0.004272547253311323
8659      0.011947288726162495
10673     0.0019314942495531286
104       0.004067779746694596
6696      0.003070375540411271
2883      0.004272547253311323
11339     0.009954417085685006
11001     0.0022871047896999563
6204      0.0046992366380585494
7519      0.007031778300843726
1880      0.004506096777991116
2658      0.006121569891904501
8450      0.0029587831064104343
4417      0.0037767927639693953
3377      0.007813847199908571
8157      0.003793854775884887
2210      0.0035331142663615816
8888      0.004947226406781366
3659      0.005592454109422708
8393      0.008407341299470805
8106      0.00260374956642241
647       0.006042207361215253
212       0.004417331011508257
6073      0.0037354640994222933
9594      0.005827203752100573
1549      0.004777863715240932
10882     0.01309172915676273
758       0.0017610364849016359
8091      0.002923188946371237
8918      0.0030512493122216195
10032     0.003793854775884887
7888      0.0013619424843855366
12169     0.006223911000786664
404       0.00981721404006312
9029      0.0028207588573013346
6989      0.002444496468944801
2639      0.0046992366380585494
4858      0.008663842409166641
7132      0.005169417774511967
6138      0.004272547253311323
7754      0.004832424784645569
5110      0.006042207361215253
10071     0.004648809641667857
5427      0.006427916793710897
5881      0.010491893193533164
10317     0.0018009203431459432
8770      0.005931235346137411
1077      0.0079891632556966
6119      0.011654407504201146
2339      0.0017135531102692348
3470      0.008663842409166641
1882      0.007813847199908571
1694      0.004947226406781366
6361      0.00229916254921791
3262      0.007510470778270162
704       0.0024248043629968657
4451      0.005203727516477202
8901      0.00399915296773405
467       0.007655254536467096
7422      0.007377282631683142
131       0.0037498708000863043
6354      0.005203727516477202
3674      0.006579290515104283
10943     0.0039494787257249786
5987      0.010491893193533164
3281      0.004292475198467675
226       0.0032212913111943084
6535      0.0023420663798748974
7667      0.007510470778270162
2644      0.007253969668574325
4459      0.009338521562636684
3312      0.0029587831064104343
3419      0.0022871047896999563
9781      0.0079891632556966
10674     0.0035716634081542865
6033      0.0024644244141011525
12018     0.008407341299470805
4544      0.009338521562636684
