t_index   tf-idf
3898      0.007731011322197836
3419      0.005739753366458544
11060     0.02561238352073463
3781      0.00846471402991975
11027     0.007448041309294238
3321      0.004741998440830372
8049      0.025135006910637858
12093     0.0031347321771029216
12171     0.0040022059724366555
4073      0.0058004949243786645
4439      0.0058647604982416755
9875      0.006134548680832692
12020     0.005312094557368122
9533      0.022533070160429925
6507      0.0196097511459244
2499      0.02004972701670012
6511      0.01722571268021943
11238     0.003926801727316683
4049      0.0029388429093622514
8595      0.0205763980161981
12196     0.005312094557368122
10231     0.006963218808411721
3085      0.013616969507483047
8091      0.0073360799519508945
8519      0.004955836285645286
8157      0.004760558156278632
7941      0.00701745443538138
9307      0.08262125725490972
5963      0.0032154438446423193
2647      0.005386230898077228
9399      0.005463096789347084
3692      0.0037014479565299083
4579      0.00869694806633588
5861      0.04411764751250511
9359      0.007314043444454886
416       0.006529677316348798
196       0.03286817935674086
10673     0.004847307683974679
6427      0.007731011322197836
9259      0.06065446620296851
944       0.0040686996193349785
12012     0.020546218470157175
699       0.005683084724734946
7488      0.011540027410497587
12064     0.019263654231907255
4124      0.005741904226739809
11163     0.008958282981348346
12011     0.008065799438262232
921       0.03293616426593353
9557      0.0058647604982416755
6231      0.017985900428046396
6753      0.00701745443538138
3524      0.0056258769204094285
9824      0.002435864135498266
8048      0.008866757918465123
8640      0.00782793112932956
9531      0.01820467387978749
337       0.003964280149655958
639       0.007189163821278181
8028      0.0033795883909981134
3888      0.0018941915857069486
9589      0.0032043370971443774
11017     0.008823529502501022
7204      0.008500750785683417
25        0.004895311635125958
8450      0.0037127038017938626
1713      0.005361225159203151
4137      0.0033892325385827225
5149      0.008577603913811687
3001      0.007581808275371063
11721     0.014612567880654508
10797     0.006963218808411721
346       0.005148707551068279
8828      0.0062837517276594645
6989      0.003067372973050928
9264      0.0033978190549646633
2106      0.013165308286116135
11835     0.002795827992510312
4322      0.005635536337779803
758       0.0022097621276890725
1045      0.0055701948408430095
3326      0.006063763792271604
4906      0.0025685776002703424
2069      0.004498126914520098
3598      0.013165308286116135
9938      0.007891702454346632
8525      0.007581808275371063
8654      0.007376269907962651
1720      0.005018167906627823
1549      0.005995300142682132
7790      0.00541153974419433
6132      0.004042101116450551
2457      0.01125213516750057
6178      0.010270789097039393
7339      0.00541153974419433
11339     0.006245439565778334
10032     0.004760558156278632
9022      0.013165308286116135
8274      0.006134548680832692
1938      0.013165308286116135
10317     0.004519617399625878
4937      0.003313298561740261
9221      0.004082127024066566
6229      0.005489360710988922
12183     0.007731011322197836
5663      0.007581808275371063
7460      0.008823529502501022
1718      0.006245439565778334
3565      0.002608098418764049
10882     0.0032855204903029546
3634      0.0036902524646136455
3736      0.0037583439630141957
11138     0.0025426399469688703
3443      0.00846471402991975
11281     0.014612567880654508
6336      0.009102336939893745
7321      0.00846471402991975
1011      0.004976407429776416
1694      0.012415635501634008
2883      0.005361225159203151
4518      0.0036351581272720556
11912     0.0022097621276890725
10289     0.004355169282720768
9505      0.00517128024918549
8706      0.005361225159203151
9851      0.00724968847179751
10978     0.006444442859808261
9473      0.008357615978423827
3569      0.005336515353181945
