t_index   tf-idf
368       0.01260613881508499
1457      0.033513342547517144
3298      0.0393401061758008
8133      0.09486416501478846
9551      0.027222833689417678
12171     0.007115032839887387
9221      0.06531403238506506
8299      0.02274681473828412
2270      0.048692769627525084
10122     0.02970770581782938
10496     0.02710622784965561
8605      0.033513342547517144
4046      0.027222833689417678
1202      0.03372149357885508
1537      0.035543630907712655
11022     0.026214891791727094
9493      0.020940965334065486
10243     0.006942974818680068
6312      0.03631191868662145
274       0.035059391313856915
487       0.027222833689417678
4027      0.019445660305856656
6766      0.020677384840614956
8805      0.02191596636816765
5006      0.039693651931842676
4513      0.026214891791727094
1467      0.03579388314589615
8034      0.03280719988179995
11037     0.03162138833826282
9371      0.006829728866971142
7489      0.04705882401333878
717       0.03579388314589615
2357      0.010885048798538525
