t_index   tf-idf
2366      0.022844145762677678
6942      0.01729980345281357
2270      0.014386500117223321
368       0.007449082027095676
1457      0.019803338778078314
3299      0.02487081985612272
8133      0.056056097508738634
10122     0.017554553437808273
9551      0.016086219907383174
12171     0.004204337587206184
8299      0.02688259923615396
8949      0.016155852508733918
7135      0.01524227823771496
7425      0.007247162659501229
7883      0.024364399318441664
83        0.013971860962429892
5090      0.021150930949847727
7400      0.038002554065617276
9492      0.016818108991846128
1151      0.030273052030574427
4838      0.010929557336566297
10111     0.019682597419422628
9221      0.025729770333510475
11037     0.01868536583624621
545       0.021003054627284752
10919     0.0180956981691194
1617      0.012295869917613085
5259      0.012453487499427741
337       0.012493488956491505
717       0.021150930949847727
8408      0.012453487499427741
11970     0.012334921779549611
4970      0.008674946951848905
2757      0.029173799498019702
104       0.016086219907383174
1508      0.014243642713972462
11417     0.03324721332063455
12135     0.020309759315759367
11995     0.013971860962429892
5996      0.017910327617346497
338       0.005468117274788232
8805      0.012950343763008158
4754      0.01781956453114669
4513      0.015490617876929649
9371      0.004035748875937493
10496     0.01601731645661468
8605      0.019803338778078314
4046      0.016086219907383174
1202      0.019926337114778002
1537      0.021003054627284752
6535      0.009261807956778004
8959      0.010126458437945468
3321      0.014944479934738143
6900      0.009188558004571688
2294      0.04149066853806297
3950      0.04149066853806297
7358      0.031593509238436554
7217      0.007467749328757669
11863     0.010804216034051298
