t_index   tf-idf
8259      0.009060153546607257
1942      0.006156800287327222
4137      0.007156958051017321
1508      0.00238599091147762
9221      0.01724025220316438
11757     0.005795873237998454
8452      0.04221873296040321
11540     0.005460031938226304
4111      0.004892726689256884
368       0.0024956315420726627
1457      0.00663462111346786
3298      0.015576285693971889
8133      0.06260071803006345
2270      0.01445952803660009
3527      0.015308986823694231
3251      0.0077690991869285
11912     0.0023331498607072434
10143     0.005881220948707339
7972      0.00633006309481159
6777      0.004987356689541444
6311      0.005767740183930949
4027      0.0038496484869462414
8104      0.005412620637443849
10110     0.00633006309481159
11414     0.006225892195600414
7158      0.024744711957849486
5704      0.015428498066883943
7156      0.015428498066883943
3418      0.007720305478671318
8805      0.013016081548607185
5006      0.01571626827758238
4513      0.010379500303323418
9774      0.021688569869890286
11970     0.012397535595689457
4970      0.008718982215563874
8262      0.00485598349674968
9493      0.004145673340246466
5481      0.008332355890883754
9785      0.0168446992635993
11001     0.003030123604627861
8874      0.0022145672414007854
4376      0.006822925869544346
1740      0.011138660300314112
8918      0.004042518124313922
5710      0.004680928038174481
12084     0.0027051222678744417
9264      0.00896886248010977
2613      0.001836584601297685
11922     0.006848822533744281
2079      0.021650482549775397
8698      0.02172533394603657
7753      0.010968251034061356
8822      0.0026508539148536185
8157      0.005026376124395713
4937      0.01049491524124834
103       0.004614621069447366
2464      0.010352355934904248
7123      0.005261685639310668
9500      0.0080538442990283
10145     0.0039319608942467036
6942      0.005795873237998454
2366      0.003826684315575448
11910     0.004017466257940764
10243     0.0013744975529366632
2038      0.007590589212314018
9551      0.005389291948666443
12171     0.0028171196015797776
7447      0.0032039297150471447
6534      0.0076544934118471155
8299      0.0045031765217922876
704       0.006425116129362253
4049      0.0031029407367885696
7140      0.0034400318942058084
7425      0.002427983429071478
5090      0.007086098693857613
7400      0.006365910071905431
1904      0.007409291992686938
8034      0.0032474131862695373
4838      0.0036616791076821095
10111     0.006594169693816717
11348     0.008716724997168619
11037     0.0062600718030063444
9220      0.004714844715111108
8261      0.003528029672543281
4112      0.008614169737837211
1878      0.007409291992686938
3708      0.004968102938185408
4754      0.01194001278229118
11995     0.004680928038174481
10496     0.0053662075438404505
8717      0.011880426978883848
1202      0.0066758286780474515
1537      0.00703655637259286
2821      0.010142240781816811
9824      0.0025718768537240574
5476      0.006594169693816717
509       0.00615908282474777
6387      0.0036405828651889234
4395      0.005940012179924675
6233      0.004664163390712118
6073      0.004949015888067099
4739      0.0036829791817613385
402       0.010844284934945143
8301      0.012372355978924743
75        0.0044570868880262045
5344      0.010844284934945143
7217      0.0025018855619188124
199       0.00493009267730952
10933     0.0035480710880000954
158       0.005660582909209418
9319      0.0168446992635993
1000      0.024997067672651262
131       0.004968102938185408
12111     0.003518448729938143
7662      0.009316213890965545
11417     0.011138660300314112
12135     0.006804284846904153
11255     0.00785813413879119
2658      0.0040551516289012044
1694      0.006554447168375313
3620      0.008614169737837211
3573      0.005460031938226304
6079      0.005147757634067851
2213      0.009610589256334512
967       0.00291386430318639
7339      0.0057137069380325915
3368      0.0076544934118471155
