t_index   tf-idf
5501      0.03681295955797761
4417      0.00735629038355233
2822      0.010172943083356784
7561      0.006542976366046508
7932      0.04001325715940651
8259      0.005919901322327129
273       0.006069005888727704
4163      0.06204091689939718
4891      0.008857661756425444
5502      0.0442719886092194
1882      0.05073169450686909
7426      0.008555533400147752
9264      0.004395188827317475
6880      0.003599222754821987
2834      0.005237026790596479
2339      0.006675184504183139
324       0.004555037205020156
10259     0.0043241413123441775
2357      0.006336073181238843
6203      0.0033159309263981617
11835     0.002893195136528084
5387      0.005908556377139698
4069      0.0033159309263981617
1229      0.02721027385553074
7929      0.03102045844969859
8770      0.0077017533599097725
7754      0.006274939645733799
6182      0.005171214523264363
2230      0.010146338901373817
6361      0.0029854797280889278
1880      0.00585120029380936
4027      0.003773038566808008
6767      0.022318598131729275
10094     0.004571344218757648
2150      0.004475298670521894
448       0.006169520247375897
8979      0.012126139939543158
12084     0.002651288988911766
5972      0.008876326438173288
368       0.0024459672327776846
3042      0.008081794881618504
110       0.004831981380248635
5989      0.009110074410040312
338       0.0017955011947065834
9824      0.010082780899176903
5506      0.010916995418715823
11586     0.01512146327948327
9023      0.01512146327948327
2226      0.010131590249812927
3643      0.004813592596368217
4049      0.0091235720171246
8287      0.004831981380248635
6766      0.004012029894447678
8889      0.005735937283600274
2236      0.006849036256191856
3648      0.012126139939543158
8339      0.010916995418715823
3205      0.012747725693813307
1549      0.006204091689939718
3670      0.02270000267609328
2660      0.010385859946055592
7915      0.00854325783304586
2770      0.012747725693813307
7123      0.005156975477334337
12111     0.005172644774610553
2883      0.005547934493105748
1617      0.004037449823693849
11124     0.010916995418715823
10037     0.004850528009697605
5110      0.007845851349637717
411       0.011250064023843251
8450      0.0038420019441448923
8920      0.005374988690821112
7921      0.009940405144367722
9199      0.0077017533599097725
2255      0.010916995418715823
6568      0.008442743474397666
5091      0.010916995418715823
4866      0.01512146327948327
5566      0.01512146327948327
5659      0.005128427599075719
8966      0.0075021651847456804
3861      0.0035172918371170737
12044     0.005128427599075719
6521      0.005735937283600274
2613      0.001800035654008179
6678      0.007439532710576425
7351      0.007378664768203234
1316      0.010146338901373817
9379      0.006036514012314979
10568     0.006239225294355075
10122     0.005764181725847492
1798      0.0037062084229579316
10909     0.006849036256191856
9196      0.0037062084229579316
2177      0.004926348738835599
2772      0.010916995418715823
45        0.011250064023843251
11385     0.00927026298567391
7425      0.0023796653508810005
704       0.003148626560906378
2185      0.006004503514775626
7475      0.0012783158955713978
10958     0.0017242149248701845
10175     0.008759505065787602
11758     0.007045596163075804
6897      0.00709766299729553
83        0.00458777524139489
2261      0.0038773270208510564
11903     0.008876326438173288
6882      0.0048692352180225145
5979      0.007921672078775711
3185      0.00709766299729553
11079     0.008442743474397666
5255      0.006757079013933084
7858      0.009752402353873195
3692      0.0038303541042697554
1743      0.0037505313938724547
8959      0.003325105755743288
2749      0.005282042357648206
12136     0.010628478269573102
5865      0.01512146327948327
3730      0.003537485152922385
8706      0.005547934493105748
8875      0.007921672078775711
5727      0.006169520247375897
5427      0.008346697926161911
5881      0.013623801609513214
6721      0.004475298670521894
10072     0.008759505065787602
1560      0.004169238780376545
