t_index   tf-idf
8605      0.0062837517276594645
3001      0.007581808275371063
8187      0.005008655570175479
11863     0.00685652171391717
10988     0.007784524565736539
5015      0.009233008395466466
3774      0.06164597973079484
201       0.03770361628654059
6435      0.030494281431105604
11970     0.00782793112932956
4970      0.005505254796365651
11138     0.0025426399469688703
8274      0.006134548680832692
8259      0.005720673873979582
7753      0.005194099648341556
6387      0.006896104081175173
8299      0.004265027763428272
9824      0.002435864135498266
7030      0.019087655416461607
931       0.00941073345021659
5351      0.003360432713153937
1668      0.005386230898077228
6203      0.0032043370971443774
2822      0.004915292210948831
7204      0.004250375392841709
4111      0.013901930160340477
368       0.0023636510278284358
5212      0.012973250376419457
7097      0.003989899541507242
6061      0.018848393010851082
7870      0.08481776854882986
7         0.012973250376419457
7992      0.012318715694502283
10890     0.017155207827623375
11134     0.013165308286116135
1989      0.01002486350835006
11835     0.005591655985020624
967       0.0055195314204588355
3616      0.005712287357966643
11238     0.002617867818211122
2130      0.010549596534432118
11867     0.005018167906627823
11189     0.008255744348279895
11091     0.013165308286116135
12171     0.0013340686574788852
12111     0.001666188461052438
6114      0.007180310700426292
1720      0.005018167906627823
7888      0.0017089759058876205
11339     0.006245439565778334
3096      0.004817248179016892
5646      0.0068587993387327
5463      0.008357615978423827
2027      0.021099193068864236
9123      0.008357615978423827
12005     0.008500750785683417
9739      0.011085801865419761
9471      0.004250375392841709
9078      0.006245439565778334
10578     0.004265027763428272
8007      0.01002486350835006
9021      0.010270789097039393
8898      0.00846471402991975
10068     0.00454804054814376
2551      0.00846471402991975
4739      0.003488206244264345
1955      0.0030101651687254104
8592      0.013237079687447723
2607      0.008577603913811687
8281      0.007376269907962651
7475      0.004941182596343288
3888      0.0018941915857069486
9396      0.005126376276809801
2339      0.002150179623943607
9503      0.003657021722227443
1171      0.0036791166822714295
9775      0.004055358013302421
8651      0.0056258769204094285
9801      0.00846471402991975
1617      0.0039015741084733827
5953      0.004705366725108295
1402      0.007581808275371063
580       0.0036460613073481234
3696      0.004798179971239962
12036     0.011140389681686019
9370      0.009952814859552832
10223     0.00446550196575427
11897     0.00559785026819441
11549     0.002648381743633139
3565      0.002608098418764049
89        0.006245439565778334
9721      0.008255744348279895
2685      0.0045991766772100345
9371      0.0012805741625570894
4086      0.010549596534432118
2270      0.0045649471525804775
10821     0.004915292210948831
7368      0.0042213755622171265
5968      0.003624311587347901
8798      0.014612567880654508
10353     0.004955836285645286
4167      0.007073136514947799
10544     0.0029156001360660165
11989     0.005654284899306161
5005      0.006063763792271604
9029      0.003539509912286771
11869     0.01125213516750057
8408      0.00395158737962611
3848      0.005148707551068279
2293      0.014612567880654508
9432      0.010270789097039393
5767      0.00869694806633588
7182      0.010270789097039393
6396      0.014612567880654508
9081      0.005194099648341556
8727      0.014612567880654508
8805      0.004109243694031435
2603      0.007376269907962651
5476      0.006245439565778334
600       0.011718048691577764
3095      0.00846471402991975
12084     0.0025620629171695434
226       0.004042101116450551
56        0.007581808275371063
12063     0.0048755204514969565
3631      0.008577603913811687
1527      0.008164254048133132
6033      0.003092378711925004
6403      0.0024115145389560725
12100     0.006362551805487202
4114      0.007891702454346632
6179      0.010549596534432118
6614      0.006134548680832692
9583      0.0035188369291486742
7948      0.017647059005002044
2137      0.004895311635125958
3431      0.007891702454346632
7525      0.004616504197733233
9791      0.004401742683697363
6629      0.010871456099963912
7942      0.007809811400025574
7217      0.0023695743062404143
