t_index   tf-idf
105       0.002956870871217472
8949      0.002905412167783211
3774      0.02687563149026478
201       0.04273761410136481
10544     0.006609752897021596
3407      0.010957308840654916
6435      0.020739435000555743
11970     0.0066548079355608246
4970      0.0031201444077494696
4137      0.0038417458747967642
4842      0.004008753120188398
11503     0.00429704665198142
8382      0.015130312264893194
423       0.003751107050393905
8259      0.0016211173920814073
1942      0.011567067569787794
6696      0.004367128152846549
2091      0.009473482961919105
6102      0.0024858564599763745
9551      0.005785779367233184
368       0.002679233862606619
5212      0.0036763434309199546
106       0.004797440104150703
2270      0.005174436009464519
5759      0.004413480643219678
11238     0.003709240505367257
12171     0.002268280224160284
208       0.001971236440651824
6403      0.004100231804655556
12083     0.004623954872898994
776       0.00698172442631192
2692      0.007461537121286528
8005      0.005556986700752418
1989      0.005681666511544448
11823     0.0032712943554192965
6203      0.001816082060506895
9802      0.004797440104150703
580       0.0020664325665624237
3363      0.007461537121286528
7759      0.0037007435471404625
5107      0.0025776360599833845
10068     0.005155272119966769
8261      0.003787584989051915
6414      0.004679004971232201
4146      0.003052686721526058
6132      0.002290891095971974
9600      0.0087869542009526
4787      0.00901609280405645
839       0.005681666511544448
9264      0.0033700439673219006
7204      0.004817864205509947
4040      0.005341233986726191
199       0.0026463985216075626
11984     0.002530856699937025
12087     0.0024255994728086027
8765      0.008361112484230142
1886      0.003606023911556779
5316      0.003172623585243698
10275     0.005077174005777809
7747      0.005556986700752418
11077     0.0037771160910103365
9577      0.003946456436375035
1295      0.0027086952054209256
2947      0.005246514351142507
7516      0.002503651738338657
8749      0.004041176071958719
2675      0.0035613633769841107
8897      0.005341233986726191
3790      0.0026363272802997595
11063     0.002844084263156913
7870      0.05341233986726192
1617      0.0022112463612056227
12044     0.0028087573499025052
12088     0.006641291901493664
11989     0.003204608335301584
8136      0.002905412167783211
7769      0.0017961931266063517
967       0.00312823579143171
9388      0.006641291901493664
2132      0.005556986700752418
2967      0.006641291901493664
2920      0.0028087573499025052
6241      0.0033419639306083966
4114      0.017890726000044682
7426      0.0018742912407953114
9314      0.003606023911556779
9543      0.002558701836671864
5186      0.0015600722038747348
8499      0.005246514351142507
3656      0.009470848993694924
507       0.0044726815000111705
3565      0.0014781593218063274
10259     0.0023682626806026696
737       0.004450668381626997
6437      0.006161479206519055
11024     0.0019208729373983821
11572     0.005077174005777809
6022      0.0020419060158409236
5587      0.0026463985216075626
7773      0.0034366835661920805
4417      0.004028921981182611
3640      0.004679004971232201
10574     0.0040745124654655625
6172      0.00698172442631192
10145     0.0021106166108081762
11863     0.003885985058568859
3837      0.0036763434309199546
7425      0.0026066089129541206
11994     0.005979062885999674
10009     0.005681666511544448
2964      0.006641291901493664
1920      0.01687250599827645
104       0.002892889683616592
11958     0.0020060437650017662
11001     0.0016265241147457455
8536      0.0032209308521658547
5363      0.002616438346399216
7351      0.004041176071958719
12111     0.0018886495907297388
2210      0.0025126507452871193
8888      0.003518327226621081
331       0.0026363272802997595
496       0.010001602923815871
12137     0.0038872759194997315
5963      0.002733565339314451
11912     0.0012523992440308638
19        0.007461537121286528
8159      0.001816082060506895
4112      0.004623954872898994
10143     0.003156949664564975
6614      0.0034768014321885556
9583      0.001994327196901701
9874      0.005556986700752418
9123      0.004736741480959553
12005     0.0024089321027549737
5463      0.004736741480959553
2027      0.005979062885999674
9714      0.0038309146147044973
670       0.0026980820068282165
5255      0.0037007435471404625
2658      0.0021767435174210826
10882     0.0018620933569019468
5169      0.005681666511544448
3033      0.005681666511544448
6607      0.001982725498965621
564       0.0024947206490709846
8101      0.0019429925292844296
4016      0.0012968202555360393
10385     0.002156514585325151
1131      0.003052686721526058
2313      0.0044726815000111705
11722     0.004218126499569113
9029      0.0020060437650017662
5254      0.004929060484462842
7127      0.004861421291751583
10919     0.0032542672456726983
8007      0.011363333023088895
9021      0.017463140045102396
8898      0.009594880208301406
5532      0.00380370965310613
4676      0.00698172442631192
5996      0.0032209308521658547
10958     0.0009443247953648694
9721      0.009358009942464402
9471      0.0024089321027549737
9078      0.0035396496721577476
10578     0.0024172364435778764
2551      0.004797440104150703
9553      0.003518327226621081
1572      0.002844084263156913
1520      0.001816082060506895
3873      0.005043437421631065
625       0.006641291901493664
5015      0.002616438346399216
12162     0.004623954872898994
12113     0.0028321910604254415
667       0.0015086994351350329
5968      0.002054105749777557
4571      0.007461537121286528
10343     0.0033238969581315214
6616      0.0019154070444893938
4739      0.0019769670267220265
11140     0.0030670306997068676
11897     0.003172623585243698
11240     0.004571352270186769
5387      0.001618010670034168
11549     0.001500990198026411
11484     0.005077174005777809
487       0.002892889683616592
8686      0.0024089321027549737
3312      0.002104202699654287
4111      0.005252682058766247
4210      0.003204608335301584
6873      0.005341233986726191
10522     0.0020060437650017662
7150      0.00426013920603244
11412     0.0012649217281974824
7123      0.0014121962819403293
7207      0.00118874590342222
12191     0.002943794896062789
676       0.005077174005777809
10903     0.0023059659967893066
7888      0.0009685749003395778
6114      0.002712996595256437
8223      0.005979062885999674
4129      0.004338572446413945
5436      0.00226863281510705
3419      0.0016265241147457455
7753      0.002943794896062789
2262      0.008217630529339956
3857      0.002017877500725969
2613      0.000985850589797395
1720      0.002844084263156913
7400      0.003417123390096376
4451      0.0037007435471404625
6055      0.006641291901493664
7847      0.0026980820068282165
8349      0.003751107050393905
457       0.006049020127857462
2744      0.005966928866626532
4255      0.002956870871217472
9930      0.0019655334719710506
7368      0.002392496231447309
4891      0.0024255994728086027
9791      0.004989441298141969
2447      0.0026066178443043242
7490      0.0022324415017331936
10742     0.0032209308521658547
4196      0.0037007435471404625
628       0.004338572446413945
1279      0.005681666511544448
2611      0.007461537121286528
2122      0.004256928785984945
449       0.0016878974678102977
5476      0.0035396496721577476
4938      0.007461537121286528
8743      0.0034565725000926238
9739      0.003141480637612139
11995     0.0025126507452871193
9554      0.007461537121286528
10223     0.002530856699937025
8835      0.0050008014619079355
1475      0.007461537121286528
9179      0.007461537121286528
5070      0.00698172442631192
