t_index   tf-idf
6203      0.0025487652627381664
208       0.0013832576935357923
9539      0.007129668447634943
3340      0.006255367401426705
5517      0.012344417707169568
1597      0.051313850936814356
8646      0.0052644599904189794
6324      0.003681588464377247
596       0.008950073096902938
2284      0.007973887608936185
9600      0.002466395557743483
10389     0.002908030935560707
2150      0.0017199522615198865
10401     0.0021126494606741285
7888      0.006117022745356836
3641      0.0026322299952094897
7475      0.001473851787819413
3993      0.0013479165736619621
2637      0.00410209367425494
10158     0.0041956330385504404
1800      0.0026143714364061563
6231      0.007153092330848279
4138      0.002172703885629433
6973      0.0027268767045789126
7207      0.0025025033263247885
11066     0.005614051312557508
5569      0.0019628621309196272
1726      0.0016846111416460564
9264      0.0040539944365161566
4769      0.005235916106141789
10881     0.004684690141655185
4664      0.005036593405016228
8044      0.00382030866925031
7798      0.0058114992718472985
2499      0.003986943804468093
10737     0.003986943804468093
2923      0.0058114992718472985
1399      0.0015467785808754555
1485      0.0058114992718472985
8686      0.0033807957235605177
1955      0.0011971593787665112
11956     0.004475036548451469
4382      0.002908030935560707
1562      0.003044466707139422
7356      0.0058114992718472985
1668      0.002142133894455188
2363      0.00764061733850062
4397      0.001387278965214118
5012      0.005235916106141789
10371     0.004323638372452186
11835     0.007783414067103278
4998      0.007240099745689862
2035      0.0032078131609149982
9645      0.002769310730687644
6800      0.0058114992718472985
9538      0.0024255489627801013
3305      0.004323638372452186
5719      0.006489451007089602
6499      0.002727782528597326
4641      0.0031431364243297544
11927     0.002466395557743483
12099     0.003986943804468093
2285      0.003366463705971908
1211      0.0031060052986717386
1360      0.002248740457085433
5582      0.005214610042147979
8332      0.0029599472759882684
10910     0.002950493186267449
11912     0.0008788346511650612
4838      0.002758511603110423
9411      0.007497248715218941
10607     0.005235916106141789
2160      0.0023978667001249903
5033      0.026849309356294326
12171     0.001591699507202341
4414      0.0022044424359534513
6596      0.01159980226075823
6821      0.009279841808606583
2877      0.0057828901756985665
8036      0.00720844440663924
2402      0.006367085239742894
7450      0.003986943804468093
10037     0.0055924825809706615
8590      0.003366463705971908
3944      0.0025629906593501303
226       0.0032151320543851412
4419      0.00438745512996427
1838      0.0028832413042712847
9786      0.0035091666090252627
2738      0.004389615314985415
1713      0.002132188973449819
612       0.004937767082867827
8882      0.005508027952936018
5203      0.0029871756490563567
9474      0.008817769743813805
4677      0.004206098916089937
4067      0.0025968888753356593
7430      0.0023580002776142444
1088      0.003323870217040451
8519      0.003941927141163364
6161      0.001586805171383377
10958     0.0019879571695922017
50        0.00389945338274596
9714      0.002688232626379638
2613      0.0020753757158067532
1436      0.0021223617465809643
8685      0.001769542575275909
1508      0.001797476900807232
10243     0.0005177361719474621
9105      0.0025968888753356593
12010     0.0029599472759882684
8155      0.0031385738250556397
9575      0.0027908805402663992
5053      0.004323638372452186
8491      0.00135564119660984
6073      0.0055924825809706615
9371      0.001527874335440963
8165      0.0041956330385504404
12111     0.003975914339184403
12003     0.003074666070778489
3852      0.00476872822056552
10882     0.0026133394339694625
5790      0.0049981658101459605
8506      0.0023710775711712337
3154      0.002908030935560707
10289     0.0017320749728602669
2876      0.008912085559543679
5799      0.002473105797003715
11958     0.0014076827184620426
8113      0.0023580002776142444
11784     0.002971177932870775
10030     0.005159533610507164
2625      0.0015715682121648772
7557      0.003681588464377247
3696      0.0019082627801489714
10259     0.0033237185613047026
737       0.0015615633805517283
329       0.0018499657970745922
3801      0.002162388337088886
12093     0.0012467003687139727
2063      0.0011781419603046448
3419      0.0011413658701944333
110       0.0037140659939960824
10343     0.002332447769855198
12084     0.0020378932572514916
10992     0.00197914482866825
3790      0.0036999315941491843
6114      0.0019037662532679013
10032     0.005679901127185214
10571     0.00197914482866825
5562      0.00389945338274596
1613      0.00389945338274596
842       0.004323638372452186
8450      0.00295312577733508
8207      0.0032078131609149982
2232      0.003323870217040451
1802      0.006886606281676187
8024      0.004323638372452186
6871      0.0019082627801489714
1520      0.0025487652627381664
5363      0.001836009317645339
2022      0.005235916106141789
9081      0.006197166693241168
8707      0.0035091666090252627
6950      0.004716000555228489
6129      0.0058114992718472985
1179      0.011622998543694597
4617      0.0058114992718472985
10317     0.001797476900807232
8737      0.0058114992718472985
2656      0.0039257242618392545
2178      0.002769310730687644
4069      0.0012743826313690832
9545      0.0024688835414339136
8445      0.003323870217040451
6102      0.0034887545728922733
4549      0.0031060052986717386
4492      0.00389945338274596
4762      0.002688232626379638
10060     0.004660332940436281
10605     0.004899221538157695
9651      0.003681588464377247
7731      0.0058114992718472985
7987      0.002859170315154611
6854      0.0031724720410411683
4447      0.004475036548451469
11993     0.0026504810810722627
4580      0.004660332940436281
7049      0.001815504794907723
3937      0.005235916106141789
8150      0.004475036548451469
10674     0.0017824171119087356
9578      0.0029599472759882684
8255      0.0028357774730570742
4050      0.003986943804468093
4787      0.001581695056925773
2447      0.0018291180666533213
7771      0.0014457225439246416
3568      0.004475036548451469
3041      0.002908030935560707
337       0.0015766161971863084
6648      0.004324776674177772
1687      0.004323638372452186
1305      0.0058114992718472985
6242      0.004323638372452186
10574     0.002859170315154611
2041      0.005235916106141789
7461      0.004899221538157695
9979      0.003748055206746677
6349      0.0018222835344194814
8034      0.0012232129975049692
6681      0.0017505974726750504
6151      0.003044466707139422
3982      0.0026504810810722627
3888      0.0022599914904037014
3304      0.0027482870513349422
1229      0.0026143714364061563
11863     0.0027268767045789126
2646      0.0025968888753356593
4193      0.002093559172133783
1856      0.002688232626379638
12201     0.0035627588147618657
4518      0.0014457225439246416
3250      0.001494714233856506
10848     0.0018570329969980412
3573      0.0020566468295039808
10648     0.004899221538157695
8811      0.004899221538157695
335       0.004899221538157695
7516      0.0017568646041496887
1602      0.0041956330385504404
12113     0.0019874074936446213
9846      0.002769310730687644
7227      0.0012673750709744267
394       0.0058114992718472985
8347      0.0019628621309196272
3762      0.0022152973745608907
6471      0.008391266077100881
4429      0.008950073096902938
2038      0.002859170315154611
4305      0.0018570329969980412
11414     0.004690251481962835
11238     0.0005205702736022116
9729      0.002012700544760788
5968      0.0014414088148534672
2112      0.0019548389672607203
10434     0.0027908805402663992
1454      0.0020748979153667538
131       0.001871350437519169
2362      0.0027482870513349422
4073      0.002306888994781572
927       0.0019548389672607203
5996      0.0022601943073515653
1276      0.005235916106141789
10557     0.003986943804468093
384       0.0014901390653748801
5919      0.004899221538157695
12196     0.0021126494606741285
11995     0.0017631793948764299
5643      0.003411360638762583
11979     0.0058114992718472985
8106      0.0012993855388838413
9581      0.0014632051049951382
11187     0.0031060052986717386
158       0.002132188973449819
346       0.0020476695422986654
12137     0.005455565057194652
10110     0.00238436411028276
10033     0.0025629906593501303
6989      0.0012199112397602162
1156      0.005235916106141789
4546      0.006822721277525166
2590      0.0035627588147618657
8159      0.0012743826313690832
621       0.0014286004738425643
731       0.00389945338274596
6233      0.0017568646041496887
5764      0.001871350437519169
4412      0.0017443772864461366
7340      0.003366463705971908
1437      0.003681588464377247
9589      0.0025487652627381664
5524      0.0035627588147618657
1879      0.0013402631464082835
3730      0.0013595306228248553
3745      0.003986943804468093
9114      0.003986943804468093
11966     0.004899221538157695
5028      0.004660332940436281
10684     0.0016128383685791651
8678      0.0034588244699767937
11814     0.0019957532018711035
331       0.0036999315941491843
11884     0.003192393129449618
10553     0.0019468925814650079
3449      0.0017320749728602669
10237     0.0015971207199239241
11930     0.001602326950010871
3903      0.0013066697169847312
3224      0.005235916106141789
10223     0.0017759548926900347
1541      0.004899221538157695
8164      0.00389945338274596
9827      0.004323638372452186
10010     0.004660332940436281
2339      0.0008551383590444939
10772     0.001923499739367471
168       0.0030153271917345717
2675      0.0024990829050729802
7256      0.0014201700361655945
10568     0.0023978667001249903
4049      0.0011687941207406277
3951      0.0041956330385504404
10769     0.0015467785808754555
9824      0.0019375133467825596
11867     0.0019957532018711035
8959      0.0012779087130103267
11082     0.0026504810810722627
3565      0.0010372552028736562
4376      0.001285006115009786
932       0.002859170315154611
11540     0.0020566468295039808
10690     0.0035627588147618657
6241      0.0023451257409814177
9349      0.0030153271917345717
758       0.0008788346511650612
7426      0.0006576146131662326
2660      0.0019957532018711035
2605      0.0024838459458544804
11220     0.0014901390653748801
6036      0.002769310730687644
12064     0.001532252420740615
2437      0.0027908805402663992
