t_index   tf-idf
569       0.012941074440084565
7924      0.01801804098274991
11689     0.05567363270065257
9471      0.01262968688158679
10478     0.02320629673150456
1560      0.011971671355081223
4659      0.0620721219492702
11377     0.06963868936709071
1192      0.044722453935348946
3179      0.03781173644403823
233       0.022972147928816425
667       0.007909895609922245
1879      0.010013680365307604
1845      0.03562921227651095
7668      0.05957633170676607
1013      0.06103783234811981
5594      0.05409388809993997
8874      0.006232424950799354
11690     0.01980288007715419
7426      0.009826641219598276
9371      0.007610269308910701
8259      0.00849928689848395
7282      0.025842359968540903
7423      0.026218487664574464
4770      0.017521439464761163
11238     0.0038894036156279523
11706     0.021541931459055454
10078     0.043420201702516245
3031      0.020851864607990385
7150      0.011167650632956466
12171     0.003964089725080115
9849      0.011593248779463765
4069      0.009521458802943293
2885      0.043420201702516245
11835     0.008307603177744927
3861      0.010099652275150455
8920      0.015433896097929193
7518      0.043420201702516245
7475      0.0036705927858550137
5436      0.011894117759204105
2966      0.016633612225491957
1942      0.008663497547167592
8686      0.01262968688158679
11739     0.01212974887151208
2164      0.013874689391856793
11412     0.006631803917835372
10243     0.003868228827550324
2082      0.015571773036160348
4794      0.007769568308995552
1913      0.010965321609137688
6756      0.01953308944629171
910       0.02252880173253116
7217      0.007041020795685801
