t_index   tf-idf
8259      0.003004798398453922
1942      0.01429331245155596
3634      0.00775325770343069
103       0.006121753203239939
7227      0.0022317749566317345
2613      0.001218205947662101
8888      0.013042687799696332
8261      0.00468028178781836
1920      0.01563689318527136
7753      0.0072752372178790815
8685      0.0031160631881121223
9429      0.004953577087909569
2270      0.028773000234446643
368       0.0033107031231536335
11970     0.005482187457577605
4970      0.0038555319785995128
9264      0.0017847130389713384
10933     0.0023534343580337335
384       0.005248099199939814
9505      0.0036216373462309155
5362      0.006374700617838043
11827     0.003959903229143708
10385     0.002664784016209867
3860      0.004175331884587729
5212      0.009085643361263458
106       0.005928149893007772
5759      0.0027268474681172087
11238     0.000916694454861807
3774      0.006641991082105841
201       0.007544350348821975
6209      0.005469497546145856
559       0.016083394826605233
4138      0.003826007179071358
5395      0.006078744458045322
11972     0.011856299786015543
8313      0.005165872528135458
6114      0.001676211701109617
1845      0.004198728719454152
8262      0.0032209722183827844
9493      0.0054996474614717435
5481      0.0055268488569161596
9785      0.011173083349929502
10882     0.004601941158134778
3419      0.004019759933412044
110       0.0032701288128955406
4376      0.0022628222159936638
11138     0.0035614081412089224
8974      0.008968646081334684
6403      0.001688872135026475
9545      0.004347562599898777
9113      0.005414310959653703
8320      0.0034997108389768924
2249      0.002281771997166816
9029      0.0024788486927799606
10805     0.0063235257512361896
621       0.012578418313462307
11958     0.0024788486927799606
5434      0.0046037584553549485
10122     0.0039010118750685044
5593      0.006600110683934385
8114      0.015227359385808036
6150      0.003544250454242061
8871      0.005853145197010626
12112     0.004572972665995117
472       0.0035901894463853147
7207      0.0014689217055756053
131       0.0032953410061364492
5435      0.007919806458287416
8805      0.011511416678229473
4049      0.0041163590919013355
1886      0.004455928537176222
398       0.004914580884038138
7140      0.002281771997166816
3527      0.005077222902807683
4347      0.0027410937287888023
10786     0.003863028675035881
10903     0.0028494596660662472
11027     0.0026080683372612817
9492      0.0037373575537435837
3068      0.0047002068777439385
9551      0.02502300874481827
6102      0.003071748554920301
8299      0.00896086641205132
3251      0.0025766204374156813
11912     0.001547577517034771
1983      0.01006967053754789
1922      0.009220148564013993
2091      0.005853145197010626
7312      0.014776539253615354
3185      0.014410406691478805
7422      0.012966133110230978
6076      0.0038818969495072564
4518      0.00254583464805585
4451      0.004572972665995117
10540     0.006600110683934385
7768      0.006179441537105092
3785      0.009086212452271725
9581      0.005153240874831363
6020      0.004843554431414701
3903      0.002300970579067389
12171     0.0018685944832027481
6247      0.004321681021897797
6079      0.003414505905425477
1617      0.005464831074494704
3861      0.002380389425119636
2791      0.006273814343839918
487       0.003574715534974038
11140     0.003789899888189968
5626      0.008350663769175457
7097      0.00558854615914819
7475      0.001730245757642094
2685      0.0032209722183827844
8889      0.0038818969495072564
6395      0.007388269626807677
5989      0.0061654038936636455
10902     0.003414505905425477
11416     0.008627248701873652
5764      0.0032953410061364492
6232      0.002906810976836552
9892      0.00499364181282441
1732      0.009220148564013993
10872     0.009220148564013993
2282      0.005414310959653703
7552      0.005031367325384923
6061      0.006600110683934385
7870      0.006600110683934385
9123      0.011706290394021253
12005     0.0029766938778150683
5463      0.005853145197010626
5810      0.008627248701873652
9471      0.0029766938778150683
9078      0.004373910537649473
10578     0.002986955470683773
8007      0.007020779830763678
9021      0.007193010546074725
8898      0.005928149893007772
10068     0.0031851597104845188
2551      0.005928149893007772
5646      0.004803468897159601
2686      0.0028588633703900525
2241      0.0055268488569161596
3583      0.0031048579916510867
3726      0.007880283214949893
10574     0.005034835268773945
6555      0.019800332051803156
8651      0.007880016157879872
3536      0.012014421643588086
1454      0.007307552927520621
7780      0.004803468897159601
4073      0.002031149737829566
3800      0.006483066555115489
8800      0.003442359528206588
4103      0.007880283214949893
758       0.003095155034069542
6176      0.017141327660140718
5033      0.003940008078939936
3708      0.0032953410061364492
9364      0.004021266259804311
7671      0.005853145197010626
5486      0.004347562599898777
7204      0.0029766938778150683
8857      0.009220148564013993
11549     0.0018547589315679894
7840      0.006374700617838043
8362      0.006600110683934385
1323      0.005586541674964751
8028      0.0023668497822478367
2834      0.003544250454242061
11640     0.006273814343839918
6668      0.004667345472729944
6734      0.012181583823554634
6311      0.0019128700610006682
1056      0.008542505774639683
5650      0.00686671420598026
1200      0.006090791911777317
9500      0.0017807040706044612
4102      0.00406365389383805
6900      0.0020419017787937084
7692      0.0052602453348702845
3862      0.004733823783153368
8924      0.007880283214949893
6038      0.004085317563889935
9595      0.007193010546074725
7529      0.004635206355200549
981       0.009220148564013993
1505      0.005165872528135458
10537     0.007613679692904018
6858      0.007880283214949893
1442      0.007880283214949893
531       0.007880283214949893
9398      0.007880283214949893
5084      0.007020779830763678
11248     0.015760566429899786
3998      0.004222506007290809
3616      0.0040005244796534065
5255      0.004572972665995117
214       0.012547628687679837
8104      0.0035901894463853147
583       0.004914580884038138
6706      0.005713775886713571
3526      0.007613679692904018
671       0.00406365389383805
1078      0.007613679692904018
7771      0.00254583464805585
