t_index   tf-idf
8259      0.0028974841699377103
1942      0.017720790437388254
6361      0.0038966326321160684
2658      0.002593717113290706
4137      0.004577664727436404
4451      0.008819304427276298
1920      0.020104576952491748
9429      0.004776663620484228
2270      0.033911035990597825
368       0.003192463725898147
9505      0.006984586310588194
8261      0.0022565644334124235
7753      0.007015407317240543
6110      0.008890857543870636
8430      0.004409652213638149
384       0.005060667085656249
5362      0.006147032738629543
11827     0.0038184781138171477
10385     0.0025696131584880865
3860      0.004026212888709596
5212      0.008761156098361192
106       0.00571643025397178
5759      0.0026294600585415944
11238     0.0017679107343763422
3774      0.006404777114887776
201       0.007274909264935477
6209      0.0052741583480692186
4138      0.003689364065533096
10544     0.001968976715265362
11138     0.003434214993308604
5255      0.008819304427276298
4049      0.00595401940078586
6607      0.0023625333055856588
1476      0.00498137708070205
7368      0.0028507990809777998
2882      0.0032793192905549596
1617      0.013174146340299732
6395      0.01424880570884338
6765      0.006251528463861365
9551      0.02757637698408544
11364     0.008890857543870636
4703      0.005958747196494196
6535      0.001984673133595287
7475      0.0025026768994466002
6114      0.0016163469974985593
10988     0.001752360508304329
7775      0.004631916436546759
7922      0.0032149223912531027
5395      0.005861646441686561
7312      0.021373208563265068
3185      0.018527665746187034
11970     0.0026431975241892024
4970      0.0018589172039676224
8262      0.0031059374962976857
9493      0.005303231480704896
5481      0.005329461397740583
9785      0.010774044658860593
9264      0.0017209732875795047
3634      0.004984237095062586
443       0.0026771762049624653
5488      0.004597937755773496
621       0.01212918908798151
10933     0.0022693831309611003
11958     0.0023903183823235337
5434      0.004439338510520844
10122     0.0037616900223874867
5593      0.006364392445222443
8114      0.01468352512202918
6150      0.003417670080876274
8871      0.00564410429711739
12112     0.004409652213638149
472       0.0034619683947286965
7207      0.0014164602160907625
131       0.0031776502559172906
8974      0.004324168646357795
5435      0.007636956227634295
8888      0.0083845850140905
8805      0.011100294654006993
1886      0.004296788232277072
398       0.004739060138179633
7140      0.002200280140125144
3527      0.004895893513421695
4347      0.0026431975241892024
10786     0.003725063365213171
10903     0.0027476932494210245
11027     0.0025149230395019504
9492      0.003603880498252742
3068      0.004532342346395941
6102      0.0029620432493874336
8299      0.008640835468763772
3251      0.00248459827893655
11912     0.0014923068914263866
1983      0.009710039446921179
1922      0.008890857543870636
2091      0.00564410429711739
7422      0.01250305692772273
6076      0.0037432577727391403
4518      0.002454911982053856
10540     0.006364392445222443
7768      0.005958747196494196
3785      0.00876170486469059
9581      0.0049691965578731
6020      0.004670570344578462
3903      0.002218793058386411
12171     0.0018018589659455073
6247      0.0041673352711157335
6079      0.0032925592659459966
3861      0.002295375517079649
2791      0.006049749545845636
487       0.00344704712301068
11140     0.0036545463207546124
5626      0.008052425777419192
7097      0.005388955224892898
2685      0.0031059374962976857
8889      0.0037432577727391403
5989      0.005945210897461373
10805     0.0030488427729174488
10902     0.0032925592659459966
11416     0.008319132676806736
5764      0.0031776502559172906
6232      0.0028029962990923896
9892      0.0048152974623663965
1732      0.008890857543870636
10872     0.008890857543870636
2282      0.0052209427110946425
7552      0.004851675635192605
6061      0.006364392445222443
7870      0.006364392445222443
9123      0.01128820859423478
12005     0.002870383382178816
5463      0.00564410429711739
5810      0.008319132676806736
9471      0.002870383382178816
9078      0.0042176994470191345
10578     0.0028802784895879245
8007      0.00677003769395069
9021      0.006936117312286343
8898      0.00571643025397178
10068     0.0030714040065386436
2551      0.00571643025397178
5646      0.004631916436546759
2686      0.0027567611071618366
2241      0.005329461397740583
3583      0.002993970206234977
3726      0.0075988445287016836
10574     0.0048550197234605895
6555      0.019093177335667327
8651      0.007598587009384163
3536      0.011585335156317085
1454      0.007046568894394885
7780      0.004631916436546759
4073      0.0019586086757642247
3800      0.006251528463861365
8800      0.0033194181164849248
4103      0.0075988445287016836
758       0.002984613782852773
6176      0.016529137386564263
5033      0.0037992935046920816
3708      0.0031776502559172906
9364      0.003877649607668443
7671      0.00564410429711739
5486      0.00419229250704525
7204      0.002870383382178816
8857      0.008890857543870636
11549     0.0017885175411548472
7840      0.006147032738629543
8362      0.006364392445222443
1323      0.005387022329430296
8028      0.002282319432881843
11972     0.00571643025397178
2834      0.003417670080876274
559       0.010339325245674791
11640     0.006049749545845636
6668      0.00450065456298959
6734      0.011746527258427683
6311      0.0018445532731077875
1056      0.008237416282688266
5650      0.006621474412909537
1200      0.005873263629213842
9500      0.001717107496654302
4102      0.003918523397629548
6900      0.001968976715265362
7692      0.0050723794300534895
3862      0.004564758648040749
8924      0.0075988445287016836
6038      0.003939413365179581
9595      0.006936117312286343
7529      0.004469663271086244
981       0.008890857543870636
1505      0.00498137708070205
10537     0.00734176256101459
6858      0.0075988445287016836
1442      0.0075988445287016836
531       0.0075988445287016836
9398      0.0075988445287016836
5084      0.00677003769395069
11248     0.015197689057403367
3998      0.004071702221316137
3616      0.003857648605380071
214       0.012099499091691272
8104      0.0034619683947286965
583       0.004739060138179633
6706      0.005509712462188087
3526      0.00734176256101459
671       0.003918523397629548
1078      0.00734176256101459
7771      0.002454911982053856
