t_index   tf-idf
8259      0.012933697454214707
1942      0.026367166447901366
7753      0.04697272725456711
4049      0.026577361962928186
6009      0.017099154091222694
6607      0.015818701263486584
4970      0.024893326035740335
8876      0.025963393025258266
2270      0.06192450050456994
2320      0.024941728619253405
1743      0.016388191525399203
1710      0.028240248471345507
11884     0.012098707294943117
6566      0.022690846186491025
2083      0.024702698525743336
2569      0.03878568726245284
9148      0.052985959301047277
384       0.016942233286762226
2439      0.04427064435244344
9551      0.02308022856276716
6900      0.013183583223950683
8299      0.01928534293028436
3862      0.030564036165142403
3080      0.029724266548704775
8054      0.033653313594388355
4555      0.03101370135774786
6347      0.03689111822508545
4102      0.026237069705867408
338       0.00784555956817442
2210      0.020046583120008104
1920      0.033653313594388355
9600      0.014020922572824366
910       0.03428295915819959
7217      0.010714596863000133
12093     0.014174441148639298
6201      0.033063047376048905
5486      0.028070132438476884
2385      0.06607421998208994
