t_index   tf-idf
8259      0.0022535987988404416
1942      0.012251410672762251
4451      0.0034297294994963382
7753      0.021825711653637246
4137      0.0017802029495586017
7888      0.0008976439101631946
5186      0.004337473475924452
2569      0.004505408116345533
9148      0.02461973866513308
4049      0.006174538637852003
1710      0.0032804329032371047
8187      0.002630808986354797
4970      0.004337473475924452
11884     0.0014054053928469277
6566      0.0026358053650974425
2083      0.002869505384303519
3797      0.0030804802617026986
2320      0.005794543012553822
9379      0.0030639881729174518
11970     0.004111640593183204
443       0.002082248159415251
338       0.000911352879131372
5436      0.0021024955634956753
531       0.011820424822424841
9398      0.059102124112124205
5084      0.005265584873072759
559       0.020104243533256537
1796      0.006915111423010495
2093      0.0029257589063013787
3616      0.003000393359740055
3455      0.006915111423010495
5387      0.002999039979305756
214       0.00941072151575988
9493      0.002062367798051904
6706      0.008570663830070359
3526      0.03426155861806808
2091      0.00438985889775797
9551      0.021448293209844232
10910     0.0012989124043921514
7552      0.005660288241058039
11238     0.003437604205731776
12063     0.007682638287207325
3460      0.006915111423010495
3185      0.010807805018609102
1617      0.006147934958806543
4412      0.002303811416190226
6054      0.005265584873072759
8299      0.01344129961807698
10805     0.0023713221567135713
6395      0.011082404440211517
5989      0.006936079380371601
9264      0.0035694260779426767
5093      0.005910212411212421
2738      0.003864930656123522
8054      0.00781844659263568
4555      0.0036026016728697013
3785      0.0045431062261358625
2366      0.0038073576271129466
2346      0.002869505384303519
6347      0.0042853319150351794
4102      0.0030477404203785377
6900      0.006125705336381126
3862      0.007100735674730054
758       0.0011606831377760783
3857      0.0037402072866991446
103       0.006886972353644932
6038      0.0030639881729174518
8106      0.001716107668778407
3152      0.004862299916336617
944       0.0021370947495496857
12171     0.003503614656005153
3251      0.001932465328061761
8373      0.006333759010936213
8313      0.0038744043961015944
6833      0.006915111423010495
10734     0.006915111423010495
4172      0.005970109205782166
6203      0.0016830861520354308
384       0.00787214879990972
3848      0.005408743285970717
11863     0.0018007026723418833
11549     0.0013910691986759923
8408      0.0020755812499046234
7837      0.003476404766400412
3407      0.0033849598859598947
6161      0.0020957048096805716
12084     0.0013457300170991542
1467      0.0035251551583079543
7922      0.0025004951931968575
4330      0.004505408116345533
10563     0.003341946402882167
7097      0.0020957048096805716
3952      0.00470536075787994
11066     0.0024715057546023374
8686      0.002232520408361302
11912     0.0011606831377760783
3159      0.0034297294994963382
3419      0.001507409975029517
8261      0.001755105670431885
1920      0.00390922329631784
11917     0.004862299916336617
4899      0.004102123159609393
2211      0.004020848706651308
11827     0.0029699274218577816
10385     0.0019985880121574004
3860      0.0031314989134407964
6668      0.0035005091045474585
6734      0.004568093933832988
11972     0.004446112419755829
10574     0.0037761264515804587
6555      0.004950083012950789
1798      0.001881181548016526
10145     0.003912102505891923
876       0.001932465328061761
8179      0.006915111423010495
8325      0.0037761264515804587
2270      0.004795500039074441
5654      0.004781025463378533
11138     0.002671056105906692
5255      0.0034297294994963382
8104      0.0026926420847889865
583       0.003685935663028604
671       0.0030477404203785377
11248     0.005910212411212421
1078      0.005710259769678014
7771      0.001909375986041888
3790      0.002443262908762656
4468      0.0026581878406815463
12066     0.0036026016728697013
7217      0.0012446248881262782
10768     0.002985054602891083
5363      0.002424830487698264
635       0.0024340079742010265
8262      0.0024157291637870886
5996      0.002985054602891083
7425      0.001207860443250205
3773      0.007675288179737721
556       0.010789515819112088
12111     0.0017503393934288239
8230      0.004568093933832988
11715     0.006470436526405239
5631      0.004189906256223563
10647     0.002842424916142476
8247      0.0023540508826471436
2249      0.001711328997875112
902       0.002897271506276911
8055      0.008121466439480555
7568      0.003476404766400412
11927     0.0016286930261361638
8882      0.004849660975396528
4906      0.001349151870849069
10243     0.000683777823051825
11540     0.002716228009673187
545       0.0035005091045474585
7392      0.005910212411212421
5209      0.005316375681363093
2344      0.008379812512447127
9505      0.002716228009673187
1399      0.002042841408580463
3570      0.0035005091045474585
96        0.017730637233637263
3565      0.0013699102805629349
5626      0.009394496740322389
7642      0.005910212411212421
967       0.0014495739084033304
5285      0.003945184001152714
11234     0.0035761738100460526
8972      0.004189906256223563
487       0.005362073302461058
3031      0.003685935663028604
5486      0.003260671949924083
9083      0.01230986933256654
8821      0.006915111423010495
7475      0.0012976843182315708
2613      0.0018273089214931517
6765      0.009724599832673235
324       0.0023120264601238674
6572      0.006470436526405239
5303      0.004862299916336617
3668      0.004336350566773278
6311      0.0014346525457505015
3356      0.005150035654485195
4397      0.0018321891384014742
952       0.005045508671762405
2418      0.00438985889775797
2339      0.001129387277222905
4111      0.0024340079742010265
7153      0.004943011509204675
3250      0.00197407965734079
1008      0.004060733219740278
8053      0.0046345811528288195
10544     0.0015314263340952814
12137     0.0036026016728697013
6076      0.0029114227121304426
621       0.0018867627470193465
9747      0.0019266472601083156
6055      0.00615493466628327
7191      0.005910212411212421
4419      0.005794543012553822
9538      0.0064068793309797634
2555      0.006915111423010495
1417      0.01230986933256654
9581      0.001932465328061761
131       0.0024715057546023374
6028      0.002388869782863389
1454      0.0027403323478202334
4518      0.003818751972083776
10434     0.003685935663028604
3304      0.0036296821410307448
8751      0.0034297294994963382
10803     0.005265584873072759
4414      0.0029114227121304426
4991      0.007675288179737721
10957     0.00470536075787994
5041      0.006915111423010495
10882     0.001725727934300542
2791      0.00470536075787994
4395      0.005910012118409904
6233      0.002320303504975473
5042      0.005910212411212421
2658      0.0020173355325594383
11140     0.005684849832284952
5443      0.0055412022201057586
3093      0.0037761264515804587
9933      0.007675288179737721
9849      0.004098623305871028
6740      0.001909375986041888
5658      0.006915111423010495
2651      0.0028833005754689287
7426      0.0008685162694089386
8034      0.0016155060547856034
5713      0.006915111423010495
9944      0.004336350566773278
9011      0.006470436526405239
1720      0.0026358053650974425
7768      0.0046345811528288195
4794      0.001373408539468911
1265      0.00615493466628327
7942      0.004102123159609393
4623      0.0042853319150351794
4739      0.0018321891384014742
11724     0.0038406570184299237
9033      0.010789515819112088
3112      0.006470436526405239
4210      0.0029699274218577816
6848      0.004568093933832988
257       0.005910212411212421
9815      0.005910212411212421
8685      0.0046740947821681846
9596      0.00224021660301283
6247      0.003241260766423348
6079      0.002560879429069108
9112      0.0032034396654898817
6182      0.0026247831292326696
6616      0.001775137336685878
109       0.0030804802617026986
8584      0.0036574482630041365
6056      0.007675288179737721
10455     0.0036574482630041365
7123      0.0013087778673537903
1527      0.0021441475277925396
7494      0.0029402849893546395
