t_index   tf-idf
8101      0.059423188187282136
7425      0.015943757850902705
9739      0.01921538990006092
5759      0.0033744737417950458
8917      0.022340735247335305
9078      0.02165085716136489
10153     0.010571350896116608
4397      0.006046224156724864
10351     0.0910004487356483
1955      0.010435239251581421
1845      0.010391853580649028
3563      0.010333946414354627
704       0.005273949489518183
9264      0.008834329542908125
9600      0.00537468698624934
3407      0.04468147049467061
10958     0.0028880599991575593
7475      0.004282358250164183
5274      0.006983474957130713
2522      0.017376430081140103
6777      0.008187577231997204
7544      0.018843857239937443
10522     0.012270301029260805
4412      0.015205155346855492
1508      0.007834003492684854
8338      0.012461217290215513
10145     0.006454969134721672
2610      0.010571350896116608
11199     0.018285967326349004
10910     0.0128592328034823
2169      0.01206957926791365
6616      0.011715906422126793
758       0.0038302543546610583
5075      0.008809524051138074
12171     0.002312385672963401
7447      0.005259784615535729
681       0.019503700957000988
4735      0.013678950920867496
2762      0.006534513450606925
9824      0.004222164501530328
7412      0.00965500439079455
9077      0.014672170985194235
3931      0.009850680189540573
4812      0.019503700957000988
2301      0.012566126684449015
5965      0.006960784471001769
7256      0.0061895744076217165
8491      0.005908336215224553
4749      0.010891836327943072
6236      0.025328450993134476
6936      0.022819867695934633
11984     0.0077402034073074015
10037     0.008124634416243488
419       0.0310553810020076
1620      0.025328450993134476
587       0.006534513450606925
3861      0.0058914638271710985
2438      0.009336133556667193
10714     0.0144865343626013
1572      0.008698157704821559
580       0.006319839599403413
1399      0.006741376648315527
10684     0.0070292872230575286
3251      0.006377135582603811
2613      0.0030150597204636996
4906      0.004452201173801926
10237     0.006960784471001769
4322      0.004884131492742496
12100     0.01102842312951115
11001     0.004974452917597405
2558      0.012260103292576183
6930      0.00746999432435035
7217      0.004107262130816717
6210      0.00579184871242522
9509      0.007629687318408761
6022      0.006244829231780159
11970     0.006784206978752286
4019      0.016650178616815933
3652      0.016045589723910837
10336     0.016045589723910837
