t_index   tf-idf
9596      0.008654885607737372
3520      0.027073053499069376
2270      0.01389525377175716
6311      0.005542657640167791
4397      0.007078506329824231
10907     0.004966950341981459
1295      0.0145476752252119
8299      0.01298232841160606
7153      0.004774225750353783
11238     0.002656178078965431
11912     0.002242100110045498
208       0.0035289940181425336
8101      0.013913722112144112
9264      0.0060332006634494515
4729      0.006581551410476212
4758      0.005465053789268601
5963      0.0016312495602087862
12181     0.004009415487620638
8646      0.006715396524363723
7337      0.005825932093472587
6616      0.0068580915641717815
6033      0.006275266069077081
3934      0.007234690821506585
2184      0.008093672572997713
11412     0.002264518410968176
5718      0.01717717578754447
2646      0.0066252335697587796
5582      0.004434538296005517
6543      0.011889532330966707
5304      0.009392540326191709
4286      0.0033057867471148502
10833     0.01533933722171184
2762      0.015300324177030849
2439      0.019867801367925837
5659      0.015085082157281262
10578     0.01298232841160606
9721      0.008376560119230332
2637      0.003488447140870461
7425      0.004666465712459328
681       0.0114168005601957
4735      0.016014381565893653
670       0.004830224861004661
1845      0.012166072484662277
3563      0.00604913936450027
9078      0.0063368362423507
7544      0.011030550579475577
10153     0.012376215683258468
1694      0.006298663864243594
8828      0.006375709070015456
12135     0.006538751779707894
8659      0.005070312776468961
5562      0.009948361556956766
7897      0.01249898958271451
5415      0.03237469029199085
634       0.00565170988729437
1798      0.0072677843220931146
5387      0.0028966337361099495
3850      0.007011483550478901
1560      0.004087887779783832
7030      0.006455662319713844
11855     0.008952654324488841
3250      0.003813344118570501
11196     0.004022294005504582
8822      0.0050948119144015895
5953      0.009548451500707565
3137      0.0047927281358032415
3407      0.013077503559415789
4812      0.0114168005601957
758       0.002242100110045498
10351     0.01775618511915089
4895      0.01017156882798445
4794      0.0026530233250228715
5075      0.005156794566519848
6248      0.01249898958271451
1546      0.01249898958271451
6880      0.0035289940181425336
7256      0.003623165506900517
6363      0.008952654324488841
6614      0.006224322563966829
10674     0.004547337314772043
9640      0.007844148073254389
1955      0.003054216366316514
4930      0.006224322563966829
3721      0.007844148073254389
7597      0.0038847613194626473
8171      0.013357971334205639
8039      0.008588587893772235
3104      0.0063368362423507
8718      0.005465053789268601
9001      0.01249898958271451
141       0.014826410337444572
1042      0.0114168005601957
8524      0.013357971334205639
11897     0.011359540056433533
4069      0.006502459670302736
9824      0.00494302185545014
10522     0.0035913076183202355
5181      0.0066698354206849745
10145     0.007557037035771714
2610      0.006188107841629234
11199     0.010703980873960392
2876      0.004547337314772043
5799      0.0031547178825193727
9077      0.01717717578754447
11024     0.0068776621270751825
381       0.016556014032721278
313       0.0057662518182676524
83        0.004498257675709136
10265     0.007844148073254389
11970     0.003971243109513533
4019      0.00974644601959957
3652      0.009392540326191709
11623     0.0066698354206849745
11420     0.007120148890533302
193       0.009392540326191709
6337      0.011889532330966707
8017      0.010421093327727773
9160      0.004811393539964475
6174      0.013077503559415789
710       0.008703129824745517
9025      0.008479922553717835
9740      0.008703129824745517
10335     0.008007190782946826
4536      0.005543044547239968
11065     0.008376560119230332
5958      0.007355781473823814
3902      0.021407961747920784
11503     0.007692761567205762
10992     0.005049232904358511
2800      0.007065119571461649
2579      0.005007692168151049
7888      0.0017339853093884148
6721      0.004387975769633662
10069     0.00729437109671152
9311      0.005737030531978934
464       0.007924101322952777
7199      0.005516727318524329
4982      0.012448645127933658
12140     0.01223496862600361
5416      0.009562111576236645
2057      0.00729437109671152
10736     0.009235541870721458
10243     0.0013208586240415741
