t_index   tf-idf
7561      0.006510585393937367
7932      0.006635861954654051
8259      0.0044179461601030435
273       0.006038961305120141
4163      0.06173378364741997
8060      0.005974778249850994
596       0.023172714008318007
11910     0.00783604804766664
6964      0.014340094179699385
8106      0.02018550406444304
2064      0.008955273256425065
9264      0.0043734304667862
12111     0.005147037622260996
8959      0.016543224180802
10043     0.00527864487909128
4909      0.008126109457941087
7918      0.030288328502615897
9527      0.007062526051764364
5144      0.0071700470898496925
3625      0.013920254095015353
5501      0.012210239061309405
9824      0.002508216535562571
7351      0.007342136724796287
2660      0.005167222398903897
11385     0.009224370594655723
7425      0.002367884829341986
7929      0.030866891823709986
2177      0.0049019608737918595
8904      0.005520469470862651
374       0.006593286846921786
2320      0.011359599173125314
9379      0.006006630279580746
5395      0.004468779960493715
4049      0.0030261352730066747
10122     0.005735646172749237
1798      0.0036878608565076446
9371      0.001318611018870666
11958     0.003644643870077467
4193      0.005420452708049349
5186      0.00283438860802984
670       0.0049019608737918595
11786     0.006862384185152443
8822      0.0025852387189414005
541       0.00840094771462342
2822      0.005061290989491866
10237     0.004135119487723824
421       0.010862950886940002
11343     0.011586357004159003
8337      0.013186573693843571
6361      0.002970700125474626
11183     0.009085614537228774
4468      0.0052111009153955066
2357      0.004203137654881213
12137     0.021187578155293093
8411      0.0074650257531380295
4146      0.005546217954455759
7689      0.0071700470898496925
12187     0.013556357047089882
7222      0.0063167629980851485
3888      0.0019504547021140855
4073      0.002986393426412778
5308      0.008041785996065937
9196      0.0036878608565076446
12171     0.0027473889183723577
705       0.007960645321867079
4641      0.004068961262189262
3376      0.012066109543802845
7207      0.004319502441148067
5289      0.013556357047089882
83        0.009130126965548246
6079      0.005020337890650331
8388      0.006815130136111699
4515      0.012684618140873637
4417      0.004879915402950556
6311      0.0028124871688970225
11457     0.012684618140873637
6119      0.007529208808407177
9820      0.006815130136111699
8977      0.008832384228083322
5292      0.012684618140873637
7408      0.006006630279580746
6681      0.004532487515886393
198       0.0070107169741496864
10486     0.0071700470898496925
5346      0.008126109457941087
11582     0.007283229678758129
7725      0.007402703340722087
1527      0.004203378321811117
4557      0.012684618140873637
3846      0.005707541554473541
3251      0.0037883973758042443
6900      0.0030022021203056012
11000     0.016252218915882174
443       0.004082031045190293
7447      0.0031246245240806316
10037     0.004826515494798112
5502      0.014684273449592574
5110      0.007807010501372184
4787      0.004095180766198908
1882      0.010096109500871966
10866     0.009085614537228774
2339      0.011070231727234413
10259     0.004302734672184058
5208      0.009372703383652967
2658      0.003954776588581868
9589      0.0032995154267625275
7592      0.008500964477436722
102       0.004753628084794616
704       0.0031330393007038713
5387      0.0029396530490224736
2185      0.005974778249850994
7475      0.0012719875990586682
10958     0.0017156792074203323
10175     0.008716141179323308
11027     0.003834635129537627
158       0.005520469470862651
11758     0.0070107169741496864
6897      0.014125052103528728
4162      0.0058222339557211945
9199      0.007663625868029032
4835      0.006430947671692541
11634     0.012684618140873637
11835     0.00287887238832745
1743      0.007463928813548152
6882      0.004845130093180819
5979      0.00788245588036593
5255      0.006723628127725494
7858      0.009704123134299567
2749      0.005255893633105393
12136     0.01057586204051581
338       0.0035732251498616164
3692      0.003811391955238717
1834      0.009532033499352973
729       0.006280010433336599
8174      0.006635861954654051
11723     0.010040675781300662
10544     0.0030022021203056012
3426      0.006815130136111699
1350      0.0066792972235030865
3776      0.004940700168405506
931       0.004845130093180819
11679     0.005061290989491866
4186      0.012684618140873637
7172      0.013556357047089882
9258      0.0070107169741496864
6102      0.004516382776293711
