t_index   tf-idf
9220      0.009907460361353475
3597      0.007665888681856932
6403      0.0053503469237638724
6203      0.0017773389765494145
10805     0.002504116197489531
8751      0.007243588702936265
1942      0.019406234505655404
10684     0.011246859556892046
7794      0.005438437651136366
7204      0.004715083102459068
3616      0.003168415387885498
8958      0.0062411843062403155
8388      0.003671083433318835
11507     0.005438437651136366
7957      0.005560457625964833
9112      0.0033828322867573146
564       0.0024414999418908034
6628      0.0060300343167799825
9106      0.006832780971883932
10243     0.0014441387622854544
11479     0.008105104317803032
8496      0.008105104317803032
8309      0.0036965376144021157
8510      0.008105104317803032
3281      0.002987562738133502
226       0.004484037505182477
8311      0.006613725705186962
11325     0.0062411843062403155
884       0.003749188436257468
2884      0.004579186198512581
5316      0.003104940948758499
11099     0.0060300343167799825
7475      0.002055531960078808
9543      0.002504116197489531
7426      0.0009171531804958391
9264      0.0028269854537305997
12103     0.004246016234223781
9640      0.004288134280045733
8695      0.003646176696641119
9180      0.005851509544431681
9371      0.0007102918021649988
11946     0.004288134280045733
6882      0.002609910076860068
10119     0.006240972797040859
12108     0.004331842056547518
12093     0.006954925790265682
7361      0.003529095401443568
10226     0.005696864352491182
9815      0.0062411843062403155
6989      0.003402739084771163
3312      0.004118626084123325
1399      0.0021572405274609685
4363      0.023475473576310777
3860      0.009920588557780443
534       0.006499611007595133
3703      0.004424541006572083
1726      0.004698942011098066
2357      0.004528180300192026
7049      0.0025320240206313043
8966      0.004021160539023685
5259      0.002191813799899282
5389      0.004894117697387233
6881      0.005134588711651468
4172      0.003152217660652983
6050      0.005328057157381098
8193      0.0038622653657323677
3565      0.0028932505125489182
8259      0.0015865335543836707
10345     0.004234141073930599
8725      0.008105104317803032
10647     0.00600320142289291
3570      0.0073930752288042315
768       0.006832780971883932
2443      0.0069707752498835655
1520      0.003554677953098829
4165      0.002987562738133502
1867      0.0046950947152621545
2040      0.005851509544431681
4111      0.0025703124207562835
6459      0.008111467622923998
3162      0.004635690996032416
619       0.004968860960321215
2164      0.002589942019813268
2834      0.008421139079279138
7123      0.006910347139628012
10578     0.002365668732781548
9006      0.004021160539023685
4225      0.0034227713693430555
9196      0.001986527714705451
9027      0.0044738300884227845
3768      0.003597914771060329
2105      0.004525310502277149
11412     0.0012379367313292695
8367      0.004288134280045733
7488      0.0032004342685113306
10424     0.0036965376144021157
758       0.0012256813934915386
10237     0.004454902061441133
9476      0.005328057157381098
5965      0.0022274510307205664
7351      0.003954964315756933
5363      0.005121241990018732
11912     0.0012256813934915386
208       0.001929183396584585
6233      0.0049004810025081984
7888      0.0009479119691323334
6435      0.0033828322867573146
6308      0.006499611007595133
367       0.009943510928301534
329       0.002580085631653365
330       0.0038622653657323677
384       0.004156494566352332
149       0.003252987156358049
12111     0.000924179199730419
6114      0.002655119334557633
11075     0.006304435321305966
6765      0.005134588711651468
5885      0.0044738300884227845
3483      0.005328057157381098
10224     0.0046950947152621545
10902     0.0027042886770969783
5218      0.008105104317803032
11884     0.0029682161896927113
8380      0.008105104317803032
8379      0.002880993938280116
4397      0.0019347917301519566
5569      0.005475076770511813
5710      0.0024590475293876607
8128      0.008576268560091466
1617      0.002164073105499903
6232      0.002302194293654549
547       0.004757710970860882
2032      0.005892883562307037
1807      0.008256279601823277
75        0.0023414563118430995
4978      0.002522646490703739
2339      0.0023852659294947747
8723      0.007302357662699082
8801      0.003804347366550404
955       0.006832780971883932
9029      0.003926496329363457
8932      0.002333496702377867
3511      0.006499611007595133
2090      0.006541337400177502
7771      0.004032602082520467
2261      0.002078247283176166
3369      0.003464137145818382
126       0.005851509544431681
8019      0.005560457625964833
7797      0.0023820962226610643
12171     0.0007399634153482883
3736      0.004169256236303748
3761      0.004055733811461999
186       0.003270668700088751
11158     0.005975125476267004
1045      0.0030896014050542557
5116      0.004055733811461999
5486      0.003443269579119831
10281     0.008105104317803032
2779      0.003671083433318835
9500      0.0014103176239187332
158       0.002973692888304681
5963      0.0017834995191616063
10515     0.0044738300884227845
9370      0.002760247321049319
3682      0.0032355715106008286
4417      0.0013143238818613496
11835     0.0031015051863581057
10881     0.0021778603947428103
4999      0.006148924768019494
2644      0.00504876288932773
5123      0.008105104317803032
6311      0.0015149930883125292
4677      0.002933052977486716
4322      0.0015629220776775985
4513      0.002726348746339618
9832      0.003529095401443568
6871      0.0026613904907144322
3419      0.0015918249336311695
2484      0.007302357662699082
10485     0.003184842877765014
6122      0.003892348060158205
11549     0.0014689690738018478
1560      0.0022347119862818282
3143      0.004968860960321215
11063     0.002783410465542899
2737      0.008962688214400506
4659      0.0038622653657323677
9359      0.0020284280485954884
191       0.0032886243871793333
6900      0.001617186208804617
9045      0.0032886243871793333
263       0.0046950947152621545
11689     0.017320685729091914
6011      0.004486780988658351
3159      0.0036217943514681326
2463      0.0027042886770969783
4049      0.0016300782003929287
11688     0.008105104317803032
4545      0.004757710970860882
11048     0.006499611007595133
331       0.002580085631653365
4440      0.007302357662699082
9503      0.0020284280485954884
4067      0.0036217943514681326
1334      0.005008232394979062
5352      0.004757710970860882
198       0.003776439543408631
11666     0.003804347366550404
2158      0.005438437651136366
9349      0.004205376323405816
4146      0.002987562738133502
2129      0.004525310502277149
4757      0.0029599871825649183
6648      0.003015810934126633
5740      0.005851509544431681
7960      0.005851509544431681
4286      0.001807163421756118
9493      0.0021778603947428103
3250      0.002084628118151874
11851     0.002671966989961369
3734      0.008105104317803032
12082     0.002868336778214885
10566     0.004021160539023685
9509      0.0024414999418908034
11554     0.007302357662699082
11001     0.0015918249336311695
12181     0.002191813799899282
10317     0.0012534405588295766
3791      0.0033253931458076887
8649      0.006499611007595133
9990      0.004055733811461999
7227      0.0017675657656523337
4966      0.0031015051863581057
8106      0.0018122096982299974
545       0.0036965376144021157
11958     0.003926496329363457
5131      0.006499611007595133
2793      0.003892348060158205
5137      0.00504876288932773
11690     0.0036965376144021157
6646      0.007445127694346399
1913      0.002046860033705702
3634      0.002046860033705702
3383      0.004635690996032416
5968      0.0040205696542312715
4412      0.0024328248554968787
6841      0.004331842056547518
6538      0.004166114305217266
1793      0.004377264294677599
6762      0.004424541006572083
1879      0.0018692203348574193
621       0.0019924214608524294
6247      0.0034227713693430555
5188      0.004968860960321215
4970      0.001526790663525407
2412      0.0062411843062403155
9775      0.002249371911378409
8273      0.004579186198512581
10882     0.005467106095864116
4113      0.007665888681856932
8495      0.0030896014050542557
140       0.004823907194127635
110       0.002589942019813268
5240      0.00993772192064243
11163     0.004968860960321215
8840      0.005560457625964833
8187      0.0013890671447953325
10386     0.004757710970860882
3431      0.004377264294677599
