t_index   tf-idf
7929      0.014170709428157766
4049      0.006946355967583503
564       0.010404119070557402
4016      0.0018027766431126004
2069      0.007087957562274093
1955      0.0023716452844503235
635       0.0036510119613015393
4162      0.004454891132786672
10122     0.013165915078356204
1798      0.008465316966074367
11758     0.005364260715069079
6897      0.059442927602350065
586       0.015181630624780507
7150      0.0029611194860111843
1219      0.0049815842786945005
3285      0.007725053481727793
8101      0.005402108017025649
9264      0.0026770695584570074
4283      0.0043671340681956635
5600      0.013903743458486459
11709     0.08735089310647072
9188      0.00970565478960786
8904      0.00844799115995648
7412      0.008777276718904136
4137      0.0026703044243379026
1986      0.007725053481727793
1879      0.002655142521104289
11200     0.01151293226960658
6721      0.0034073296696018967
7328      0.006852140900749482
1560      0.003174306798695779
6119      0.005760985527644886
4840      0.005403902509304551
8332      0.005863834944476759
3848      0.004056557464478038
2814      0.011727669888953518
374       0.005044863420750761
2439      0.007713824394743933
5387      0.00674783995343795
10568     0.0047503192582021595
8886      0.005973545913928717
11903     0.006758112174518299
5255      0.010289188498489013
7858      0.014850249038852367
5092      0.015450106963455586
2631      0.011911227766859572
5005      0.004777510866638234
9029      0.0027887047793774557
56        0.005973545913928717
7217      0.0018669373321894172
8874      0.001652536918772556
4960      0.004547594804692735
11995     0.003492965240607473
1175      0.007725053481727793
8875      0.006031273059976962
8450      0.005850321142220632
8906      0.005811606594152391
4966      0.0022027735698566093
3251      0.0028986979920926415
11001     0.002261114962544275
6182      0.003937174693849004
10769     0.006128524225741388
10250     0.003623593745680633
11138     0.002003292079430019
6022      0.0056771174834365085
2357      0.008040092862556865
6631      0.006852140900749482
3730      0.0026933125596113614
11572     0.007058041136819909
5363      0.007274491463094791
488       0.0028301441205290196
2089      0.008865318616818631
1343      0.004805159498234822
8536      0.004477581904336624
5631      0.006284859384335345
7516      0.003480455257463209
4970      0.002168736737962226
8274      0.009666561557675757
3934      0.005617847039427462
11300     0.006091099829610416
11958     0.0027887047793774557
704       0.0023972497679628107
283       0.0047235698093859215
11955     0.006354872284691455
338       0.005468117274788232
11864     0.004920649354855657
1913      0.0029074716387865085
1743      0.008566554661004129
1361      0.0036930156437470405
4286      0.002566993496812668
83        0.006985930481214946
9500      0.002003292079430019
4536      0.004304258076455279
4794      0.0020601128092033664
4835      0.004920649354855657
3520      0.004204527247961532
7411      0.003750742789795286
61        0.009232401999424905
1905      0.010372667134515743
352       0.009232401999424905
8362      0.0074251245194261834
11893     0.008092136864334066
1021      0.005572774223898265
6566      0.003953708047646163
6727      0.008926742588739031
9280      0.00856538965451702
2213      0.0071715381950677995
2749      0.004021554976845794
5395      0.003419293757650494
11835     0.0022027735698566093
5090      0.005287732737461932
5979      0.006031273059976962
3185      0.005403902509304551
8333      0.0071715381950677995
2918      0.004410427484031959
2637      0.0027088320601456233
10177     0.006354872284691455
11238     0.001031281261719533
9199      0.005863834944476759
6696      0.003035484909270234
8064      0.00621770496403068
2361      0.005287732737461932
8928      0.004861891149635022
7561      0.009963168557389001
2647      0.004243697071212361
11027     0.002934076879418942
158       0.00422399557997824
8259      0.0011267993994202208
273       0.0046207203925540475
4163      0.018894279237543686
4263      0.0038569121973719665
11434     0.008865318616818631
2261      0.0029520557999661453
6403      0.0018999811519047843
2210      0.003492965240607473
8187      0.003946213479532195
6387      0.0027166470622811286
9557      0.0046207203925540475
10923     0.006284859384335345
11219     0.006951871729243229
8805      0.0032375859407520395
11682     0.005444523211546116
9747      0.002889970890162473
485       0.0028555182203347097
1315      0.005444523211546116
2179      0.005364260715069079
10544     0.002297139501142922
11912     0.0017410247066641175
11524     0.008865318616818631
9379      0.004595982259376177
3931      0.008955163808673249
5501      0.0046713414590615525
2177      0.007501485579590572
2674      0.008092136864334066
11385     0.007058041136819909
9196      0.002821772322024789
10243     0.0010256667345777376
675       0.004833280778837878
11252     0.00970565478960786
497       0.0045716106305678066
73        0.008865318616818631
10497     0.006951871729243229
3583      0.006985930481214946
10237     0.003163992941364441
6607      0.0027562888565166015
4417      0.0018669373321894172
1454      0.00411049852173035
9498      0.009232401999424905
8686      0.0033487806125419525
507       0.00621770496403068
457       0.004204527247961532
2320      0.008691814518830733
6042      0.011235694078854924
4347      0.0030837304448874028
8373      0.009500638516404319
10578     0.00672064980903849
2613      0.0013704816911198636
12045     0.0033719507822755957
3850      0.005444523211546116
2793      0.005528903494542905
324       0.0034680396901858005
6361      0.0022730357020677066
8053      0.006951871729243229
855       0.007898377309609139
3606      0.006354872284691455
10827     0.006669168629633743
