t_index   tf-idf
7204      0.007704384154344884
6753      0.003180022924965854
1595      0.005310139712087527
9320      0.006621817253107054
11822     0.006621817253107054
12093     0.0014205322284039385
11758     0.00925597927306037
6897      0.06216253866912425
9824      0.0011038338566092363
2932      0.003614821083800722
5965      0.001819812933595234
7412      0.0025241841544560916
4049      0.002663526471230276
1798      0.0016229801590730813
7929      0.02716824465529158
5330      0.0021743386362046016
7201      0.0027322097694234644
931       0.002132279474558879
5021      0.003576196319181045
6387      0.007812579786952266
5972      0.0038870187670432053
367       0.002030945859538712
10131     0.00509900678614405
10708     0.006621817253107054
11082     0.0030200470705899645
1970      0.003503377679775926
8874      0.004752393753332841
10347     0.005310139712087527
9789      0.00715239263836209
8028      0.00153149103557213
8592      0.0029992511710121204
4213      0.011931956965194581
5427      0.014620359766087533
1573      0.011931956965194581
6388      0.00238547156214808
4794      0.0011849014850320017
3719      0.004443168015634286
7796      0.013628572612658905
2973      0.004542857537552969
3371      0.004270659854310485
12111     0.0015100967315856521
1570      0.005310139712087527
5735      0.002562290324740047
3848      0.0023331833782618784
9379      0.0026434407766346645
5963      0.0014571074502954303
6900      0.0026424611254977407
11031     0.0035390866475061423
8259      0.0012961875444311036
273       0.0026576692453905634
4163      0.005433648931058316
9527      0.003108126933456213
5144      0.003155445560238863
3625      0.0030630624479227684
5501      0.002686784630048475
7932      0.011681430194685127
5387      0.0038811105614545076
83        0.0020090257593036445
2320      0.0024996067897290995
3340      0.0011879292487095739
4102      0.002629423107777562
3667      0.005310139712087527
3185      0.003108126933456213
11079     0.003697149103167606
6882      0.002132279474558879
5979      0.003468967511620736
1316      0.004443168015634286
9029      0.0016039609188576217
56        0.0034357649701027915
8060      0.002629423107777562
2357      0.0027746202819804084
8769      0.001855976902700815
3670      0.0033135080159003264
1648      0.0029992511710121204
2443      0.002847538909266163
3517      0.0038870187670432053
9557      0.0026576692453905634
1343      0.00276375186826578
11684     0.0034036881578572435
9747      0.004986616437927405
10119     0.002549416992255253
2647      0.0024408192305012274
8187      0.0011348587784275595
158       0.002429487653843694
485       0.0032847791292739147
7837      0.0029992511710121204
1315      0.00313149047461476
6607      0.004755949399479626
2177      0.0021572899706012107
10059     0.0029203575486712817
647       0.0034357649701027915
7718      0.003614821083800722
8959      0.004368276188917653
9531      0.0041248062821304995
1893      0.005582337395330011
6068      0.0023130512285126133
5968      0.0032847791292739147
9589      0.002904148654492508
11989     0.002562290324740047
8408      0.0017906975489373224
6402      0.007006755359551852
6028      0.002060985695019395
4417      0.0021475880422571073
2447      0.0020841584942476845
2990      0.006685246801116477
3738      0.0059659784825972905
10910     0.0011206303096716601
1175      0.008886336031268573
7769      0.0014361718463279545
11884     0.0024250132268731303
3419      0.0013005105666921322
758       0.0010013736874930873
11001     0.0039015317000763963
2178      0.003155445560238863
6033      0.007006696863620924
7411      0.0021572899706012107
28        0.006999550134785634
12152     0.011164674790660021
1508      0.002048105488283622
5687      0.006621817253107054
9264      0.003849381064447985
11662     0.0028131287411109736
9266      0.007996924342136003
8414      0.011931956965194581
11708     0.013243634506214108
3285      0.004443168015634286
5418      0.013243634506214108
4518      0.004941914316814298
635       0.0020999284483302974
11024     0.0015358613682466369
8756      0.004780645052640263
9486      0.006621817253107054
913       0.006621817253107054
4960      0.007846830251234522
811       0.006621817253107054
752       0.006621817253107054
1150      0.0029992511710121204
11945     0.0059659784825972905
8369      0.006621817253107054
3107      0.006621817253107054
4524      0.013243634506214108
8678      0.003941100648797088
12062     0.0027322097694234644
967       0.0012506127837205205
226       0.001831714667149705
693       0.005310139712087527
4583      0.0059659784825972905
6311      0.002475478902471453
8898      0.003835861695475617
8820      0.004194925418015905
2966      0.0025367164614040027
488       0.003255590622307892
10769     0.001762451411324321
7671      0.0037873292451245234
10201     0.0026019958151674953
5608      0.006410511525530032
2063      0.0013424144776455977
10545     0.003835861695475617
4684      0.0040595269283670065
1474      0.006621817253107054
3565      0.0023637667586183975
6565      0.004926498624820247
3692      0.0016773446077521152
10259     0.0018935782217454897
583       0.003180022924965854
6973      0.0015535474035890757
3570      0.0030200470705899645
2000      0.0059659784825972905
2327      0.010620279424175054
9003      0.011931956965194581
8158      0.007671723390951234
7680      0.0035390866475061423
7426      0.0014986163079997372
243       0.002939472852173472
9371      0.0029015187996936226
9158      0.003998462171068001
6511      0.0026019958151674953
2788      0.004654300941577764
1753      0.004780645052640263
8036      0.002053385852218041
6678      0.0032578345856772587
7351      0.0032311799965334424
11220     0.0016979144470393517
6354      0.0029589823132909585
3461      0.0026434407766346645
10820     0.003697149103167606
7348      0.003180022924965854
11549     0.0024002762643821045
11635     0.01789793544779187
5436      0.0018139177410550925
7097      0.005424177154467361
6419      0.015297020358432148
464       0.0035390866475061423
9101      0.015993848684272005
7899      0.016499225128521998
11238     0.0005931552354988164
2613      0.0007882509073107713
8706      0.002429487653843694
1161      0.0027016853370861777
8304      0.005559852399186057
3946      0.002939472852173472
1248      0.0040595269283670065
603       0.0059659784825972905
3227      0.005582337395330011
1585      0.0059659784825972905
11634     0.02791168697665005
8091      0.001662205479309135
10687     0.004654300941577764
4734      0.005582337395330011
7333      0.011164674790660021
804       0.006621817253107054
3712      0.0029992511710121204
9864      0.009308601883155528
11899     0.00313149047461476
4357      0.0037873292451245234
4521      0.003941100648797088
919       0.0037873292451245234
6535      0.002663526471230276
339       0.004654300941577764
587       0.001708369529570438
3967      0.005582337395330011
8043      0.0034357649701027915
10558     0.00838985083603181
5233      0.003468967511620736
4027      0.0016522456469028532
6766      0.0035138039598430646
5600      0.003998462171068001
11676     0.006621817253107054
8593      0.006621817253107054
3888      0.0008583700431961771
876       0.0016672249889160293
10108     0.003041310332657843
3724      0.0034036881578572435
9199      0.0033726632360389208
1845      0.002716824465529158
9500      0.002304440561958715
8325      0.0032578345856772587
12171     0.0006045452739773597
7447      0.0013751070890289491
3433      0.005695077818532326
287       0.009085715075105938
1649      0.0020018304748808
6992      0.005582337395330011
6826      0.0033426234005582383
11138     0.0011522202809793574
2170      0.003697149103167606
3290      0.006621817253107054
2779      0.0029992511710121204
2920      0.0044915640410205645
10243     0.0005899259649858882
11984     0.002023582590145726
7797      0.0019461570446577324
1955      0.0013640835622982252
8801      0.003108126933456213
2339      0.000974373337211918
12196     0.0024072236774130055
1363      0.0038870187670432053
1851      0.0059659784825972905
3179      0.0028832478769963794
5318      0.006621817253107054
2853      0.006621817253107054
1940      0.004654300941577764
11912     0.0010013736874930873
11347     0.00509900678614405
3684      0.006621817253107054
2646      0.0029589823132909585
3065      0.0028832478769963794
7902      0.003468967511620736
7490      0.0017849804599914642
10674     0.002030945859538712
7976      0.003576196319181045
7811      0.003835861695475617
6184      0.002939472852173472
2787      0.002475651704104997
6203      0.001452074327246254
11572     0.0040595269283670065
704       0.0013788103240570415
5395      0.001966652618779369
779       0.0059659784825972905
11955     0.0036550899415218833
8822      0.0011377303294687645
4835      0.002830177406714365
3940      0.0033135080159003264
9494      0.00509900678614405
7742      0.005582337395330011
10860     0.0034357649701027915
4739      0.001580712197836566
6932      0.004654300941577764
10684     0.0018377221498189619
3554      0.0029203575486712817
1957      0.0034357649701027915
3537      0.0027016853370861777
6740      0.0016473047722714328
10240     0.006621817253107054
9492      0.002418290181834084
835       0.002615610083744841
78        0.002053385852218041
7475      0.0005597853921783246
10553     0.0022183547279002163
113       0.0038870187670432053
6039      0.00509900678614405
10958     0.0007550483657928261
208       0.0015761302259677985
10902     0.0022093861740988385
8287      0.0021159657024618205
5506      0.004780645052640263
2488      0.004926498624820247
7217      0.0010737940211285536
2157      0.002629423107777562
6119      0.0033135080159003264
11196     0.001796449392436687
3583      0.0020090257593036445
10317     0.001024052744141811
6536      0.006310891120477726
5431      0.003998462171068001
