t_index   tf-idf
2686      0.009434249122287174
9493      0.0045372091557141885
12005     0.004911544898394863
2013      0.014346956579665966
8034      0.005331169980792491
7516      0.00765700156641906
7207      0.007271162442599247
8974      0.03329609857695502
2822      0.005679893221540871
11958     0.00818020068617387
6727      0.0032731389492043116
2069      0.01819242440983684
7920      0.01011116097062759
4562      0.008885718879803654
4787      0.0022978514299227203
78        0.0052361339231560035
9500      0.005876323432994723
5948      0.015294117804335103
2257      0.0037981007256678327
1192      0.006956826167720948
2809      0.009491503638652978
2025      0.014425403031929527
12176     0.007324476416272568
5963      0.0018578119991266733
7412      0.0032183347969315166
7887      0.007854200884734005
7426      0.007642943170798659
9264      0.00245398042858559
4137      0.003916446489028924
8558      0.012004141409500485
8159      0.0018513947672389737
8430      0.003772702449445972
8932      0.0024307257316436115
667       0.006152141029939524
2339      0.0037269780148355856
5186      0.001590406941172299
4838      0.002003752178370488
8595      0.0039628618401566715
8769      0.011831852754717695
7475      0.0021411791250820914
12111     0.0038507466655434124
6028      0.010511027044598912
1710      0.003608476193560815
5588      0.004300145625949624
1798      0.004138599405636357
10201     0.0033175446643385564
569       0.005032640060032887
4283      0.006405129966686973
4806      0.004153739096738504
9685      0.006281285746645815
2658      0.006657207257446145
1520      0.0018513947672389737
2762      0.004356342300404617
2079      0.014809531466339423
2144      0.011394302177003497
9796      0.0039628618401566715
9732      0.006770428132911597
9861      0.005665039219933715
7681      0.004188708894816338
3653      0.0019197479336888236
10345     0.006615845428016561
8755      0.010589492094459876
12177     0.0025800678024358007
8143      0.004466031512603268
118       0.0022542428182290657
7411      0.0027505447125165433
5759      0.0011248245805983487
9267      0.0018013305890909946
12113     0.0028872614421559363
7552      0.004150878043442562
11238     0.0007562729252609908
8949      0.0029619062932678846
128       0.0077553413482774995
4696      0.005259128009716387
4280      0.016995117659801145
2459      0.016335273942737604
729       0.007047567264077739
633       0.0046088968818459196
1101      0.007173478289832983
3982      0.007701120030004408
5313      0.003283560063180191
5157      0.0035237836320388695
4016      0.0026440724098984805
3861      0.009819106378618497
6361      0.0016668928481829847
8408      0.002283139374895086
7227      0.0036824286784423624
11912     0.0012767514515536862
3449      0.0075489600900493295
8491      0.003938890810149702
6636      0.005348529907970279
104       0.014745701581767908
7643      0.004380600336881059
7490      0.004551700172978234
9553      0.0035867391449164914
7140      0.009412309488313115
5291      0.01735880960507194
5387      0.0032989439772363313
6900      0.0016845689675048096
1568      0.008845867154632876
2433      0.005086458212272508
3708      0.002718656330062571
3993      0.001958223244514462
9575      0.004054529229331464
10395     0.006501233652333663
8318      0.004300145625949624
2613      0.0020100398136424667
8374      0.004713865106538697
2948      0.006281285746645815
1978      0.004153739096738504
5773      0.005024903327216287
6145      0.004955948927980086
28        0.0029748088072838945
3857      0.004114228015369059
8874      0.004847441628399498
8640      0.002261402326250762
11651     0.0046088968818459196
1898      0.007925723680313343
7135      0.0027944176769144095
9543      0.0026084543723849285
7425      0.0053145859503009015
3402      0.005792143360380035
6114      0.002765749306830868
704       0.0017579831631727278
8976      0.005098039268111702
3766      0.008761200673762118
2210      0.0025615078431121467
2112      0.0028399466107704354
6535      0.0033959962508186016
116       0.0034256504033118055
2137      0.0028284022780727756
1021      0.004086701097525395
6696      0.0022260222667981715
6033      0.0017867077002233355
11794     0.004153739096738504
2662      0.003772702449445972
5075      0.0058730160340920495
11984     0.0025800678024358007
3981      0.0038776706741387498
9371      0.0007398872939218738
12135     0.0037234558745558844
8235      0.0076066225653115445
8450      0.002145117752147565
4046      0.0029491403163535816
11913     0.003406946562592449
1686      0.0030833199818384566
9645      0.00402319308930455
5330      0.005544563522321734
3565      0.0015069013086192284
7299      0.003850560015002204
10101     0.003608476193560815
11855     0.005098039268111702
1508      0.001305667248780809
10497     0.005098039268111702
8349      0.0038240452430404535
11851     0.0027832989478764262
10513     0.0076066225653115445
3571      0.0027832989478764262
9824      0.001407388167176776
5333      0.004380600336881059
8264      0.0032505066651254476
7775      0.0039628618401566715
5991      0.0039628618401566715
1562      0.004422933577316438
4848      0.004261844835711753
472       0.0029619062932678846
3096      0.0027832989478764262
8274      0.007088811808962222
11033     0.0039628618401566715
8547      0.006281285746645815
4001      0.005611279674949597
4896      0.0025163200300164436
9775      0.0023430957410191765
6161      0.0023052752906486287
9729      0.002924006624749701
1917      0.0035867391449164914
6659      0.006770428132911597
10503     0.0025800678024358007
8315      0.0028993859016071865
8379      0.0030010353523751213
677       0.005445091314245868
8659      0.0028872614421559363
2883      0.0030975967586507097
608       0.006770428132911597
5223      0.004153739096738504
3310      0.0032183347969315166
6022      0.0020816097439267196
8259      0.0008263195595748285
3340      0.0015146097921047066
4305      0.002697856270638821
1451      0.0028993859016071865
1822      0.0039628618401566715
3093      0.004153739096738504
9201      0.006095322442116334
