t_index   tf-idf
9471      0.009823089796789726
9596      0.009856953053256451
3520      0.024666559854707653
10833     0.02329306763296983
8299      0.019713906106512902
5281      0.07925723680313342
2249      0.007529847590650492
7426      0.0038214715853993296
2662      0.015090809797783888
2074      0.012506669631026895
8159      0.007405579068955895
78        0.010472267846312007
4412      0.02027354046247399
4975      0.021780365256983472
10250     0.01062920832066319
5748      0.030426490261246178
9371      0.008878647527062486
7400      0.013934269824059669
5351      0.007766333381511321
6610      0.052009869218669305
2762      0.008712684600809234
2439      0.011313609112291102
5659      0.01145348830460244
2813      0.012111379028124716
2651      0.012686522532063286
9849      0.018033942545832526
11001     0.013265207780259747
1886      0.029409128345363068
10541     0.05025028597316652
4376      0.0074673133127790906
4891      0.009891055628008414
10164     0.014612647217503869
7986      0.028469920716183053
10446     0.016898890881091665
6274      0.043560730513966944
1334      0.010433817489539714
2080      0.030426490261246178
3998      0.013934269824059669
12084     0.0059212120752362785
539       0.017108914999071575
3407      0.014893823498223538
11930     0.009311299942840951
8959      0.00742606952116001
10408     0.018435587527383678
1963      0.015510682696554999
6185      0.019562894646925646
1959      0.03377126799084597
9598      0.017200582503798495
5587      0.010791425082555284
3888      0.004377687220300503
7475      0.002854905500109455
4536      0.025251647381870967
6355      0.019562894646925646
9541      0.013270178657354225
2433      0.010172916424545016
5308      0.018049341902281326
10569     0.020099613308865148
3497      0.012111379028124716
6616      0.007810604281417862
7637      0.020099613308865148
5735      0.013067680656174238
11178     0.013554113151491872
3521      0.017691734309265753
6174      0.014893823498223538
4566      0.014893823498223538
381       0.01885546042615479
572       0.028469920716183053
3181      0.01885546042615479
737       0.009074418311428377
12045     0.009891055628008414
676       0.020703587334671734
672       0.013702601613247222
