t_index   tf-idf
2438      0.02383693674042688
9747      0.016233027978784956
367       0.019834130841026996
11835     0.024746052018814673
8685      0.01969086738019788
10971     0.026990683139021126
6871      0.02123449859612579
3993      0.0299983135329875
8874      0.00928233503310542
9596      0.01887501648495916
5281      0.0303538353714128
3520      0.023616919009826477
10833     0.022301873265609413
8299      0.01887501648495916
2651      0.02429334101884459
704       0.013465402951961318
9371      0.005667221825784565
6616      0.014956476283566118
564       0.019480052727852155
2579      0.021842061584488617
2339      0.009515688548516388
10317     0.010000855522576409
2558      0.06260478277060179
12108     0.034562569600113176
539       0.01638087606294087
1560      0.017830148826716713
7030      0.028157676075347617
1743      0.01603950659932688
1845      0.026532392120806027
3563      0.026384544036650113
9078      0.027639392120891348
8932      0.018618324753014896
9721      0.03653606009451527
2637      0.015215567316562649
8101      0.01517187783505076
7425      0.010176866713342152
7426      0.007317711546509354
3116      0.02929055930839496
8985      0.03105596856509206
6882      0.02082375061324522
5259      0.017487876063026188
6009      0.01673534230204774
4162      0.025023218277780455
586       0.021318885558202414
