t_index   tf-idf
3653      0.007853514274181551
10522     0.008366114338132367
1649      0.005220682886194814
4770      0.0069687543325754634
2561      0.004808463186486793
7425      0.002717685997312961
12176     0.01872735447342418
7497      0.008696093976277925
9991      0.033436645343389595
7771      0.03007267178015973
7150      0.0044416792290167765
118       0.023054756095524532
9500      0.006009876238290057
7426      0.01367913124319078
9264      0.004015604337685511
12082     0.00611151302176467
1630      0.009641996808829153
10094     0.005220682886194814
2150      0.005110994504402845
448       0.007045872555241792
11024     0.004005456636506853
8028      0.003994059007543225
9762      0.017269398404409872
11066     0.005560887947855258
2557      0.034538796808819744
8392      0.008876664002593607
6721      0.005110994504402845
7322      0.013037721778246098
6607      0.004134433284774902
6274      0.011137686779139275
1110      0.01138622296858538
2809      0.007765775704352437
7769      0.007490941789369672
1399      0.004596393169306041
5186      0.0032531051069433392
6092      0.014558482184411789
8101      0.004051581012769237
2814      0.017591504833430277
6020      0.004086749051506154
10910     0.0029225529098823406
10578     0.0050404873567788675
8491      0.004028411055834923
110       0.01103668474352245
9196      0.008465316966074367
8800      0.011617963407697236
3903      0.0038828878521762187
9930      0.0040985840012123615
1192      0.00711493585335097
5963      0.0019000349991068251
11912     0.002611537059996176
10718     0.006893973389064266
1856      0.007988327634071311
7217      0.0028004059982841257
199       0.005518342371761225
4960      0.006821392207039101
11238     0.0015469218925792995
8091      0.0043349563352437104
331       0.005497341544715976
6349      0.005415081184666983
9069      0.00712547888730324
6696      0.004553227363905351
7227      0.003766120239316052
6900      0.003445709251714383
7026      0.010278211351124222
3340      0.012392261935402145
3634      0.004361207458179763
10673     0.0028643181768941285
10317     0.0026706830088698364
8708      0.005258356629939207
9195      0.017269398404409872
1885      0.00712547888730324
11836     0.004232658483037183
10089     0.010137168261777449
10068     0.016124871034327876
12177     0.005277411414073229
9484      0.013848602999137356
2166      0.007821910724400928
7153      0.005560887947855258
11033     0.008105853763956828
477       0.006821392207039101
11409     0.00716626629995735
8640      0.004625595667331104
2207      0.010003752944450614
11413     0.009532308427037183
7430      0.007007012188592329
83        0.005239447860911209
4417      0.0028004059982841257
11320     0.014558482184411789
8193      0.008229258591759306
1262      0.009229777109121132
8261      0.003948987758471741
338       0.004101087956091174
704       0.0035958746519442163
6862      0.014558482184411789
219       0.010587061705229864
9514      0.03111800140354723
6011      0.006373268449798793
8517      0.034538796808819744
8659      0.005905762040773506
2818      0.01158758022259169
1913      0.004361207458179763
488       0.004245216180793529
6138      0.01267198673993472
3993      0.004005456636506853
8209      0.01158758022259169
11723     0.005761978715405494
6088      0.008960318870893075
4069      0.003786943842079719
3250      0.0044416792290167765
6161      0.004715335821781286
1966      0.013848602999137356
13        0.010427807593864843
8549      0.015559000701773615
5526      0.017269398404409872
6166      0.003982713781656434
3625      0.007988327634071311
6201      0.008641478291467329
2025      0.0032785006890748924
4673      0.005930562071469245
4873      0.005497341544715976
10503     0.005277411414073229
5759      0.002300777551223895
368       0.0027934057601608784
9267      0.003684539841322489
12113     0.005905762040773506
7411      0.005626114184692929
