t_index   tf-idf
2686      0.033963296840233824
9493      0.03266790592114216
12005     0.035363123268443014
2013      0.05164904368679747
1508      0.01880160838244365
7207      0.017450789862238192
5291      0.062491714578258986
11552     0.027259170887027336
2025      0.023080644851087243
1192      0.05008914840759083
8974      0.053273757723128035
3634      0.03070290050558553
1021      0.058848495804365686
7140      0.02710745132634177
5387      0.023752396636101587
3596      0.05396872156590494
78        0.037700164246723226
11080     0.05432691527202199
9267      0.025939160482910322
5759      0.01619747396061622
7412      0.046344021075813834
7135      0.0402396145475675
2809      0.02733553047932058
12176     0.026368115098581245
