t_index   tf-idf
10890     0.027032448698073197
3450      0.09210345815685264
10603     0.035461274467274526
285       0.030900213926911172
2327      0.07385921599539924
6816      0.012907475732419304
699       0.035820655234692994
7488      0.009092142808270826
5275      0.018788993480644778
10558     0.029173799498019702
9742      0.055614973833945834
4001      0.015303490022589811
5274      0.012697227194783115
12063     0.0307305531488293
11997     0.07901746015964346
1577      0.078054310201919
443       0.02498697791298301
6880      0.010961269298776052
9849      0.012295869917613085
8685      0.028044568693009104
1005      0.04149066853806297
8049      0.019803338778078314
9832      0.020051678417293002
3159      0.041156753993956054
4439      0.01848288157021619
9875      0.019333123115351514
3569      0.016818108991846128
946       0.013036926846711634
5488      0.021457042860276315
3581      0.03692960799769962
3088      0.03692960799769962
1374      0.04605172907842632
10309     0.04149066853806297
439       0.04605172907842632
3365      0.04605172907842632
348       0.027408563602997926
4433      0.03882261915843144
1844      0.03882261915843144
11952     0.03882261915843144
6601      0.03324721332063455
3134      0.04605172907842632
7294      0.027408563602997926
11238     0.004125125046878132
7475      0.003893052954694712
4088      0.022471388157709847
618       0.023246426376609564
7227      0.010042987304842805
9600      0.009772158156816983
2613      0.005481926764479454
6616      0.010650824020115267
3634      0.011629886555146034
11910     0.011991528072944402
6009      0.011917592245397636
4137      0.01068121769735161
