t_index   tf-idf
8874      0.007790531188499193
8805      0.015262905149259614
10933     0.01248160722028605
9371      0.009512836636138377
8299      0.04752459507820075
7425      0.008541298848697877
3709      0.03277310958071808
1766      0.02566703799728883
5074      0.029958683627831145
324       0.016349329968018772
3520      0.039642685480780156
9596      0.01584153169273358
10833     0.03743528726727294
5281      0.0764266212030215
1710      0.023197346958605237
1161      0.022144170887902773
2439      0.018182586073324986
5659      0.01840739191811106
2973      0.037235207316728795
25        0.018182586073324986
8155      0.029312037687573206
12087     0.015896339402156377
5948      0.03277310958071808
4536      0.020291502360432024
1743      0.013461728753006488
7597      0.01422100125874719
2311      0.0542752521281453
1841      0.04352418085443169
6311      0.01014504300209283
8159      0.011901823503679115
10201     0.021327072842176432
9730      0.03277310958071808
8128      0.02871518491102053
7837      0.02458314799097434
5166      0.03918421569931929
11084     0.02292034399113653
11238     0.009723509039069881
2270      0.016955517995298913
5760      0.030664193293611034
8602      0.03380868006246248
1800      0.024416361807864637
56        0.02816100216566395
5754      0.04037969408558024
9077      0.031440366396844784
9202      0.01130132033468182
9824      0.00904749536042213
5963      0.00597153856862145
6900      0.010829371933959489
