t_index   tf-idf
6727      0.0021424182212973677
7165      0.0026079811797898836
2839      0.006775719491347113
6989      0.0023200493759803383
10958     0.0012602443632687532
6882      0.003558968286627365
2060      0.012341755915301315
10907     0.003702635709477088
10822     0.0026383523592981226
667       0.01812085176091278
7887      0.006854575317586042
2079      0.00387740460209614
5387      0.0064779263553004325
2809      0.00497009645078556
2025      0.006294721323023794
9264      0.0025699867761187272
11196     0.02398749879646369
7411      0.007201426156406949
5759      0.0014724976327832927
9267      0.0023581054984463928
5274      0.0030473345267479474
9600      0.002345317957636076
3137      0.0035727609739624163
7552      0.005433876711415717
12177     0.0033775433050068663
8143      0.005846441252862459
1879      0.0025489368202601176
118       0.005902017560454281
2744      0.003981568898276249
9464      0.008863105919447908
3690      0.008510705872145885
3312      0.0028081541482659032
8379      0.011785884292964113
4016      0.0034613311547761925
8874      0.004759306326064962
7977      0.008222774068336339
7689      0.010533450997451912
11299     0.009317428598023545
10514     0.008863105919447908
3861      0.015424923474775242
8805      0.009324247509365873
191       0.013453463402097273
9507      0.0032940916756578893
8749      0.0053931331578503635
2716      0.006775719491347113
2812      0.009317428598023545
5132      0.009317428598023545
12133     0.005076223427963454
2083      0.004132087753397067
11017     0.0066737968600734995
5107      0.00343997248732328
5214      0.0041519528286752564
9553      0.009390735215781359
1904      0.005307747354761189
5143      0.009957760449135112
7904      0.004695367607890679
9791      0.0033293181025783685
918       0.006100677393303797
11255     0.011258563093395377
8918      0.005791825967198856
3708      0.003558968286627365
8274      0.009279899095368726
3634      0.0027911727732350482
12111     0.005040977453075013
116       0.004484487800699091
5223      0.00543762209027586
2492      0.011052414978822317
8091      0.0027743720545559745
2686      0.0030875724400212566
9493      0.005939619258389484
12005     0.003214829388040274
2013      0.018781470431562718
8794      0.007768451389760704
7217      0.0017922598389018404
2157      0.004388746205345094
621       0.005433876711415717
2137      0.003702635709477088
7470      0.009957760449135112
1101      0.004695367607890679
6361      0.002182114273984998
8408      0.002988836999862658
10882     0.00248504822539278
11971     0.009317428598023545
4376      0.0024438479932731567
7337      0.004342967560588656
5291      0.0056810649616599075
5436      0.0030275936114337724
11884     0.0020237837656995757
4348      0.003558968286627365
6033      0.0023389628075650938
7425      0.008696595191401474
1942      0.002205253921097205
131       0.003558968286627365
2662      0.004938810479274727
2074      0.0040930918792451655
10902     0.003687666377859516
9866      0.025532117616437658
1978      0.00543762209027586
5773      0.006578055264719503
6145      0.025951150750150268
3096      0.007287182699894643
3579      0.008384897410935673
2339      0.001626317679200983
11662     0.004695367607890679
11835     0.002114662627062345
8235      0.009957760449135112
1342      0.006884676667265087
1370      0.007979331196952292
5186      0.002081987268443737
7791      0.007979331196952292
6079      0.007375332755719032
2104      0.0066737968600734995
11412     0.0016880955427217312
3616      0.00864113287605136
7049      0.003452760028133597
8285      0.006775719491347113
9862      0.007001711879524728
8160      0.0038942951658989164
11903     0.006487787687537567
9847      0.004132087753397067
12140     0.004560306487874073
2687      0.009317428598023545
6713      0.006402401884448393
8825      0.005266725498725956
461       0.011052414978822317
9824      0.003684798110426468
5802      0.0030774164393515472
7643      0.005734604077371568
8698      0.005187746408932369
7180      0.005307747354761189
2433      0.009987954307735107
6607      0.0026460373022559377
8430      0.004938810479274727
3565      0.003945341608021252
9702      0.011052414978822317
3516      0.004972059131783345
11737     0.0053498632549423344
4856      0.009317428598023545
11958     0.0026771565882023575
4787      0.0030080964173533793
78        0.003427287658793021
10317     0.0017092371256766953
11290     0.006884676667265087
5272      0.0038942951658989164
2144      0.004972059131783345
6696      0.0058281310257988495
2940      0.007768451389760704
120       0.008863105919447908
10397     0.007979331196952292
9500      0.0019231603962528182
4550      0.007265532487337862
513       0.004560306487874073
10095     0.006402401884448393
28        0.0038942951658989164
8418      0.0034147039056675425
6930      0.003259633886989244
3597      0.005226742283084272
2656      0.0037330068889853273
10223     0.0033775433050068663
11867     0.003795559725740317
1319      0.006402401884448393
10250     0.0034786499958534074
8480      0.009957760449135112
5313      0.004298478628163159
7516      0.003341237047164681
8247      0.0033898332710118866
3873      0.006730696486322185
4951      0.015164884434449546
8865      0.007582442217224773
8648      0.004639949547684363
6311      0.0020658996658807216
2882      0.0036728376054215544
6616      0.002556197764827664
9861      0.007416051342458681
11549     0.002003139646093429
6388      0.003981568898276249
5301      0.011052414978822317
2392      0.006402401884448393
4673      0.003795559725740317
3965      0.007128119538649136
449       0.002252575893405016
5240      0.006775719491347113
2211      0.005790022137577883
4286      0.0024643137569401613
2884      0.0062443448161535195
12003     0.005847455836425999
5205      0.005847455836425999
2822      0.0037177482904631157
9244      0.007416051342458681
6166      0.0025489368202601176
4412      0.0033174884393139255
11917     0.007001711879524728
7902      0.005790022137577883
7568      0.010012045727233186
7475      0.0009343327091267308
9543      0.0034147039056675425
11912     0.0016713837183975528
1726      0.0032038240984759545
