t_index   tf-idf
11552     0.0013055158470798532
2025      0.019897107630247622
1192      0.0035983583626142835
5759      0.0007757410900678266
9267      0.0012422969579937893
3655      0.0040925749658701025
9464      0.004669260781318342
3690      0.004483609415402525
6727      0.005643343015869502
457       0.002126427573681694
10821     0.007834335477987408
8768      0.002362517519525383
10387     0.0061611124713300755
5157      0.004860391216605337
11084     0.002458887477976333
5330      0.003823836911946023
7724      0.014063556601687451
8874      0.004178828989999567
11196     0.0031592730694576217
1508      0.0009004601715729716
7933      0.005822632412214822
3425      0.0034178958124000593
10907     0.011703733564439071
368       0.0009418379574488785
4016      0.0018234982137230898
40        0.0025352696849450917
497       0.002312078939597511
2686      0.009759568057538455
9493      0.0031291097625615093
12005     0.003387272343720595
2013      0.004947226406781366
10115     0.0039945816278483
9575      0.002796227054711354
6946      0.0026555586310360027
7526      0.005245946596766582
1726      0.0016878383660553398
2819      0.007139168046438528
6837      0.004483609415402525
10822     0.008339619526517055
667       0.008485711765433826
5802      0.0016212442927618304
2079      0.006128081986071485
4069      0.002553647954812377
7140      0.014280745430544037
9583      0.0028042838362564147
4286      0.0012982495845949124
8642      0.0039945816278483
8615      0.0023756198653688797
3982      0.0026555586310360027
3312      0.0014793915532052171
2816      0.0036269848342871626
1607      0.0029768698446195696
7049      0.003637965546884058
4322      0.0011227888489063209
8435      0.004203670649735402
6851      0.004669260781318342
9264      0.004400240768498299
7887      0.0036111268435558646
11606     0.0031785495736868412
7425      0.0036652316898626905
199       0.0018605905314750487
2282      0.0030805562356650378
7516      0.00528069073546142
11183     0.003515889150421863
4210      0.002253048388995558
5272      0.0020515922808854443
112       0.004483609415402525
7921      0.003827627268233548
7811      0.003372912870159594
10789     0.005822632412214822
7689      0.0055492318473166205
4739      0.0013899365877528423
8949      0.004085387990714323
128       0.008022766912011205
4696      0.0036269848342871626
4280      0.0039069235999542856
569       0.0017353931241492712
4283      0.0022086655057541285
2459      0.003755235389135081
338       0.002074113449057605
8325      0.0028646476529231063
1904      0.002796227054711354
11657     0.0034178958124000593
8805      0.0032747995722549363
8410      0.0061611124713300755
670       0.003793854775884887
631       0.002601863758238601
28        0.006154776842656333
4839      0.005386764994622799
6079      0.0019427361186041508
2339      0.0034271062205384695
3766      0.006042207361215253
3708      0.0018749354000431521
10345     0.004562652019321766
7408      0.0023244048208339286
8755      0.0036515489980896124
118       0.006218600877873284
4673      0.011997458903202151
7475      0.0009844501724515363
1165      0.009302952657375244
9930      0.005527592216194449
2392      0.013491651480638377
9779      0.008407341299470805
2825      0.0059857964155420485
6174      0.0025679006031419887
3653      0.002647928184398377
5436      0.0015949966343760294
1101      0.002473613203390683
3981      0.0026742556373370685
5351      0.0013390229968122966
5387      0.0034127006661065495
2112      0.001958583869496852
6880      0.001385907612488926
9543      0.005396802149761921
7426      0.005270995290205971
11651     0.0031785495736868412
1898      0.021864065325002322
1798      0.0014271032433228817
7135      0.0019271846047685581
7490      0.003139103567571195
2656      0.0039332448064021645
7180      0.002796227054711354
1568      0.012201196075355691
2433      0.007015804430720699
8430      0.007805591274715804
3857      0.0014186993156445028
521       0.005822632412214822
6521      0.008834662023016514
3424      0.007510470778270162
2822      0.009792919347484259
6311      0.002176714207345588
5963      0.0006406248272850597
11912     0.0017610364849016359
9081      0.0020696795533621526
7131      0.022965763609401287
2069      0.001792357084712989
657       0.003569584023219264
3935      0.00226452418150358
2791      0.003569584023219264
1955      0.0011994527875380944
2716      0.003569584023219264
2966      0.004461122052813935
2150      0.0017232471892239475
448       0.004751239730737759
7552      0.001431337256359504
8595      0.0027330081656252903
4787      0.0015847251240846346
78        0.0036111268435558646
8034      0.0036766689522706834
9553      0.002473613203390683
8974      0.0025514251783107294
11958     0.0014103794286506673
8918      0.0015256246561108097
7920      0.0023244048208339286
4562      0.0020426939953571616
539       0.0014749064654372046
9732      0.004669260781318342
5166      0.004203670649735402
11851     0.0019195165157768455
5363      0.0018395265768745446
4518      0.0014484921273421217
9007      0.0025847088872559833
2585      0.009338521562636684
12181     0.00314915775847598
8408      0.00157457887923799
2658      0.0030607849459522505
4978      0.0018122460421722262
8055      0.0030805562356650378
12111     0.0026556873555471806
2144      0.002619379810805402
6022      0.0014355929268460134
5488      0.0027129594421039017
9824      0.0009706125290874317
4664      0.00168208068379533
11867     0.001999576483867025
9509      0.0017539511076801748
12133     0.005348511274674137
443       0.0015796365347288109
8932      0.0016763625735473182
7227      0.0012698029925663316
8313      0.0029392033349736227
10059     0.0025679006031419887
1871      0.005878406669947245
8379      0.004139359106724305
8274      0.009777671460637547
6571      0.004599866009344374
10673     0.0009657471247765643
1978      0.0028646476529231063
5773      0.0034654505704939903
6145      0.023925270686800417
508       0.003755235389135081
104       0.004067779746694596
3458      0.005777529510091501
9701      0.005776680537688608
12176     0.0012628407614263047
967       0.0032990302742972348
1581      0.0025679006031419887
9194      0.0028412099969518196
5313      0.00226452418150358
10544     0.0011617717017274548
3096      0.0019195165157768455
8659      0.001991214787693749
3634      0.0014704454265127168
4348      0.0018749354000431521
7160      0.0029928982077710243
5259      0.00157457887923799
6360      0.0014228906684187854
8143      0.00154001086641492
10071     0.0023244048208339286
10971     0.0024301956083026687
516       0.0026742556373370685
7880      0.0026933824973113993
3565      0.0010392422818063644
9500      0.0010131592125852968
8028      0.002693311821178573
8253      0.00490860702003156
11024     0.0013504987893203184
4158      0.0027535519690578057
4001      0.0019349240258446886
2809      0.001309172915676273
9042      0.002619379810805402
4896      0.0017353931241492712
3791      0.004777863715240932
4838      0.0013818980540486123
11989     0.002253048388995558
2561      0.0016212442927618304
9600      0.0012355602267239863
329       0.0018535097928544285
9333      0.0028412099969518196
5186      0.0010968323732222752
8200      0.003050299018838923
103       0.0017415332388527414
4818      0.0040925749658701025
9364      0.002287961837474866
7132      0.0025847088872559833
11439     0.0030805562356650378
341       0.0021462375992338375
11404     0.00490860702003156
4550      0.007655254536467096
10243     0.0005187280036944878
3649      0.004331921204583321
10054     0.002519421934052391
505       0.00775412666176795
8889      0.0022086655057541285
10099     0.0019043891578342524
2137      0.001950622260739845
9581      0.001466008179908922
5072      0.003755235389135081
8046      0.003372912870159594
9371      0.0005102670992564646
3873      0.005318797510743106
4951      0.0119837448835449
8648      0.002444417865159387
3385      0.0019043891578342524
11549     0.0031658816245729478
7924      0.004832424784645569
1322      0.0023756198653688797
8865      0.0039945816278483
1162      0.004483609415402525
11258     0.00490860702003156
233       0.0030805562356650378
8247      0.0017858317040771433
449       0.0023734037191049016
10094     0.0017602302451538068
485       0.001444170134422152
6607      0.001393985168812994
9370      0.001982936293857269
637       0.002796227054711354
8390      0.002008023071807744
11111     0.003688641315841571
3004      0.003755235389135081
1713      0.0021362736266556616
2155      0.0025514251783107294
11984     0.0017793571051281383
7097      0.0015898450280335368
2949      0.003755235389135081
6696      0.0015351877702056355
6764      0.00490860702003156
10674     0.0017858317040771433
2931      0.0040925749658701025
11691     0.002402460314493046
7170      0.003755235389135081
8800      0.001958583869496852
3850      0.0027535519690578057
7199      0.002166530843481777
9847      0.004353732307219132
4982      0.004888835730318774
12140     0.004804920628986092
10096     0.0040925749658701025
6713      0.006745825740319188
2621      0.004203670649735402
7129      0.005822632412214822
