t_index   tf-idf
7887      0.010244609849653051
8874      0.018968249850258904
1508      0.010218265425241114
11196     0.0089627203383526
5157      0.027577437120304193
5330      0.010848059065412087
4255      0.011795343584095785
8274      0.01386941440883913
10822     0.015772758669717037
667       0.00601839883363649
6114      0.005411248643799524
7475      0.0027928423370635973
12176     0.0071652486680927295
5963      0.0072696991270174175
7412      0.01259348398799289
2809      0.00742813328242407
2025      0.0062719143617084895
338       0.00392277978408721
11540     0.011691590128593282
6727      0.006403967509312783
9583      0.007955631318075264
4347      0.008848965624459504
8769      0.009259710851518195
2069      0.010169678241523698
4165      0.01217756550869634
10958     0.0037670347815098597
10100     0.018665161135241498
457       0.012065165146324395
10821     0.011112834563884313
2079      0.011590068104091722
2686      0.01845831350012708
9493      0.01775429669627291
12005     0.009609544366424732
2013      0.028070132438476884
3982      0.015067408754356451
3096      0.02178233959207638
4468      0.011441765053368394
5569      0.02231688901023837
10805     0.020413990740403787
4016      0.01034637029960275
8379      0.023486363627283555
4073      0.006557081218862838
12171     0.0030161552256044357
4397      0.007886379334858518
5369      0.03303710999104497
4376      0.007304980414675197
2249      0.007366155251723307
3431      0.01784210989678369
8104      0.011590068104091722
9541      0.012981696512629133
9701      0.008194095762699602
539       0.008368491032154575
8155      0.01784210989678369
9047      0.01395151373373528
9267      0.007048684913834326
3904      0.01994884931000231
5308      0.017656964904405645
4412      0.009916405660992712
10673     0.010959130415942752
8309      0.015067408754356451
105       0.011795343584095785
6571      0.013049619874335672
9820      0.014963655298853946
103       0.009881308159577511
7528      0.024578944226005362
6622      0.02025350934913539
6989      0.006934930199941228
205       0.018034813885484034
10222     0.02543960994391433
9264      0.0019205064223713313
6360      0.008073357922984848
2145      0.016826656797194178
7049      0.010320750084094991
11691     0.01363135091484098
8807      0.026492979650523638
3426      0.014963655298853946
