t_index   tf-idf
3298      0.023246426376609564
8133      0.07474146334498484
2270      0.028773000234446643
9220      0.028146194208390554
10122     0.035109106875616546
8495      0.017554553437808273
7753      0.032738567480455866
2252      0.024612738957656352
12131     0.023894183655714867
1211      0.024612738957656352
7515      0.035461274467274526
201       0.016974788284849444
9264      0.005354139116914015
11196     0.012493488956491505
7321      0.026676674518534973
1348      0.04605172907842632
6611      0.04605172907842632
12111     0.005251018180286471
8411      0.022847503062634576
6161      0.012574228858083429
1363      0.027032448698073197
10805     0.014227932940281428
2631      0.01588163702247943
8408      0.012453487499427741
2603      0.023246426376609564
8805      0.012950343763008158
4049      0.009261807956778004
7135      0.01524227823771496
7425      0.007247162659501229
1457      0.019803338778078314
586       0.015181630624780507
1743      0.011422072881338839
509       0.018383929037504708
6942      0.01729980345281357
2646      0.020578376996978027
1467      0.021150930949847727
8034      0.009693036328713621
4838      0.010929557336566297
10111     0.019682597419422628
9221      0.025729770333510475
11037     0.01868536583624621
9551      0.016086219907383174
12171     0.004204337587206184
8299      0.01344129961807698
8259      0.004507197597680883
11757     0.01729980345281357
8452      0.01800236015844033
1845      0.018894279237543686
1878      0.02211561397817162
4754      0.01781956453114669
8315      0.015814832190584653
2795      0.027807486916972917
6354      0.020578376996978027
4397      0.010993134830408846
8800      0.015490617876929649
11412     0.0070337314280072135
10243     0.00410266693831095
