t_index   tf-idf
1289      0.005222361029512263
3520      0.020979290598076097
9596      0.0015242710907097605
5281      0.034317566450841275
6534      0.005181907911112996
9500      0.0027261294276779637
10833     0.01981111422391764
8299      0.039631048358453776
5963      0.001723743091973202
6900      0.0020840028463977025
8495      0.001990722554803
931       0.001681643090760353
10437     0.0038853313896778235
2438      0.0038499519821308015
10914     0.005222361029512263
11984     0.0015959182283108045
3419      0.0010256603953809082
12181     0.001412251159728919
5802      0.0014541057058791676
3521      0.008207505607391329
8822      0.002691846501165788
5953      0.001681643090760353
3372      0.004187893690460781
2803      0.003350364707729274
4999      0.003961936061868231
6402      0.002762973118586168
5334      0.0032015856703100616
9824      0.0026116481452764916
4162      0.0020207753592022017
1743      0.0025905732308191183
1845      0.0021426502228142326
3563      0.0021307106008978615
9890      0.003368097720152083
8101      0.0012252203749955081
7425      0.004109215940954306
5387      0.0020405839034451532
3993      0.0012112721100089453
10971     0.004359319957161488
6009      0.002702959065966474
7357      0.0036706600209350402
1295      0.001708060378676082
8349      0.002365388810128115
1345      0.007165538177789733
2137      0.001749527182313057
5299      0.003250833106576983
10647     0.02320825292355506
5956      0.0038499519821308015
2357      0.0007294104865000042
8106      0.0011676608880347922
2639      0.0021073896263458444
8917      0.002303168582199516
7426      0.003545695285422058
9371      0.002288311218315074
212       0.003961936061868231
4520      0.004309567986822578
10365     0.008375787380921563
10252     0.012806342681240247
9747      0.005243658522356653
6403      0.0008618471204516547
7150      0.0013431882204586816
1558      0.0032015856703100616
5181      0.004698681310104535
11723     0.0034849080890424974
4536      0.02538181051270535
9046      0.007540605083030516
8217      0.004402565059203565
2579      0.0017638778255514862
2150      0.0030911856796388337
6247      0.002205393923545783
7837      0.00473077762025623
11409     0.00866847332503432
6022      0.0012875936560371461
3181      0.0029157928494053793
11053     0.002613230548622422
9848      0.0019340210769629219
2749      0.0018242105049609784
9264      0.0030358520766007304
6296      0.004187893690460781
10407     0.01608552656247504
1710      0.006696141390112852
1161      0.004261421201795723
2439      0.010497163093878341
5659      0.008855789926239
7643      0.0027096496929161188
10882     0.002348413271419294
1011      0.0017785098718101282
4412      0.0031350835766712354
10933     0.0012009793888935031
6930      0.001540205015329969
9399      0.0019524469625157963
8256      0.002154783993411289
8874      0.003748021877628478
3646      0.002569323152621755
3592      0.00252785634898478
4664      0.004526010912067847
2646      0.002333630381100601
2184      0.014254320253131711
11412     0.003988198232375224
10068     0.0016254165532884916
6388      0.001881325510353898
10453     0.003770302541515258
9600      0.002216365767525501
3407      0.0069095057465985476
10673     0.0008661855655212484
1963      0.0023985591798796387
2272      0.002762973118586168
6355      0.006050379787708963
12087     0.001529544684743569
677       0.003368097720152083
1297      0.004402565059203565
8318      0.0026598838923399732
5223      0.002569323152621755
7582      0.0036706600209350402
11081     0.0032015856703100616
7475      0.001324440695927067
10958     0.0011909525769721893
5432      0.002590953955556498
3569      0.001907208236188736
1694      0.0022186015329380354
7552      0.0012837767144667717
1101      0.0022186015329380354
10009     0.0035827690888948667
4641      0.001412251159728919
5082      0.0029157928494053793
5954      0.002613230548622422
8315      0.003586869156627447
3692      0.002645708505011068
7097      0.0014259434787517288
8918      0.001368343763728252
7368      0.0060346812160904624
4680      0.01165599416903347
7422      0.006616738030478695
9581      0.0026297466320015714
6204      0.006322168879037533
9551      0.0036484210099219567
6068      0.0036484210099219567
5177      0.00402138164061876
951       0.0035827690888948667
8876      0.004104178966192028
11338     0.005222361029512263
5186      0.0019675137416564526
8157      0.0034027357268245893
4252      0.003108187625082239
6033      0.0011051800207567024
2443      0.002245739449060427
10205     0.0023182440535182533
1314      0.0032015856703100616
7458      0.00880513011840713
2779      0.002365388810128115
2920      0.0017711579852477998
368       0.0008447412608046643
3785      0.0015455928398194168
10243     0.001861003559646204
2355      0.002569323152621755
7026      0.003108187625082239
9158      0.0031534263514092996
2313      0.00846120675517577
7797      0.0030697116271405467
4787      0.0028427027999043965
8382      0.0031803119136402077
621       0.0025675534289335434
4414      0.0019809680309341156
4305      0.0016687770746219512
1451      0.003586869156627447
1508      0.0016152584520999697
10099     0.003416120757352164
6042      0.0025483017498433846
9588      0.004977146089861299
116       0.0021189590123578176
12084     0.002746954055521985
9280      0.01165599416903347
2651      0.0019618333812468996
5395      0.0015510198488311517
2581      0.0030251898938544815
7081      0.005222361029512263
5968      0.0025905732308191183
10192     0.0035827690888948667
2637      0.001228748563365025
11024     0.0024225442200178906
131       0.001681643090760353
10289     0.0015564866165050165
8932      0.0015035416896764606
445       0.0030655354193691252
8558      0.001856310527242343
10237     0.0014352132929900555
12171     0.0019071222045058977
8640      0.0013988055626293371
8028      0.0024156508086859364
7123      0.000890508652013919
2257      0.0023493406550522673
10201     0.002052089483096014
9730      0.0031534263514092996
3537      0.0021307106008978615
678       0.005222361029512263
8506      0.0021307106008978615
5715      0.003770302541515258
566       0.020889444118049053
2083      0.0019524469625157963
9539      0.001601725342832077
4757      0.001907208236188736
12111     0.001786428865458284
8311      0.0021307106008978615
7227      0.0011388954675594933
11912     0.0031589726636379865
5991      0.004902509492977325
5332      0.0023182440535182533
8491      0.002436427305247238
2966      0.0020006062814165587
10434     0.0025079562243287405
4069      0.001145192639529262
7165      0.001232293512787316
449       0.0010643614616604455
932       0.002569323152621755
8613      0.003108187625082239
2508      0.004547803352375732
8104      0.0018321069855265265
5198      0.0026843520007843206
11311     0.005222361029512263
1399      0.004169923699988986
5197      0.002433272901680819
3565      0.0009321039022386979
450       0.002288391654773541
8226      0.0022320471300376174
11991     0.0035827690888948667
11549     0.0009465006918826338
3346      0.0034330265189311203
6887      0.0032015856703100616
6655      0.0032015856703100616
3652      0.0033083690152393474
2647      0.0019249759910654007
10119     0.0020106226794590395
1056      0.002179659978580744
2229      0.0026843520007843206
8337      0.002288391654773541
11159     0.004187893690460781
8135      0.007000891143301803
7651      0.004705127359986522
1505      0.0026361926818835586
6203      0.001145192639529262
6755      0.005222361029512263
5710      0.0015844378411002968
9934      0.004705127359986522
10919     0.004104178966192028
109       0.004191993758193362
3179      0.002273901676187866
6678      0.002569323152621755
4871      0.0018242105049609784
1648      0.002365388810128115
6202      0.0036706600209350402
3603      0.002762973118586168
6662      0.005181907911112996
338       0.0006200957734295932
9654      0.003253068871989517
8686      0.00303806900931641
667       0.0009513620149391016
3116      0.002365388810128115
4056      0.0033083690152393474
12108     0.0027911353457136068
10231     0.0024885730449306495
10767     0.005222361029512263
628       0.005471670404927552
7488      0.0020621354822882285
5640      0.00216711833125858
1747      0.002850864050626342
10811     0.010444722059024527
4049      0.0010503081188098767
11851     0.0017216282151812944
2990      0.0026361926818835586
16        0.005222361029512263
10640     0.004705127359986522
1720      0.0017934345783137235
7768      0.0031534263514092996
7337      0.004104178966192028
11187     0.0027911353457136068
2433      0.0015731314058574765
3696      0.0017148134605118764
11238     0.0014033930571853437
5760      0.00295050657120656
564       0.0015731314058574765
9077      0.0030251898938544815
10910     0.0008837960689678556
2270      0.0016314587761799642
1800      0.0023493406550522673
56        0.0027096496929161188
8599      0.0036706600209350402
1434      0.0036706600209350402
9391      0.005222361029512263
10881     0.001403260563622945
2339      0.0007684490752238321
5569      0.0017638778255514862
472       0.003664213971053053
6229      0.0019618333812468996
10674     0.001601725342832077
4953      0.001881325510353898
6256      0.005222361029512263
10589     0.004187893690460781
1323      0.002850864050626342
7372      0.0036706600209350402
4956      0.0026843520007843206
1571      0.0021924160233903777
9608      0.0032015856703100616
12063     0.0017424540445212487
8034      0.0010992103053180395
3903      0.002348413271419294
7207      0.001499208751051391
2793      0.0025079562243287405
4970      0.0009837568708282263
11724     0.005226461097244844
10805     0.0016134769313721207
4359      0.004187893690460781
1627      0.004187893690460781
10145     0.0013309214710766333
346       0.001840087922031275
2249      0.0011644094212346122
6964      0.0024885730449306495
7299      0.0023817897000013633
488       0.0012837767144667717
1361      0.001675182353864637
10013     0.0032015856703100616
6696      0.0013769209897720649
11308     0.004402565059203565
9789      0.002820402251725257
6616      0.0012078254043429682
967       0.0009863080201507196
10317     0.0008076292260499849
10992     0.0017785098718101282
7445      0.0033083690152393474
2052      0.002850864050626342
6242      0.0038853313896778235
8985      0.0025079562243287405
7424      0.001601725342832077
5259      0.001412251159728919
586       0.0017216282151812944
