t_index   tf-idf
416       0.0068594589989926765
196       0.027622550732129693
10571     0.010455482276701967
10910     0.005195649617568606
6511      0.0361913963382388
8091      0.011559883560649893
9162      0.0062284552787487376
11681     0.009023091752504032
4088      0.007490462719236616
7248      0.010789515819112088
3523      0.012940873052810479
10933     0.0035301515370506006
2049      0.00877971779551594
1903      0.011082404440211517
9533      0.015780736004610857
7941      0.007371871326057208
9307      0.06312294401844343
6232      0.01744086586101931
9488      0.012104013195356627
2202      0.008121466439480555
11850     0.01230986933256654
11060     0.006726484561001014
699       0.017910327617346497
7488      0.015153571347118042
3720      0.006095480840757075
698       0.008473163046255274
7814      0.006560865806474209
8545      0.04872879863688333
10082     0.00877971779551594
5621      0.009136187867665976
1590      0.00796472788523829
3815      0.019800332051803156
11910     0.003997176024314801
1649      0.004640607009950946
10321     0.009562050926757066
338       0.001822705758262744
9371      0.002690499250624996
8311      0.012525995653763186
12111     0.0017503393934288239
8949      0.005385284169577973
3419      0.003014819950059034
12171     0.004204337587206184
9504      0.006333759010936213
10885     0.0044959343763674615
10237     0.008437314510305176
6880      0.0036537564329253507
2685      0.004831458327574177
1718      0.013121731612948419
9851      0.007615834354211526
9589      0.010098516912212583
7475      0.0012976843182315708
4225      0.012965043065693392
2974      0.015350576359475442
6229      0.011533202301875715
9581      0.01932465328061761
11835     0.002937031426475479
6361      0.0060614285388472175
1955      0.003162193712600431
4873      0.009773051635050625
4397      0.0036643782768029484
6388      0.005529956803161458
4891      0.0044959343763674615
9264      0.004461782597428346
4412      0.004607622832380452
758       0.0023213662755521567
3825      0.009136187867665976
6826      0.007748808792203189
3857      0.0037402072866991446
6588      0.0040728182261817346
12020     0.005580382161275603
4137      0.007120811798234407
12183     0.008121466439480555
5663      0.00796472788523829
7632      0.01383022284602099
2137      0.005142549596495956
11238     0.004125125046878132
6231      0.0062980930791812295
4937      0.0034806368729392643
12012     0.008633562508672105
6230      0.011082404440211517
1270      0.015350576359475442
6203      0.0033661723040708615
808       0.007890368002305428
11927     0.006514772104544655
3790      0.014659577452575937
10882     0.003451455868601084
4322      0.0029600796925712096
12064     0.004047313212360312
8706      0.005631994106637654
4439      0.006160960523405397
9875      0.006444374371783838
9832      0.006683892805764334
10978     0.0067699197719197895
1399      0.008171365634321852
2160      0.006333759010936213
8048      0.004657286987476631
1017      0.004868015948402053
10988     0.0027258941240289563
12180     0.0061279763458349035
5764      0.004943011509204675
12084     0.0026914600341983084
10881     0.008249471192207616
11913     0.006194448295622635
110       0.004905193219343311
10958     0.0017503393934288239
3858      0.011820424822424841
12011     0.008473163046255274
5963      0.0033778399984121335
4210      0.005939854843715563
3888      0.0019898578274093197
1295      0.010041324650398786
9598      0.00781844659263568
4025      0.00941072151575988
3791      0.0062980930791812295
11075     0.005970109205782166
6681      0.004624052920247735
10944     0.01030007130897039
4001      0.0051011633408632705
3766      0.00796472788523829
85        0.008121466439480555
973       0.010789515819112088
8959      0.003375486145981823
11989     0.005939854843715563
4648      0.007371871326057208
2803      0.004924020858329388
8264      0.005910012118409904
8812      0.0062284552787487376
2656      0.005184731790257399
11978     0.006095480840757075
