t_index   tf-idf
7148      0.011022923346092787
7217      0.0044536577322108984
2778      0.01159922148716446
11022     0.009238380541060453
10833     0.025257543216473312
8299      0.034736852627439904
1295      0.002994250422859879
9596      0.010688262346904587
2579      0.0030920990797318223
2270      0.002859966890773311
3520      0.016716795082256694
6534      0.004541973500403259
9500      0.004778937731652334
329       0.0029142533490060596
6900      0.0018266410491016008
208       0.0021790475112024683
314       0.005053271937224531
7030      0.007972354069526132
8101      0.006443478237175172
7425      0.005762804042494954
9078      0.00782561102218008
10317     0.0014157837637382266
5953      0.0029479405988630286
4142      0.005172273567597042
2813      0.009849615474679739
4412      0.0027479196409979805
6215      0.004997599028507624
2236      0.004146555082814949
9393      0.007717749591736369
8874      0.0026281310033491254
2660      0.006287824846858959
10647     0.023732535745623323
3708      0.005895881197726057
5956      0.003374506104819468
2357      0.0012786653709126582
10561     0.0070495304663858996
3565      0.003267978741583869
1505      0.004621277532699492
5281      0.02148539551892171
102       0.0028922676901461217
10243     0.0008155904154473575
4322      0.0035306974646331295
11984     0.002797663882159302
3766      0.009500097116127598
9680      0.014682856191856474
9944      0.010344547135194084
697       0.010747841048631513
6588      0.0024289699059758534
7488      0.0018074741727285377
3888      0.0011867224392380883
2590      0.005612418253374867
8966      0.004541973500403259
10988     0.0032513676901068274
3398      0.004118422473615722
1743      0.0022706530426757935
2157      0.0036352566459936773
3873      0.0055751251016222915
4536      0.03422663048747571
11679     0.0030794601803534843
3730      0.002141670228124697
10201     0.007194675175673978
10674     0.005615687647760655
4956      0.014117104196895854
7422      0.01159922148716446
25        0.00306694222923554
3934      0.004467203669906175
2520      0.005172273567597042
11081     0.011224836506749734
5174      0.007341428095928237
5735      0.003542443551372534
3861      0.004258889513617662
5997      0.006609385780608074
2762      0.002361872331544672
2439      0.00920082668770662
5659      0.006209722574784455
1101      0.0038892352173793276
3407      0.008074964547229628
2876      0.008423531471640983
3993      0.002123374602485561
9196      0.002243818954863085
944       0.0025490648217520347
9849      0.002444359682417059
1828      0.0053739205243157565
3268      0.005612418253374867
6274      0.011808631765834413
6355      0.005303194331997917
9723      0.00792251957575511
338       0.0010870353618554918
7424      0.0028078438238803276
11883     0.009154861804747403
3957      0.0043964774775883345
6022      0.002257167192209696
12064     0.0024137590844799453
11884     0.006705307657438354
6668      0.004175306040363836
9102      0.00824814495033782
10772     0.0030300914568951428
633       0.004997599028507624
7981      0.003777362301702922
11111     0.00579961074358223
3696      0.0030060886566804584
6211      0.007717749591736369
3569      0.0066867180329026775
2651      0.0034391175538725774
3898      0.004843525165714307
10992     0.006235498466225871
6114      0.0014995026362336031
8455      0.006434711241518655
8450      0.0069780938925282235
7988      0.004063909756468745
3755      0.004997599028507624
3449      0.0027285397915840955
1990      0.007717749591736369
11840     0.007717749591736369
539       0.0023189794426452435
4873      0.0029142533490060596
4739      0.004370764450644481
8014      0.006811032737326788
7475      0.003095680662769289
10786     0.0034557816761616165
1886      0.003986177034763066
12087     0.0026813102606046907
8959      0.0020130911352542196
1248      0.005612418253374867
3202      0.006811032737326788
10714     0.005236096757566735
8002      0.009154861804747403
1617      0.002444359682417059
8028      0.002117332485926529
1349      0.0032541347194429025
7333      0.007717749591736369
9553      0.0038892352173793276
9742      0.005527994387109074
5792      0.006811032737326788
10916     0.0070495304663858996
3326      0.003798984544555704
4396      0.014099060932771799
3846      0.0034726608253122146
758       0.00138442928481725
2877      0.0022774484652788784
10673     0.003036867464658835
2401      0.009154861804747403
443       0.0024836453949651787
285       0.006142813611976317
3650      0.004234776095170333
10920     0.005448690354812841
7426      0.002071882184855058
11786     0.004175306040363836
9386      0.00824814495033782
1410      0.006142813611976317
469       0.005702668926198491
5790      0.003936808311304725
4376      0.0020242716811750545
5759      0.0012196893042632697
7495      0.004705701398965285
9371      0.0048137245628652025
449       0.0018658384659228295
7340      0.005303194331997917
330       0.004362498530571199
7339      0.006780724498749522
6388      0.003297986286222797
4111      0.002903214330673513
8418      0.0028284445001764283
263       0.005303194331997917
3033      0.006280637378725339
5509      0.0070495304663858996
4735      0.009888398256048793
10037     0.002936614849244635
12111     0.004175508432516953
307       0.003358839858777878
3096      0.003018035003721426
5569      0.0030920990797318223
674       0.006142813611976317
8749      0.004467203669906175
6012      0.004541973500403259
5212      0.004063909756468745
4397      0.0021853822253222405
1798      0.002243818954863085
680       0.005303194331997917
3616      0.0035787824411357286
1845      0.0037560916556562754
3563      0.00373516135458601
6210      0.00418687858729534
1800      0.004118422473615722
5302      0.0032541347194429025
10203     0.009154861804747403
10901     0.0027381938273528046
9729      0.0031706095931020853
2613      0.0010897806218543493
11409     0.003798984544555704
4664      0.0052894344394045925
3790      0.0029142533490060596
119       0.006609385780608074
10200     0.007717749591736369
3682      0.003654636495407563
3248      0.006609385780608074
7165      0.0021602253748259576
10345     0.002391269431813215
7459      0.009154861804747403
6918      0.0043964774775883345
10958     0.0020877542162584767
6247      0.003866082118986885
724       0.005702668926198491
7837      0.004146555082814949
4966      0.0017516030796450148
6989      0.0019217276457668467
6616      0.002117332485926529
12063     0.0030545429334679726
6166      0.002111318149311844
6132      0.0025324006994629955
3577      0.006142813611976317
2920      0.0031048612873922276
9264      0.0010643770533624248
2184      0.004997599028507624
8315      0.0031439124234294794
