t_index   tf-idf
10833     0.011646533816484915
8299      0.039427812213025805
7426      0.011464414756197989
5436      0.009250980479380971
8874      0.014542324885198493
3993      0.007832892978057848
3520      0.024666559854707653
5281      0.03170289472125337
6616      0.023431812844253587
9202      0.007031932652690911
9824      0.005629552668707104
2651      0.012686522532063286
5493      0.04078431414489361
5048      0.06754253598169194
697       0.03964759142384069
3521      0.017691734309265753
4970      0.006361627764689196
6534      0.016754835579265354
9500      0.011752646865989445
2192      0.03377126799084597
11412     0.005158069713871957
7150      0.008685950492299475
9311      0.013067680656174238
464       0.018049341902281326
75        0.009756067966012916
6311      0.006312471201302206
6973      0.007923091758304286
12084     0.0059212120752362785
6355      0.019562894646925646
539       0.008554457499535787
6276      0.030426490261246178
7637      0.020099613308865148
10541     0.02512514298658326
1248      0.020703587334671734
4206      0.03377126799084597
3407      0.014893823498223538
8450      0.00858047100859026
11402     0.018435587527383678
2313      0.01823860122782333
7425      0.015943757850902705
324       0.010172916424545016
11823     0.013339611427098687
580       0.00842645279920455
8272      0.01573516476420263
4115      0.021036512038865546
7659      0.03377126799084597
11065     0.01907994249380242
4412      0.010136770231236995
758       0.01021401161242949
4252      0.040199226617730295
4536      0.025251647381870967
3708      0.010874625320250284
621       0.008301756086885125
4794      0.006042997573663208
10265     0.017867226166857222
11178     0.013554113151491872
6361      0.006667571392731939
4323      0.024381289768465337
5953      0.010874625320250284
1101      0.014346956579665966
9371      0.00591909835137499
9385      0.03377126799084597
10674     0.010357823883647432
8360      0.021780365256983472
8212      0.016754835579265354
8379      0.012004141409500485
9258      0.01573516476420263
7358      0.02316857344152014
7217      0.005476349507755623
