t_index   tf-idf
7932      0.007573130592317052
8259      0.0033612999033552347
273       0.006891921941436545
4163      0.04931727123019878
10522     0.008318848155431054
5393      0.009177631475736267
5387      0.010064574845805757
2063      0.006962353053551743
8491      0.00400565167133868
5501      0.034837122745543785
9264      0.0059893759612936436
8959      0.0037759675531322083
4906      0.003018441473764018
1913      0.004336567868020555
2320      0.012964062333171262
313       0.020035281741438454
8159      0.003765548679130116
4907      0.012775496433855895
338       0.0020389589838193407
2764      0.00851940792166035
7568      0.007777719138387362
7929      0.014090648922913935
509       0.013710048773732325
8261      0.00392667709316964
6042      0.008379161685925706
3340      0.006161124578053043
10032     0.005594328228847206
7150      0.004416584996084478
10805     0.0053053309268846
10684     0.0047656184563101885
9747      0.00862093011302704
606       0.017171831181786085
9527      0.00806005797997967
5144      0.008182765605365187
3625      0.007943195839528534
83        0.005209846460567078
9492      0.006271159285095166
8408      0.004643673304871361
6882      0.011058941003644355
835       0.027131413072065125
78        0.021299527823007473
621       0.004221231908585656
5631      0.009374027556296786
704       0.0035755589759445313
11814     0.005897056071065464
10370     0.011780630563484816
3708      0.005529470501822177
2281      0.006678427247146151
4167      0.00831193443564487
967       0.0032431145069362647
5799      0.0036537692989631154
5090      0.007886787811807626
8904      0.00630019679725568
7351      0.008379161685925706
374       0.00752454205128927
9379      0.006855024386866163
5395      0.00509996357073294
4049      0.010360666527921157
10122     0.006545765688674271
1798      0.004208745158274261
11758     0.008000931236035236
6897      0.03224023191991868
5346      0.009273865031096607
11582     0.00831193443564487
7725      0.008448282908620687
7643      0.008909695600436052
11220     0.004403066277915606
8187      0.0029429388660918063
7207      0.002464800827999745
4417      0.005569168990937922
7227      0.0037448427238396904
5640      0.007125778919731603
2178      0.008182765605365187
4069      0.003765548679130116
3583      0.005209846460567078
6138      0.01260039359451136
5092      0.023044227335323585
9371      0.0015048555130614382
918       0.009478453577166916
8918      0.004499299833275947
324       0.010345338736825438
158       0.00630019679725568
7525      0.005425044480952047
8886      0.008909695600436052
7201      0.007085221944437119
564       0.005172669368412719
2631      0.005921966347365211
5979      0.008995797106406316
5255      0.007673293117517231
7858      0.011074761995076341
2749      0.005998251490888641
8874      0.002464800827999745
11098     0.00908503025433418
6740      0.0042718242399581215
10910     0.005812082623042847
4146      0.006329582072316741
2093      0.006545765688674271
8039      0.009947234566233379
2961      0.011522113667661793
5502      0.050274970115554235
8686      0.004994791422096471
443       0.004658589102420561
10037     0.005508226722876941
5110      0.008909695600436052
4891      0.005029350319326312
1882      0.011522113667661793
10259     0.004910465558085761
5208      0.01069653154518587
12171     0.0015677191003141701
7447      0.003565955671549647
6011      0.0031686306417078743
10143     0.006545765688674271
6161      0.0046886955064039905
946       0.004861226959790778
10769     0.004570424846315611
8337      0.00752454205128927
11001     0.0033725104526084104
4955      0.00958752225058718
11549     0.0031122226139869654
3268      0.010527247797290711
3998      0.007085221944437119
10958     0.0019580067790898707
11912     0.002596782613329531
6119      0.0085926563802161
2277      0.009821379228882238
10508     0.017171831181786085
8136      0.006024216189697392
10307     0.017171831181786085
