t_index   tf-idf
3888      0.0018672599517869446
1137      0.003573306166194033
1804      0.00441545701450345
9446      0.01324637104351035
662       0.009125453871418486
6965      0.0034862852964671616
12044     0.002442687079180615
6871      0.002364979701464247
11827     0.0055738922230127086
3257      0.014948020106892713
2402      0.00526064072730732
7484      0.006352815710142741
6681      0.002169579332248937
1902      0.0032400859271099996
7176      0.009291613929050962
5882      0.015092474766198275
2029      0.015902239650791888
3225      0.018250907742836973
1913      0.005456676630139608
7339      0.0026672992104085796
6033      0.0045726168631308114
3921      0.004562726935709243
8030      0.017327162046314036
9801      0.008344362645608096
8427      0.005358442817043824
11810     0.009882329903965937
5274      0.003971644525382396
6403      0.0011886138011916187
7888      0.0025270165053883297
2932      0.0039317603731387
6499      0.0033806404323611415
2924      0.017717370554808785
12062     0.0059435274131060195
11823     0.005689881651369109
10351     0.0028752116504154285
3314      0.005546076101516869
12171     0.0019726512849924747
7447      0.004487020051167921
1261      0.0035434741109617576
11814     0.009893639095531632
4906      0.0025320575396029915
7972      0.005910058908425988
1508      0.0033415180774485154
3762      0.005490997757797848
5676      0.004486459913502131
10910     0.004875538503689971
9018      0.004286647388146596
1042      0.005546076101516869
8685      0.0021930586892637454
1845      0.002955029454212994
8894      0.009591597434698744
10522     0.005233777690206031
4099      0.004119393657611744
3209      0.008042613451914364
6975      0.005546076101516869
9746      0.013935304785273784
851       0.006524437381490821
4641      0.0038954036728067816
3669      0.005358442817043824
6399      0.004645101595091261
2310      0.013688180807127727
6020      0.0017044261447039886
6780      0.005199801135454693
10571     0.0024528264108850586
944       0.004010850809581401
9359      0.0018025130763585503
5641      0.00577572068210468
464       0.0038493857137566812
8575      0.016638228304550605
1175      0.004832734879564307
11894     0.00441545701450345
368       0.001165022307555248
6166      0.0016610370274206929
2055      0.005199801135454693
11970     0.003858316765167177
6414      0.0040691820484412755
11027     0.005506608740520857
4848      0.010907091048740979
10223     0.002201005708239072
12162     0.004021306725957182
4758      0.0026548247080570224
947       0.0036683706761655556
9627      0.003737005026723178
6112      0.00577572068210468
10492     0.004119393657611744
5591      0.0050623794601521175
10030     0.006394398289799164
4970      0.009497216805104725
6073      0.004620645165636108
2800      0.0068642156973916495
329       0.00229273012291472
9822      0.0050623794601521175
4852      0.004227823730030405
4263      0.0024128550239483396
11884     0.0039564493049813985
4329      0.0047346479479097444
3653      0.0016376996590710343
11867     0.002473409773882908
738       0.00577572068210468
11881     0.0029887745705983264
10611     0.0034321078486958248
4620      0.004500042690695447
6721      0.0021315996037319924
10062     0.0030597774695970067
6114      0.0011797034958046357
10554     0.006489061904057242
9264      0.00418688603929295
7227      0.0015707041756389223
1520      0.006317555603848631
4512      0.006071784038996386
2437      0.010376520302554456
10814     0.0037731186915495687
10902     0.004806200255504108
3419      0.001414536374672248
9069      0.0029717637065530098
1964      0.004021306725957182
3838      0.004349038238199556
4966      0.004134115325418092
2340      0.009291613929050962
9503      0.0018025130763585503
10881     0.0019353024834799857
967       0.0013602636676012295
3682      0.005750423300830857
10772     0.002383863421064425
10385     0.001875452257853864
9202      0.0029994025532804835
10343     0.005781375277887529
1436      0.00526064072730732
10353     0.002442687079180615
6700      0.0047346479479097444
422       0.018250907742836973
7536      0.019467185712171726
5142      0.0021315996037319924
337       0.001953957988456017
8519      0.002442687079180615
4395      0.005545888149029199
8586      0.006071784038996386
10791     0.0047346479479097444
4947      0.005358442817043824
3259      0.0023556662094537436
10431     0.004941164951982969
8640      0.003858316765167177
10037     0.002310322582818054
11995     0.002185172567583822
9598      0.0036683706761655556
442       0.00441545701450345
12111     0.003284997155439878
587       0.005574466450754723
11024     0.0016705221991118633
9600      0.0015283470103078694
6777      0.002328221013838068
11832     0.00441545701450345
3848      0.0025377515891521376
9349      0.007474010053446356
4269      0.00577572068210468
6648      0.002679926777956132
4971      0.006071784038996386
10572     0.0025488774687928485
5035      0.006489061904057242
7097      0.0019665855560035694
6181      0.006489061904057242
6161      0.003933171112007139
12058     0.00577572068210468
330       0.0034321078486958248
12093     0.0015450812626478857
10614     0.005546076101516869
8127      0.004941164951982969
12117     0.004286647388146596
1107      0.0035434741109617576
2383      0.006071784038996386
1216      0.005546076101516869
1491      0.005546076101516869
6990      0.0039317603731387
8718      0.0026548247080570224
569       0.002146623722288909
2433      0.004339158664497874
4794      0.005155163806916481
2886      0.006394398289799164
3730      0.001684915914069667
4380      0.006972570592934323
11835     0.0013780384418060306
5799      0.001532505132503487
1017      0.002284045397591484
2625      0.0019477018364033908
1131      0.0026548247080570224
737       0.0019353024834799857
8965      0.004486459913502131
7942      0.0038493857137566812
2571      0.00577572068210468
3931      0.0028011412861252815
1856      0.0033316247952524898
2475      0.0040691820484412755
580       0.0017971107865602123
4091      0.006489061904057242
8284      0.004486459913502131
7207      0.001033814565298471
12191     0.002560124945154132
5         0.0034321078486958248
9194      0.003514482508077844
12105     0.00441545701450345
6311      0.0026925232612189506
6210      0.0016469711978460344
1317      0.004645101595091261
6939      0.00577572068210468
8673      0.004021306725957182
8651      0.0027729440745145996
11080     0.0032184191511861375
5015      0.004550866697291528
10008     0.004988826468767262
8004      0.0037731186915495687
3878      0.005358442817043824
3065      0.003136044491804119
338       0.0008552031756777803
9283      0.004486459913502131
1924      0.005358442817043824
10433     0.0030972046430169874
4973      0.006489061904057242
4046      0.0025158542983111125
10177     0.003975559912697972
3258      0.006071784038996386
5465      0.006489061904057242
4518      0.003583473414562027
1880      0.0027869461115063543
7981      0.0029717637065530098
7705      0.006489061904057242
3621      0.0038493857137566812
7357      0.0050623794601521175
7150      0.0018524538964619734
8648      0.0030236638047706163
8450      0.0018299582719742261
102       0.004550866697291528
11066     0.004638465776410074
2388      0.0036356970162469936
7769      0.0015620921266932019
9129      0.0038493857137566812
3721      0.00381054586496955
7175      0.0026548247080570224
11001     0.001414536374672248
8063      0.006071784038996386
8493      0.003514482508077844
2658      0.0018930447177571978
2541      0.0047346479479097444
7165      0.0016995138019957772
10848     0.002301488761682407
307       0.0026424996045361507
9824      0.0012006154980654961
10043     0.0025267447051574373
3467      0.0033079655040046205
8893      0.002328221013838068
12244     0.0037731186915495687
2888      0.006071784038996386
10595     0.004349038238199556
8601      0.004562726935709243
4520      0.0029717637065530098
7997      0.0039317603731387
1469      0.005358442817043824
4286      0.0016058916662524748
9744      0.003737005026723178
10391     0.004562726935709243
4069      0.0015793889009621577
3565      0.001285508225362375
8182      0.0034321078486958248
539       0.0018244103671995757
11934     0.0039317603731387
3449      0.002146623722288909
8799      0.002759129990010515
11694     0.003975559912697972
6246      0.0031764078550713705
7475      0.0006088661019190782
2063      0.0014601143252116807
5697      0.006071784038996386
6301      0.006071784038996386
2032      0.0026182835732999274
6991      0.00577572068210468
6524      0.005546076101516869
7754      0.0029887745705983264
2605      0.006156641846833618
198       0.0033558408264887127
5033      0.0027729440745145996
3343      0.006071784038996386
6173      0.00441545701450345
1675      0.004832734879564307
11916     0.004486459913502131
8054      0.0036683706761655556
10032     0.0023464362476444444
3418      0.0036040288608963265
4937      0.0016330950256918822
4412      0.0021618704284628665
