t_index   tf-idf
11900     0.004877808534346743
8894      0.007063968791348814
902       0.0030034542316378448
1131      0.005865633648167871
9069      0.006565886304530734
5932      0.018536188858353883
5021      0.01718821058119476
10572     0.005631551266128701
10522     0.005781817238918703
7552      0.001955911119946757
8207      0.004391848908792001
2625      0.010758248363379986
3259      0.005204665656489423
5759      0.003180132322110514
7888      0.006513792981603076
1171      0.00600986599407689
3074      0.004016398274492752
9550      0.0023303534202114063
11412     0.002430504053656943
10243     0.001417675486536768
6662      0.011842423053407448
9073      0.005131499667875687
102       0.002513698620755268
9194      0.007764982295334294
5882      0.025009257924092948
2029      0.026351093452752
7176      0.003421519265322431
1436      0.005811493159486096
6335      0.0033208432134397723
8467      0.014267331315853723
4873      0.005065613151151894
5965      0.0021866338652361582
9359      0.005973773703324409
6930      0.002346595075712152
1682      0.004597100088697185
9296      0.017896809702099736
10071     0.003176280933181442
1985      0.0026547336489826357
10776     0.005040499389710211
3801      0.002960547382977716
7325      0.0033017352586190932
7718      0.008686926060023723
1686      0.002905746579743048
3021      0.004804434912356577
6721      0.007064411252158905
9848      0.0029465975570482214
4460      0.0044423859642773065
9264      0.003237712397924443
6527      0.007956581463811879
3814      0.007956581463811879
1798      0.0019501253743836237
7123      0.009497204838493995
3385      0.005204665656489423
2083      0.005949341006199966
6349      0.0024949065144015416
243       0.003531984395674407
1955      0.0016390428143845167
5015      0.007541095862265803
9921      0.0037627071409638085
8812      0.0032283616366289266
8133      0.0032283616366289266
5582      0.0023797914939296624
7825      0.00429705264529869
11540     0.0028157756330643505
5351      0.001829764409256594
634       0.006065971345001811
11679     0.002676389476118735
3888      0.00103139227703415
9541      0.0031264818826227236
10472     0.004735510988999642
4794      0.0028474857676947054
10910     0.002693033047849696
8037      0.0054585644233947975
8493      0.003882491147667147
953       0.0044454577016012865
8893      0.01028805516062476
2433      0.0023967604141598205
10543     0.0034006581928845377
7424      0.0024403249987651017
1520      0.0017447699377121219
10082     0.004550743778827634
10670     0.0054585644233947975
3565      0.0028402328329995927
4540      0.004391848908792001
10496     0.002767389754284212
2561      0.00886167037509608
11238     0.0007127179400365359
2637      0.0018720724185299596
8101      0.0037333940222376216
4518      0.0019793531164203865
8708      0.004845396685179583
330       0.00379149086950167
6680      0.010460845204282263
8160      0.0028034847398486964
1730      0.003882491147667147
11024     0.0018454459895947807
8214      0.005338780416691459
81        0.004956246291879317
2346      0.005949341006199966
8874      0.0034262021980834144
5274      0.006581285299913761
6816      0.002230087430208571
7126      0.004550743778827634
10901     0.004759582987859325
11005     0.002974670503099983
6068      0.002779294538971962
7368      0.004597100088697185
539       0.0020154481019848715
1879      0.0018349676062081998
6926      0.005592471550220402
4970      0.0059952512965657356
2809      0.003577949015617877
3324      0.0061268170545552844
9596      0.0023223187821808395
1856      0.018402430151787313
11927     0.0016883833464657614
5186      0.0014988128241414339
5898      0.004016398274492752
4533      0.007168544825948053
7634      0.005592471550220402
7165      0.0037549467248283665
2437      0.0038210223103647303
10988     0.001412898001460035
10958     0.0009072439787929506
11339     0.0034006581928845377
6262      0.004550743778827634
8965      0.004956246291879317
7942      0.004252462751846386
2571      0.025522032752336908
6128      0.007168544825948053
11001     0.0015626553667845253
10025     0.005919536305739512
8718      0.005865633648167871
3682      0.003176280933181442
7758      0.006707572943603337
12105     0.004877808534346743
9176      0.003264456622193412
1317      0.010262999335751375
10340     0.004670527785530972
10571     0.0027096668727578394
11827     0.0030787729294651347
3001      0.0041283144536051865
2456      0.010738085821259841
10207     0.005744282929743143
4357      0.004550743778827634
12016     0.007360972060714925
5068      0.0061268170545552844
11727     0.007168544825948053
10062     0.003380173016151667
5049      0.006380508188084227
3168      0.006707572943603337
12162     0.0044423859642773065
8630      0.0061268170545552844
2886      0.003531984395674407
11549     0.0028841015846894917
8144      0.007168544825948053
10095     0.004609058948228556
4758      0.0029328168240839356
5350      0.0061268170545552844
4499      0.006380508188084227
9074      0.004877808534346743
3258      0.006707572943603337
4286      0.001774047861671582
2939      0.0030329856725009054
9396      0.002791325302556122
12100     0.0034644261139825604
8673      0.0044423859642773065
3096      0.0026230042440720247
3903      0.003577949015617877
6900      0.0015875519065490353
12171     0.0014528077526471629
3073      0.0036804860303574624
6521      0.003018124068072396
8491      0.003712043695429039
2146      0.0038210223103647303
6166      0.0036699352124163996
5005      0.0033017352586190932
10129     0.004670527785530972
12084     0.0013950499653698038
12045     0.0023303534202114063
9892      0.003882491147667147
6403      0.0026261519586537334
9746      0.005131499667875687
851       0.003603812270928176
4641      0.002151649672675997
2579      0.00268737406929572
4376      0.0035186293096864827
5710      0.0024139864490062115
10673     0.0013196858616056717
307       0.0029192011338069514
5621      0.004735510988999642
9313      0.005230422602141131
4475      0.004670527785530972
12087     0.0023303534202114063
2339      0.0023415568679595305
2249      0.001774047861671582
6182      0.0027209793695710397
9518      0.005744282929743143
8706      0.0029192011338069514
192       0.0036804860303574624
5128      0.007956581463811879
3838      0.004804434912356577
9656      0.003981414081932591
7193      0.0061268170545552844
1008      0.004209555903186256
12123     0.004956246291879317
8901      0.0027324055617240503
9311      0.009236318788395403
9898      0.005592471550220402
10385     0.002071834693231232
1572      0.0027324055617240503
7635      0.00429705264529869
10653     0.007168544825948053
2514      0.006707572943603337
2376      0.003159437713271992
8303      0.006380508188084227
338       0.0009447532464293804
4677      0.0028793059333966455
3369      0.0034006581928845377
6740      0.0019793531164203865
6538      0.004089771896482918
5600      0.004804434912356577
7899      0.004956246291879317
2058      0.0061268170545552844
11936     0.0024672882360420962
1560      0.004387523533275841
7892      0.002755608337460451
3924      0.004391848908792001
777       0.00379149086950167
4073      0.001579192335432935
2877      0.005938059349261159
8450      0.002021576939196658
9335      0.004495274409534602
393       0.005744282929743143
7328      0.004735510988999642
7447      0.0016522883609012763
1516      0.005919536305739512
2032      0.002892449392493637
6020      0.0018829000865578094
7475      0.0006726217146854738
3407      0.003509016007434865
7151      0.003193377444068766
10056     0.005744282929743143
10786     0.0030034542316378448
1376      0.004670527785530972
4845      0.004609058948228556
12213     0.007956581463811879
3266      0.0024403249987651017
5796      0.004168209654015492
10768     0.0030944545098033215
9583      0.001916015919536451
3342      0.0037072377716707767
9600      0.0016883833464657614
4966      0.0015223356608433112
7150      0.0020464281264579915
3537      0.0032462658893260615
