t_index   tf-idf
3888      0.001832520231753699
1137      0.0035068260514741437
1804      0.004333308977024316
9446      0.012999926931072948
662       0.008955677985438606
6965      0.0034214241746724234
12044     0.0023972417381726034
6871      0.0023209800791114234
11827     0.0054701919025845645
3257      0.014669917407229591
2402      0.005162768341682997
7484      0.006234623789954039
6681      0.0021292150656024448
1902      0.0031798052586986506
7176      0.009118746693161641
5882      0.018514605672487416
2029      0.019507980036727258
3225      0.017911355970877212
1913      0.005355157064927708
7339      0.0026176750390521407
6033      0.0044875449214911685
3921      0.004477838992719303
8030      0.01700479624080122
9801      0.008189118689410736
8427      0.0052587508576569615
11810     0.009698472603427035
5274      0.003897753464445049
5015      0.006699299114850086
2932      0.00385861134294077
6499      0.003317744796410236
2924      0.017387745056114668
12062     0.005832950158908698
11823     0.005584023388087822
10351     0.0028217193406402576
3314      0.005442893290325857
12171     0.0019359507959693589
7447      0.0044035406083554945
1261      0.003477549011222934
11814     0.009709571391428718
4906      0.0024849494923545636
7972      0.005800104324083178
1508      0.003279350299263427
3762      0.005388839659978353
5676      0.004402990891855579
10910     0.004784830810598065
9018      0.0042068958088322395
1042      0.005442893290325857
8685      0.002152257597370466
1845      0.002900052162041589
8894      0.009413149110332256
10522     0.006848540109354868
4099      0.004042753775609665
3209      0.00789298343420433
6975      0.005442893290325857
9746      0.013676043300896598
851       0.006403052499974712
4641      0.0038229310463359575
3669      0.0052587508576569615
6399      0.004558681100298866
2310      0.013433516978157908
6020      0.0016727158908490306
7888      0.0024800022448229655
6780      0.005103060649213675
10571     0.0024071924311476617
7426      0.0007998428899673015
9264      0.004519889533580901
6816      0.001981147437999242
8467      0.002534939796584243
539       0.003580935697480097
944       0.003936230329403142
9359      0.0017689779493565306
5641      0.005668265413600406
464       0.0037777692353612074
8575      0.01632867987097757
1175      0.004742823532967761
11894     0.004333308977024316
368       0.001143347473926313
6166      0.0016301340129570518
2055      0.005103060649213675
11970     0.0037865341276756945
6414      0.003993476335912135
11027     0.005404160205813493
4848      0.010704168424578357
10223     0.0021600567648299724
12162     0.003946491717102165
4758      0.0026054326204652633
947       0.0036001219193996844
9627      0.003667479351807398
6112      0.005668265413600406
10492     0.004042753775609665
5591      0.00496819565624231
10030     0.006275432740221504
4970      0.009320524399428357
6073      0.004534679674182412
2800      0.006736509358835525
329       0.0022500746787674692
9822      0.00496819565624231
4852      0.004149166544355421
4263      0.0023679646979213936
11884     0.003882840945818954
4329      0.004646561474460261
3653      0.0016072308282045963
11867     0.0024273928478571794
738       0.005668265413600406
11881     0.0029331694623081247
10611     0.0033682546794177627
4620      0.004416320966217391
6721      0.0020919419366858157
10062     0.003002851377139388
6114      0.0011577555237896656
10554     0.006368335170958502
7227      0.0015414817723712214
1520      0.006200019685637493
4512      0.005958820615015057
2437      0.010183468762041816
10814     0.003702921134497483
10902     0.004716782576331939
3419      0.0013882194188643922
9069      0.002916475079454349
1964      0.003946491717102165
3838      0.004268125898884215
4966      0.004057201551921941
2340      0.009118746693161641
9503      0.0017689779493565306
10881     0.0018992968558803579
967       0.0013349564365760904
3682      0.005643438681280515
10772     0.0023395124736957846
10385     0.0018405601228240244
9202      0.002943599715079916
10343     0.005673814807601249
1436      0.005162768341682997
10353     0.0023972417381726034
6700      0.004646561474460261
422       0.017911355970877212
7536      0.019105005512875507
5142      0.0020919419366858157
337       0.0019176052816940448
8519      0.0023972417381726034
4395      0.005442708834628655
8586      0.005958820615015057
10791     0.004646561474460261
4947      0.0052587508576569615
3259      0.002311839861370883
10431     0.004849236301713518
8640      0.0037865341276756945
10037     0.002267339837091206
11995     0.002144518194233425
9598      0.0036001219193996844
442       0.004333308977024316
12111     0.003223880929292159
587       0.005470755447019751
11024     0.0016394427163376889
9600      0.0014999126473253972
6777      0.0022849052740457313
11832     0.004333308977024316
3848      0.002490537606098144
9349      0.007334958703614796
4269      0.005668265413600406
6648      0.002630067675110436
4971      0.005958820615015057
10572     0.0025014564926292603
5035      0.006368335170958502
7097      0.00192999791775234
6181      0.006368335170958502
6161      0.00385999583550468
12058     0.005668265413600406
330       0.0033682546794177627
12093     0.0015163355647381574
10614     0.005442893290325857
8127      0.004849236301713518
12117     0.0042068958088322395
1107      0.003477549011222934
2383      0.005958820615015057
1216      0.005442893290325857
1491      0.005442893290325857
6990      0.00385861134294077
8718      0.0026054326204652633
569       0.0021066865367579527
2433      0.0042584301312048895
4794      0.005059253782601755
2886      0.006275432740221504
3730      0.001653568641249766
4380      0.006842848349344847
11835     0.0013524005173073137
5799      0.001503993409108073
1017      0.002241551529729317
2625      0.0019114655231679788
1131      0.0026054326204652633
737       0.0018992968558803579
8965      0.004402990891855579
7942      0.0037777692353612074
2571      0.005668265413600406
3931      0.0027490270296392297
1856      0.003269641078131513
2475      0.003993476335912135
580       0.0017636761672753711
4091      0.006368335170958502
8284      0.004402990891855579
7207      0.001014580805944081
12191     0.0025124947136163805
5         0.0033682546794177627
9194      0.0034490967869973254
12105     0.004333308977024316
6311      0.002642429805196272
6210      0.0016163298732349452
1317      0.004558681100298866
6939      0.005668265413600406
8673      0.003946491717102165
8651      0.0027213544173143277
11080     0.003158541585582674
10008     0.00489601109260415
8004      0.003702921134497483
3878      0.0052587508576569615
3065      0.0030776994780031116
338       0.0008392924189209843
9283      0.004402990891855579
1924      0.0052587508576569615
10433     0.0030395822310538803
4973      0.006368335170958502
4046      0.0024690477067146263
10177     0.0039015960073454517
3258      0.005958820615015057
5465      0.006368335170958502
4518      0.0035168041417329653
1880      0.0027350959512922822
7981      0.002916475079454349
7705      0.006368335170958502
3621      0.0037777692353612074
7357      0.00496819565624231
7150      0.0018179896379231458
8648      0.002967409594449302
8450      0.0017959125366816824
102       0.004466199409900057
11066     0.0045521687387094206
2388      0.003568056141526119
7769      0.0015330299475919329
9129      0.0037777692353612074
3721      0.0037396519884119765
7175      0.0026054326204652633
11001     0.0013882194188643922
8063      0.005958820615015057
8493      0.0034490967869973254
2658      0.0018578252811477613
2541      0.004646561474460261
7165      0.0016678949405632974
10848     0.0022586703661162224
307       0.0025933368211959427
9824      0.0011782784655433474
10043     0.0024797355013405544
3467      0.003246421959744069
8893      0.0022849052740457313
12244     0.003702921134497483
2888      0.005958820615015057
10595     0.004268125898884215
8601      0.004477838992719303
4520      0.002916475079454349
7997      0.00385861134294077
1469      0.0052587508576569615
4286      0.0015760146119966146
9744      0.003667479351807398
10391     0.004477838992719303
4069      0.0015500049214093733
3565      0.0012615917932626097
8182      0.0033682546794177627
11934     0.00385861134294077
3449      0.0021066865367579527
8799      0.0027077973390335747
11694     0.0039015960073454517
6246      0.0031173118949770194
7475      0.0005975383604880255
2063      0.0014329494075333237
5697      0.005958820615015057
6301      0.005958820615015057
2032      0.002569571320773417
6991      0.005668265413600406
6524      0.005442893290325857
7754      0.0029331694623081247
2605      0.006042099672939039
198       0.003293406578554039
5033      0.0027213544173143277
3343      0.005958820615015057
6173      0.004333308977024316
1675      0.004742823532967761
11916     0.004402990891855579
8054      0.0036001219193996844
10032     0.002302781619781292
3418      0.0035369771611587202
4937      0.001602711862423196
4412      0.0021216495832821615
