t_index   tf-idf
4791      0.01713077930903404
658       0.01713077930903404
10848     0.007357789829014966
5587      0.007357789829014966
11027     0.005868153758837884
10353     0.007809196571319845
5198      0.011835552003458141
2800      0.01097234478901241
9471      0.020092683675251712
11679     0.007745308938464824
3259      0.007530993487799089
1686      0.008409054495923064
367       0.007062152647941431
6020      0.005448998735341539
11238     0.004125125046878132
10572     0.01629736805803912
8893      0.014886504058176736
2832      0.009666561557675757
9296      0.05179228262274317
7888      0.0026929317304895837
2877      0.005728127958125663
3321      0.0074722399673690714
7175      0.008487394142424722
4540      0.01270974456938291
10574     0.022656758709482753
1540      0.04149066853806297
11514     0.013516224349036599
9311      0.01781956453114669
10519     0.01256971876867069
9141      0.011521971055289772
10885     0.0067439015645511914
2613      0.002740963382239727
9297      0.01256971876867069
2249      0.010267973987250672
4099      0.01316957669327391
3312      0.005850321142220632
6184      0.01022134878142139
4155      0.010889046423092233
6964      0.01097234478901241
3730      0.005386625119222723
6816      0.006453737866209652
6073      0.014772062574988162
4970      0.004337473475924452
2605      0.009841298709711314
1436      0.016818108991846128
11995     0.006985930481214946
7754      0.009555021733276468
6033      0.009745678364854557
1766      0.010889046423092233
11297     0.015796754619218277
12064     0.006070969818540468
758       0.003482049413328235
10440     0.010889046423092233
10105     0.016623606660317276
10223     0.0070365485520976385
6965      0.01114554844779653
6990      0.01256971876867069
7552      0.011320576482116079
11549     0.004173207596027977
11946     0.012182199659220832
6566      0.007907416095292327
6107      0.0082209970434607
2643      0.010358456524548634
115       0.008865018177614856
4770      0.009291672443433952
3497      0.008257758428266851
3970      0.010575465474923863
4794      0.008240451236813466
4910      0.01270974456938291
2939      0.008777276718904136
11832     0.014116082273639818
10385     0.005995764036472201
6210      0.005265317011295655
10903     0.006411284248649057
8685      0.007011142173252276
634       0.008777276718904136
4417      0.0037338746643788344
10148     0.012855995745105537
11927     0.004886079078408491
8304      0.009666561557675757
7490      0.006206863872243046
9683      0.012855995745105537
9505      0.00814868402901956
3998      0.009500638516404319
331       0.007329788726287968
2215      0.016184273728668132
11138     0.004006584158860038
8774      0.017730637233637263
337       0.006246744478245752
8320      0.007874349387698008
2625      0.006226743749713871
25        0.007713824394743933
5075      0.00800865822830734
8799      0.008820854968063918
6311      0.004303957637251504
11884     0.004216216178540783
6361      0.004546071404135413
9697      0.013009051700319834
6926      0.016184273728668132
8822      0.003956198645652749
8028      0.005325412010057633
6499      0.010807805018609102
4460      0.012855995745105537
704       0.004794499535925621
11266     0.01256971876867069
11814     0.007907416095292327
5073      0.011727669888953518
5802      0.006411284248649057
4754      0.008909782265573344
2137      0.007713824394743933
2637      0.005417664120291247
11005     0.008608516152910558
9045      0.009342682918123105
1979      0.01022134878142139
