t_index   tf-idf
9600      0.0035052306432060915
7769      0.0035826243340463648
11412     0.002522968881785196
10243     0.001471608793089797
10988     0.008799897335180435
4620      0.005160375042047496
6740      0.0041093091873510195
9297      0.018034813885484034
6166      0.007619104625777525
9216      0.007017533109619221
2339      0.0024306378357623385
2359      0.011610457240131485
9359      0.004134024555561457
3259      0.027013346206235862
7153      0.010638220421983972
7888      0.0038637716133111417
2877      0.008218618374702039
7904      0.007017533109619221
5015      0.005218656919176698
4873      0.005258326694945716
7409      0.010464515037333153
6721      0.004888777352037504
1985      0.0055114579016922105
9296      0.02229319991152858
10814     0.008653565694749553
10426     0.006424356645352547
8708      0.005029732428637502
7         0.014665413468995907
9123      0.018895479603393
1888      0.03303710999104497
11022     0.005556417281942156
9335      0.027997741702862247
10751     0.03257643642420509
7597      0.0043281308178795795
1560      0.009108880378866148
10492     0.0094477398016965
8187      0.005661958470633149
1571      0.006934707204419565
7217      0.0053572984315000665
2433      0.004975883033744844
5932      0.015393095964980834
3583      0.005011645780002026
232       0.0043281308178795795
4513      0.005556417281942156
6403      0.005452119827205033
8822      0.002838142506663929
1436      0.006032582573162197
2924      0.024380642524334698
6990      0.009017406942742017
5963      0.0018174247817543544
7256      0.004036678961492424
8893      0.005339724281737307
12087     0.004838016339786724
4069      0.003622294109815383
12171     0.0015080776128022179
7447      0.0034302943144798237
9573      0.011610457240131485
6922      0.011610457240131485
8005      0.011083772386826833
6963      0.010858812141401697
2643      0.007431066637176194
4966      0.0031605012089247
191       0.006702359484740489
7426      0.001869198058075759
9264      0.002880759633556997
11425     0.008413328398597089
471       0.006934707204419565
3368      0.008195300011597184
10317     0.0025545663563102785
307       0.012121030794720168
10424     0.022601113131534675
3755      0.009017406942742017
11679     0.005556417281942156
11110     0.00639180032095479
4906      0.011614437844700677
6521      0.00626588801088943
9488      0.004341656907030094
11132     0.011610457240131485
4016      0.0025865925749006874
2478      0.009222779556271363
6399      0.010653439527872349
3579      0.01253177602177886
7808      0.009831332596727516
338       0.001961389892043605
8627      0.010653439527872349
9081      0.005871590906820889
3275      0.03303710999104497
6102      0.004958202830496356
6930      0.004871735428924141
1520      0.007244588219630766
6210      0.003777292638538187
11995     0.005011645780002026
2605      0.007060062117836377
4441      0.013246489825261819
4970      0.003111665754467542
4937      0.0037454679393585555
621       0.004060641564237288
4380      0.00799571953863664
11953     0.010653439527872349
11138     0.00287428863570394
4322      0.003185303147440758
704       0.0034395322757727284
11220     0.0042355583216905565
737       0.0044385741740682275
2579      0.005579222252559592
9371      0.0014476055750645355
2063      0.003348740463257224
758       0.002497991970431125
3573      0.005845795064296641
2613      0.001966343295954587
9471      0.004804772183212366
10852     0.016518554995522485
2357      0.0023071570822989266
2561      0.004599399569683019
10967     0.009117860234557304
1879      0.0038095523128887625
192       0.007641009041285601
9892      0.00806038923048288
10223     0.005047958743896131
12062     0.00681567545742049
11814     0.005672711546622756
3257      0.008570739789549897
7488      0.003261312094271057
102       0.005218656919176698
2620      0.016518554995522485
8959      0.003632316613610874
2059      0.011083772386826833
9176      0.0067772958134667575
11829     0.012289472113002681
1205      0.03303710999104497
3861      0.0038422590177202816
10008     0.005720882526684197
3209      0.009222779556271363
3479      0.014882522410392151
1963      0.007586746971141031
7699      0.0094477398016965
5517      0.007017533109619221
4073      0.003278540609431419
1360      0.00639180032095479
9845      0.007431066637176194
11297     0.011332454400743546
10035     0.010289598279879885
1171      0.004159001466915529
11449     0.016518554995522485
10353     0.005602249714207715
