t_index   tf-idf
5559      0.011786229584762838
10306     0.021569505556178536
5587      0.008594940331238721
10153     0.011226213341008788
11514     0.015788863841352488
10848     0.008594940331238721
6989      0.005646137861899054
11020     0.013344559310919308
10797     0.0128172523199083
1045      0.010253102007923415
10353     0.00912224732224973
2613      0.003201833331465876
699       0.010460899316326272
7488      0.015931365274669235
3888      0.010459960614877308
4439      0.021590622719190593
9875      0.022583825232092035
3569      0.00982296631382163
9473      0.015383930296567752
10885     0.007877831916112896
9504      0.04439236404125204
368       0.004350791272462961
7941      0.012917084270436521
9307      0.01382560057041128
10571     0.009160112791092873
4528      0.020711894821593968
4073      0.005338508602967975
9589      0.011796497631965141
6511      0.04227667536856213
2682      0.02347109951445333
1589      0.021569505556178536
5860      0.05379494016240951
9919      0.01890552329366543
149       0.010795311359595296
9488      0.02120880188212931
9160      0.01745726859633128
6599      0.01409076183923821
4049      0.005409551549976533
12093     0.005770126485286794
7368      0.007770319618948339
7475      0.0022738185399101855
12020     0.009778014760465215
10887     0.022675158092535175
10978     0.011862337299470073
7165      0.006346856853470955
4966      0.0051463028534703085
6777      0.008694772281766943
9429      0.013019578717780018
7256      0.006572999370925717
1682      0.007770319618948339
2366      0.006671299205029764
2685      0.016931482280702424
12063     0.008974409326649264
1718      0.03448809105350159
6130      0.012625046570410633
2608      0.024707282171503538
11412     0.008216394234486302
10243     0.004792495892540225
6616      0.006220835268385907
6427      0.014230534115196017
9259      0.02791178975711825
9220      0.008219685034308746
338       0.0031937676118232146
10426     0.010460899316326272
3419      0.005282604868245032
921       0.020208619962578684
4218      0.01890552329366543
1133      0.026897470081204754
10082     0.015383930296567752
8181      0.014526319561983182
3903      0.00604768373436296
85        0.014230534115196017
1520      0.005898248815982571
758       0.004067526748312628
6231      0.011035596722813127
3331      0.026897470081204754
3078      0.0184528461038656
9851      0.013344559310919308
416       0.012019229042482742
196       0.012100143904782475
3417      0.01648958283292439
8315      0.009236981633438824
2538      0.016754744101751318
8049      0.011566551852682908
12210     0.022675158092535175
11811     0.026897470081204754
