t_index   tf-idf
10848     0.006937344695928396
11020     0.010770965729527727
4397      0.0051824778486213125
2613      0.0025843369032545996
7426      0.004913320609799138
2637      0.005108083313417461
11005     0.008116600944172811
9296      0.03906617889258342
9359      0.010866578831761545
3259      0.014201302005563996
8640      0.005815034553216245
6114      0.00355596339449683
4839      0.010042469025689647
8894      0.00963727170819731
4347      0.005815034553216245
4937      0.0049226150060141015
3861      0.005049826137575228
10572     0.007683044941647013
7475      0.0018352963929275069
6387      0.005122820174587271
4069      0.004760729401471647
307       0.007965248807958967
6880      0.005167455526565853
1508      0.0033574300682935087
4794      0.003884784154497776
1675      0.014567243708400979
10768     0.008443440162463348
967       0.004100223340912278
10903     0.006044925148726253
7552      0.005336843198711865
1436      0.01585707419231206
11016     0.009766544723145854
9090      0.008316806112745979
6990      0.01185144912474665
704       0.004520528133872728
1171      0.005466116213660409
6499      0.010190216160402868
4460      0.012121367416813791
8274      0.009114186611522856
8159      0.004760729401471647
10164     0.009393844639823914
2968      0.014894082926691518
9297      0.01185144912474665
8259      0.0021248217246209876
4092      0.0105086599650653
3961      0.019559886596515398
487       0.01516700734124699
5351      0.00499264288811442
226       0.012010814746024492
11761     0.018228373223045713
4481      0.024834058907316513
3913      0.036604183777949634
7981      0.0089577448868955
10353     0.007362956767244425
337       0.005889787650917423
9796      0.010190216160402868
8918      0.005688400503498876
11412     0.003315901958917686
10243     0.001934114413775162
6662      0.05385482864763864
5435      0.008400651850397723
3555      0.009452934111009557
7123      0.007403943363887155
11080     0.009701234870003928
6403      0.007165643201469472
8812      0.008808815322801785
3946      0.00963727170819731
2063      0.0044012017517094945
6727      0.004208321506119829
243       0.00963727170819731
7150      0.011167650632956466
1560      0.005985835677540611
9311      0.008400651850397723
1879      0.015020520547961406
356       0.009766544723145854
3303      0.021710100851258123
1507      0.021710100851258123
488       0.005336843198711865
10770     0.021710100851258123
10769     0.005778322841413309
7201      0.0089577448868955
9371      0.0038051346544553505
4953      0.015641877814656695
4772      0.010959029577544507
2561      0.012089850297452506
11679     0.0073027198562668335
11123     0.010345353658211699
4238      0.013753362620495002
7571      0.014271581671556514
539       0.005499294106844434
6582      0.012743868671948792
11549     0.003934738590540663
8601      0.013753362620495002
459       0.016717457963143702
395       0.021710100851258123
457       0.00792853709615603
2864      0.018302091888974817
6946      0.009901440038577096
7165      0.005122820174587271
7217      0.0035205103978429007
6571      0.008575464488849155
9012      0.015673686279727716
9374      0.01185144912474665
3801      0.00807806500212491
3736      0.011167650632956466
10068     0.006757088814385015
7718      0.01185144912474665
7322      0.008195139403468976
338       0.002577826715257309
5759      0.0028924060643957536
9849      0.005796624389731882
7888      0.0025390499173187503
4540      0.011983473451132457
1399      0.005778322841413309
4920      0.014894082926691518
