t_index   tf-idf
4513      0.0026904757365193597
9594      0.004002368892890131
10958     0.0009120189471023871
7790      0.0029621059652432118
8894      0.010651721361691764
9264      0.004184682415061743
6880      0.009518997022621307
1720      0.005493573287255722
3861      0.005581386783635778
10572     0.0056611910096346415
3259      0.005232058633628841
5759      0.003196869860647938
7888      0.006548076102558881
9907      0.004111297011727565
10901     0.002392316712318766
7475      0.002028485486919876
6387      0.0018873548011637314
4112      0.00893153388607332
11549     0.0043489216000712596
1672      0.008829927806097601
7972      0.00656327594567307
1508      0.0024738958397952167
4794      0.002862472534893098
6403      0.005279947622135401
8822      0.001374258476910955
1436      0.011684159931177308
980       0.00814764434390455
6965      0.0038716115660766895
9090      0.006128172925181248
3257      0.00830008484882727
5882      0.012570442798688825
2029      0.013244891709146401
539       0.0020260557235742653
10910     0.0027072069059962734
6721      0.002367197454670791
11936     0.002480273963600212
1560      0.0022053078811991728
8901      0.010987146574511443
2109      0.0037825108627583546
4417      0.0012970301465737002
324       0.0024093749426553983
11894     0.004903481210843305
1913      0.002019927664841153
11128     0.00506702833386658
4852      0.01408532853215393
2803      0.002565674026182154
7384      0.003902925311602237
2339      0.0011769404257375533
6022      0.003944102672703258
11794     0.003935121249541741
5932      0.0074534990988328245
9359      0.002001738205850811
6335      0.003338321335615771
8467      0.014342422533305584
6216      0.005774515997794422
6681      0.0024093749426553983
1902      0.0035982006874747887
7176      0.006879054522911414
876       0.0020138322892433087
1334      0.0024711673001541427
6414      0.004518933748532152
341       0.005896505404210859
5956      0.0029482527021054295
7368      0.0023106476761609535
2637      0.0056457762937771935
488       0.001966205388999108
1649      0.004836000989317301
102       0.002526928613496085
9296      0.007196401374949577
2008      0.00427484413475084
12087     0.002342618438212519
1131      0.005896505404210859
9069      0.0033002218004351846
6020      0.0018928100870133765
2164      0.002555863835342041
2625      0.004325948289274899
3848      0.0028182399226900053
3634      0.002019927664841153
9045      0.0032453530136638156
8259      0.0007828290564393112
4092      0.0038716115660766895
3959      0.004903481210843305
10059     0.003527484512737153
3095      0.009266634306438464
2011      0.004982331798678682
40        0.0034826599356351
9849      0.0021355984593749043
7552      0.005898616166997325
7175      0.0029482527021054295
4540      0.004414963903048801
3776      0.002626372194783979
7153      0.0025755691547961197
4970      0.006026805250758186
2809      0.001798390163113196
10786     0.00301926188548857
10903     0.00222707768637283
2561      0.00445415537274566
6166      0.0036892506609028015
8799      0.003064086462590624
9683      0.00446576694303666
10317     0.0024738958397952167
4906      0.002811916530822269
5893      0.0036227797039330607
884       0.0036998570094646066
9583      0.003852200427699601
11872     0.0025855507048412225
2524      0.0025755691547961197
4620      0.002498707915096682
2357      0.002234299490226329
6740      0.001989770764401546
7717      0.005621905611011035
368       0.0012937879310218805
4754      0.003094976997514951
7525      0.002526928613496085
12093     0.0017158534022037044
3998      0.006600443600870369
8337      0.0035048524817847385
944       0.00445415537274566
3030      0.00427484413475084
3449      0.002383882133699788
5963      0.0008800162101126347
11238     0.002149407261268079
11912     0.001209554006735071
7426      0.0018101707509786296
8034      0.0016835273623555234
9505      0.0028305955048173207
192       0.0036998570094646066
2249      0.0017833849556803797
4142      0.004518933748532152
5796      0.004190147599562942
2643      0.0035982006874747887
7484      0.003527484512737153
4845      0.004633317153219232
11066     0.0025755691547961197
8641      0.006414089810126775
4789      0.00427484413475084
6161      0.004367890024386875
5802      0.00222707768637283
5432      0.003968250531931268
2088      0.0025956201991913616
1879      0.0018446253304514007
3484      0.0067428759590959855
10448     0.006414089810126775
5930      0.007998458208358256
2229      0.004111297011727565
2093      0.003048948754987752
10345     0.0020892143456894404
2701      0.0053668792609898345
5626      0.0032633514992698822
9196      0.0019603891921435375
426       0.004231711460571447
545       0.0036478989615810354
8932      0.0023027927983992106
2834      0.0027701115392365586
5015      0.002526928613496085
4397      0.0019093339442289045
6882      0.0025755691547961197
10455     0.00381144608460431
1802      0.006318763307573062
10032     0.002605779201331462
6114      0.0039302753307596545
621       0.001966205388999108
9335      0.004518933748532152
10751     0.0052579511421524
6538      0.004111297011727565
7542      0.012318126920211149
7540      0.0067428759590959855
2613      0.0009521241222516947
8893      0.0025855507048412225
3312      0.002032216817824009
8418      0.007413501900462428
9573      0.005621905611011035
6922      0.016865716833033107
7997      0.004366323361748766
1863      0.007998458208358256
5965      0.0021981424645268746
10522     0.0019374159519885482
8558      0.0028430861233027464
4937      0.0036271900044314432
6535      0.0016086298030193375
4069      0.008769764686921453
307       0.0058691307006013445
5755      0.0059506917599802455
4762      0.0036998570094646066
3709      0.004829721411895296
6033      0.00169267045284316
3846      0.003034008931588566
6102      0.0024008140021350775
4966      0.001530347953795118
11814     0.002746786643627861
6229      0.003004702704962357
3717      0.005487293709833717
8091      0.002007769250007613
428       0.005621905611011035
11001     0.00157087986871497
10259     0.00457448633569042
11867     0.002746786643627861
2877      0.003979541528803092
569       0.002383882133699788
6357      0.0061590634601055745
5600      0.004829721411895296
6781      0.0067428759590959855
12111     0.0018240378942047742
110       0.002555863835342041
6360      0.001954602444512121
9176      0.003281637972836535
11934     0.004366323361748766
5312      0.004903481210843305
337       0.002169921766127472
10498     0.006414089810126775
7301      0.005487293709833717
1171      0.0060414968677299265
11845     0.004982331798678682
1137      0.003968250531931268
472       0.0028060164883590487
8159      0.0017539529373842907
5697      0.013485751918191971
6301      0.013485751918191971
6232      0.002271902263474884
7754      0.006638225625223651
7450      0.005487293709833717
2605      0.006837112787799439
12171     0.0007302270546200214
7447      0.0016609846154323356
5259      0.0021629741446374494
1800      0.0035982006874747887
9993      0.0067428759590959855
6990      0.004366323361748766
3579      0.003034008931588566
3603      0.004231711460571447
5142      0.002367197454670791
10881     0.002149204336917247
10155     0.004002368892890131
9824      0.0013333151057464193
11786     0.0036478989615810354
12064     0.0021088632001245835
6973      0.0018765217322299623
11916     0.004982331798678682
9018      0.0047604347310470085
1042      0.0061590634601055745
10424     0.007295797923162071
4998      0.004982331798678682
1261      0.003935121249541741
6536      0.00381144608460431
184       0.008380295199125884
9503      0.002001738205850811
5033      0.00307942736696095
3343      0.0067428759590959855
6173      0.004903481210843305
422       0.00506702833386658
9399      0.0029903266636426146
587       0.0020635305633495554
5799      0.0017018872787275565
10772     0.002647343062339967
4677      0.0028944601751513645
1360      0.003094976997514951
338       0.0009497256319369033
12084     0.001402392333608592
1760      0.007998458208358256
8584      0.00381144608460431
10902     0.0026687059313457023
6950      0.0032453530136638156
12100     0.0034826599356351
7829      0.005621905611011035
10742     0.0031107411124864964
9202      0.001665457733532058
1770      0.007998458208358256
3801      0.0029761292113091777
