t_index   tf-idf
2637      0.010015849634151884
11005     0.00636596152484142
2832      0.003574190828048179
3259      0.002784569020698823
11027     0.0021697375242761925
2249      0.009491404526030032
1936      0.00475347741835835
704       0.0035455122618609637
9697      0.004810069536252712
672       0.003454437381490896
9471      0.0074292275774039945
11110     0.0032943732746657742
10572     0.0060259176012917755
2284      0.005840816833996673
4520      0.0035128411321158825
7368      0.0073785387978248925
2310      0.00539347553744902
9296      0.019150087692442853
8259      0.0024997902642599854
9264      0.005939045070862604
2011      0.01590996708821764
3634      0.004300126121230466
587       0.004392950218895412
2046      0.011425289183059592
11196     0.004619441294837195
12087     0.009974173742529492
1436      0.012436920935146716
11399     0.005219391765043294
1171      0.008574299942996721
2085      0.004057001434592824
4460      0.00475347741835835
9335      0.019240278145010847
10751     0.02238679477891218
7026      0.0050671294055962554
1677      0.005984101210599981
5259      0.0023023254200622715
944       0.0023705588818534328
11151     0.0068273224869696775
2360      0.005219391765043294
5015      0.010758911743736834
2088      0.0055256900599031785
8822      0.0014627961378884116
329       0.0027101739828291646
2112      0.002863811708339935
2524      0.005483004363151403
7597      0.004461490590979511
12093     0.0036527971587529844
8708      0.002592355089269749
6020      0.002014755834916199
9849      0.0022731860351889737
7888      0.00597423509957353
5759      0.0022685537759966697
7175      0.003138196153501578
4540      0.004699401353385278
4092      0.00412104312355502
3959      0.005219391765043294
5274      0.0023473865402120044
4970      0.0032075434107676623
2561      0.0047411177637068655
2809      0.001914252834686315
9359      0.0042614034634359
6335      0.00355339525919886
8467      0.009159866491859028
10769     0.0022660089574169837
116       0.003454437381490896
7123      0.002903507201524375
6880      0.006079359443018651
7256      0.0020805292126459553
9045      0.003454437381490896
9797      0.005840816833996673
12111     0.001941552940610124
6360      0.004161058425291911
3654      0.00475347741835835
8769      0.0023862560177581905
7049      0.0026596890973017906
3692      0.004313171848505439
7958      0.00717729093685287
9565      0.0063340696604831746
4937      0.003860874514520864
1558      0.005219391765043294
4664      0.004919025865216596
9029      0.0020622354671026564
5142      0.0025197059741593857
10881     0.0022876684818727002
10014     0.0063340696604831746
7165      0.004017898176146879
8901      0.00877125146704695
5882      0.008920202172739035
2029      0.009398802706770557
7176      0.0036611214547707803
8054      0.004336281303478612
2177      0.0027736585336301275
4395      0.003277821847185325
10549     0.003830017538488571
2366      0.0021116437259618022
12045     0.002493543435632373
10485     0.003345423190929637
1131      0.006276392307003156
2229      0.0043761704886735985
6414      0.009620139072505423
4852      0.009995191115253954
9371      0.0007461048342069315
5893      0.007712360154031166
4513      0.008591435125019805
2376      0.0033806868528568654
6033      0.003603444101290761
11794     0.004188644467299332
5932      0.011900544779649047
6216      0.006146543639108908
9541      0.003345423190929637
2924      0.008377288934598664
8554      0.004460101086369518
4906      0.0029930764193626396
1334      0.0026303741570268186
426       0.004504342731140476
545       0.003882917662187097
8932      0.0024511519982960786
2834      0.002948578108991295
1649      0.005147564078264915
4397      0.002032344254361299
6882      0.0027415021815757014
10455     0.004057001434592824
1802      0.0033629272505290805
10032     0.0027736585336301275
6114      0.0027889908976445727
621       0.002092879685769359
6538      0.0043761704886735985
7542      0.006555865867899492
7540      0.01435458187370574
1409      0.004597966696089915
8893      0.005504253601342659
3234      0.005596698694728045
6182      0.0029115241433505237
2886      0.007558644477017498
6965      0.00412104312355502
8604      0.007670543763339373
870       0.015341087526678746
11814     0.00292375048901565
4794      0.0015234447664697161
8418      0.005260748314053637
7214      0.00422390812922656
11315     0.005303322362739213
5033      0.00655564369437065
12171     0.0007772724951137483
7447      0.0017679948287515057
10037     0.0027309695516784835
7262      0.0063340696604831746
967       0.0016079307219263833
11984     0.0052034980889461525
11927     0.0018066174743695262
5802      0.0047411177637068655
8329      0.005219391765043294
877       0.006555865867899492
8049      0.0036611214547707803
307       0.0031236269835133207
6210      0.0019468399033362085
11332     0.006146543639108908
3369      0.003638799522918469
580       0.00212431583173224
11549     0.0015430347413884955
9972      0.00539347553744902
3074      0.004297658657860592
6166      0.0039269334765912175
11679     0.002863811708339935
9594      0.004260224591871848
3791      0.0034930600271089168
6311      0.0015913792944459342
7696      0.00717729093685287
9921      0.004026202038790405
3565      0.0015195643448261127
2883      0.0031236269835133207
569       0.0025374655764871697
6357      0.006555865867899492
5600      0.005140879934230287
6781      0.00717729093685287
6161      0.004649294703829167
1720      0.00292375048901565
4069      0.0018669527064594691
9176      0.0034930600271089168
11934     0.004647627107743785
5312      0.005219391765043294
337       0.0023097206474185974
10498     0.0068273224869696775
10317     0.0026332784849360854
11845     0.005303322362739213
1137      0.00422390812922656
472       0.002986796262118875
8159      0.0018669527064594691
341       0.003138196153501578
5956      0.003138196153501578
488       0.002092879685769359
102       0.0026897279359342084
471       0.003574190828048179
2340      0.0036611214547707803
4322      0.0016417248715100826
11884     0.0015589370744184409
3755      0.004647627107743785
3449      0.0025374655764871697
9069      0.0035128411321158825
8101      0.0019974180903288116
7153      0.0027415021815757014
3556      0.004647627107743785
2579      0.0028755655307309944
539       0.0021565859242527194
6403      0.004215084236158513
8799      0.0032614925932337173
9683      0.00475347741835835
7552      0.002092879685769359
884       0.003938223147329273
9583      0.00410038140763543
11872     0.0027521268006713293
4620      0.0026596890973017906
2357      0.0023782459559832073
6740      0.002117963278634699
7717      0.005984101210599981
368       0.0013771412150933183
4754      0.0032943732746657742
7525      0.0026897279359342084
10387     0.004504342731140476
2359      0.005984101210599981
10415     0.0029611845550043944
10386     0.004997595557626977
192       0.003938223147329273
9090      0.0032614925932337173
10817     0.005840816833996673
5796      0.004460101086369518
2643      0.003830017538488571
7484      0.0037547454197202194
4845      0.004931822179897222
11066     0.0027415021815757014
8641      0.0068273224869696775
4789      0.004550254261079326
5432      0.00422390812922656
11046     0.0032614925932337173
10385     0.0022169211563426625
1594      0.007670543763339373
6219      0.0063340696604831746
4073      0.0016897800339926643
3730      0.001991693321393276
6607      0.0020382640283484114
12025     0.005140879934230287
2008      0.004550254261079326
8040      0.0068273224869696775
9311      0.0032943732746657742
330       0.004057001434592824
