t_index   tf-idf
7148      0.01270698107952363
7217      0.0034227184423472647
2778      0.013371324769925697
11022     0.010649799790389132
6900      0.002105711209381012
9596      0.006160595658285282
2579      0.010693509317405885
2270      0.009890718830591033
3520      0.023124899863788424
10833     0.014558167270606144
8299      0.012321191316570564
449       0.002150897120438817
2590      0.01940961312625475
5477      0.010553521247139364
7475      0.003568631875136819
7445      0.026742649539851393
11238     0.008508070409186146
6616      0.004881627675886163
8602      0.013147820024290964
7030      0.009190352607925958
9202      0.0021974789539659094
704       0.004394957907931819
2787      0.003945569903417339
2800      0.005028991361630687
5969      0.008758769922170093
5559      0.009248916271376393
2496      0.01901655641327886
10440     0.004990812943917273
1300      0.007240179200475043
10951     0.008463035166139495
2261      0.005412102299937932
367       0.003236819963639822
3888      0.0013680272563439072
10958     0.0012033583329823163
469       0.006573910012145482
11412     0.004835690356754959
7488      0.002083616060228731
4838      0.0050093804459262195
9500      0.0018363510728108506
6531      0.010553521247139364
6541      0.017793700447614406
11328     0.007851607183307269
3346      0.006937574423673306
1673      0.010553521247139364
5884      0.007619153052645418
2470      0.008896850223807203
2706      0.008463035166139495
383       0.00950827820663943
5351      0.0024269791817222875
4970      0.0019880086764653736
2439      0.003535502847590969
5186      0.0019880086764653736
5486      0.004483423931145613
10890     0.018584808479925323
9581      0.002657139826084921
6102      0.006335481394523121
9551      0.003686425395441977
8069      0.006036055984417208
12171     0.002890482091204251
8599      0.007417792125639561
7447      0.002191576923139887
12062     0.004354459320018646
12004     0.008463035166139495
4889      0.025389105498418486
5753      0.005375182032437029
4536      0.007891139806834677
9371      0.0018497182348046844
2612      0.0057611211023074
10885     0.006181909767505258
5281      0.009907154600391677
8837      0.003945569903417339
10997     0.008896850223807203
758       0.0015959393144421075
10910     0.001786004556039208
1672      0.0058252995943005
337       0.0028630912191959694
9370      0.0035940720326163005
10273     0.005528666971645548
8790      0.006113404577164264
843       0.004538265136642947
11549     0.0019127201481794892
2760      0.010553521247139364
3964      0.010553521247139364
249       0.010553521247139364
2820      0.010553521247139364
2405      0.007240179200475043
232       0.0027651946892008426
3202      0.007851607183307269
1936      0.00589233138317337
3804      0.007851607183307269
8636      0.008896850223807203
12026     0.012562258318040715
4322      0.006105164365928119
5016      0.006806364142807334
1571      0.008861014761202777
737       0.0028357557223213678
8101      0.012379830872350447
2169      0.005028991361630687
12063     0.0035212092149700235
5792      0.007851607183307269
10265     0.005583508177142881
1572      0.003624232377008983
5799      0.002245545714987748
8091      0.005298279965297867
68        0.0049535773001958385
11623     0.00474762590708479
2339      0.001552907506181494
329       0.0033594864995486516
475       0.006194936159975108
1694      0.004483423931145613
621       0.002594298777151601
7888      0.0012342603764743925
1651      0.006113404577164264
283       0.004329938991937095
2918      0.004042891860362629
9846      0.005028991361630687
4762      0.004881755776376911
9213      0.006685662384962848
9471      0.0030697155614967894
4121      0.00950827820663943
11084     0.008913467107664207
7790      0.003908334259695905
11066     0.003398320412578213
8873      0.010553521247139364
10371     0.007851607183307269
28        0.0037185110091048678
2762      0.002722713937752885
2313      0.00569956288369479
7425      0.004982424328407095
11823     0.004168628570968339
3468      0.010553521247139364
1766      0.004990812943917273
3433      0.004538265136642947
2098      0.005068161536664329
4069      0.0023142434590487167
7339      0.003908334259695905
8663      0.007851607183307269
5519      0.00950827820663943
6161      0.0028815941133107856
6182      0.00360907680269492
8901      0.003624232377008983
5765      0.00950827820663943
9390      0.00950827820663943
6166      0.002433880644345598
8655      0.003535502847590969
10882     0.0023728759096632445
6989      0.0022153249249812256
11138     0.0018363510728108506
5710      0.003201884803890183
3104      0.004510595241951018
6185      0.006113404577164264
10259     0.003017890290906874
6570      0.004063133331406809
6402      0.005583508177142881
5334      0.006469871042084916
8874      0.004544476526624529
5015      0.003334141920585112
10971     0.008809459080097172
3137      0.003411490513332168
8159      0.0023142434590487167
9789      0.00569956288369479
3736      0.0027143595288435856
7287      0.005028991361630687
5760      0.0059624820293132565
564       0.003179036382670317
9077      0.006113404577164264
1800      0.00474762590708479
923       0.008896850223807203
9576      0.008126542065417078
1433      0.007619153052645418
10578     0.003080297829142641
5759      0.0014060307257479357
3898      0.005583508177142881
2788      0.007417792125639561
5711      0.006937574423673306
7209      0.0059624820293132565
8590      0.006113404577164264
4626      0.006469871042084916
10155     0.005280903400341145
4196      0.004715878061807464
10250     0.0033216276002072465
7322      0.003983748321130752
4975      0.006806364142807334
9453      0.00950827820663943
10569     0.0062811291590203575
10714     0.006036055984417208
4835      0.004510595241951018
10317     0.0016320840609760111
5905      0.0062811291590203575
10035     0.006573910012145482
10310     0.006194936159975108
4739      0.002519260065302027
4376      0.007000606230730397
9509      0.003179036382670317
2520      0.0059624820293132565
7635      0.00569956288369479
11696     0.010553521247139364
10243     0.0009401945066962593
1562      0.005528666971645548
9747      0.0026491399826489336
10544     0.002105711209381012
10988     0.0018740522102699074
5991      0.0049535773001958385
946       0.0029876290690380824
5387      0.0020618399857727067
8985      0.005068161536664329
5259      0.002853924218618857
6009      0.0027311148895702913
586       0.0034791236848455325
2558      0.005108376371906743
