t_index   tf-idf
11761     0.0072913492892182855
7217      0.008449224954822962
2088      0.011272407722202485
12093     0.007451706203856088
8974      0.007610536817589718
3346      0.022834530674490424
6578      0.027586404719312018
5762      0.009933623562926605
419       0.01064755920068832
3362      0.01564790927721232
11922     0.007709817366557848
11913     0.007008575785904466
7412      0.006620574439401976
8337      0.007610536817589718
6210      0.003971553402805865
600       0.01392773787341814
9775      0.009640165334478897
8536      0.03377376064985339
683       0.02785547574683628
5186      0.0032716942789830154
12066     0.008152172928322295
2031      0.0173680806810065
9729      0.012030198684684483
11881     0.02162164917929989
1343      0.028995705315062698
2024      0.015842304061723354
11836     0.008513690205880506
3500      0.007515075711859132
11664     0.012538949023782173
8048      0.005269387562973559
3154      0.00869085816741857
3569      0.006342829676924825
7797      0.010208983811404561
11912     0.00787938038673132
963       0.017818527757305205
384       0.004453387035377499
5735      0.0067205214803181795
7384      0.016949847067529715
2744      0.0062567511258626776
12126     0.013373966370514963
2261      0.004453387035377499
10769     0.009245316546261295
10250     0.02733224996741963
9562      0.01894141145027262
4047      0.008092370450161352
6251      0.010487395065829786
6020      0.004110101903229047
7381      0.01564790927721232
9913      0.00536596328033471
6743      0.005213196118921883
8495      0.006620574439401976
1726      0.0050345807261764994
7925      0.011653794966720784
3565      0.00309991126344527
10697     0.01564790927721232
12205     0.0173680806810065
199       0.005549875756742717
9264      0.0020192753240932857
10933     0.01198234293147461
7888      0.002031239933855
8874      0.004985939960639484
11189     0.00981254185395553
2377      0.020121834493980664
8256      0.007166195909516401
10579     0.009379852060023426
4757      0.019028489030774476
12208     0.015922704152175227
6586      0.025843004214771353
670       0.00565826340860546
5352      0.010195094937559034
10382     0.01064755920068832
11927     0.0036854996477138336
3084      0.010487395065829786
3736      0.004467060253182587
11484     0.01064755920068832
6151      0.009098606216193817
3554      0.0076596806562292475
12044     0.00589036541379554
3256      0.0173680806810065
9563      0.013509504259941357
1017      0.005507812330192036
11597     0.0173680806810065
8091      0.004359727514302246
3696      0.005702979622959498
5741      0.0173680806810065
6266      0.0173680806810065
10772     0.005748516363938213
25        0.005818427543463995
9170      0.03129581855442464
2242      0.009933623562926605
10104     0.01392773787341814
10673     0.0028806857093335234
8615      0.007086134684128887
7046      0.011002690096396001
6088      0.009011520693012464
3251      0.004372892970928328
3407      0.015319361312458495
3663      0.010818777619987995
9583      0.004182389035788139
3873      0.005288404382110288
3327      0.01564790927721232
4749      0.007468687767732392
9791      0.005231785589766008
7948      0.010487395065829786
1508      0.002685944054634807
7488      0.0034290367162621398
9557      0.006970686763624391
3340      0.0062315374303736504
10243     0.0015472915310201297
10401     0.006313803816757539
10544     0.0034653990188670365
8696      0.013373966370514963
7497      0.004372892970928328
11681     0.005104491905702281
635       0.005507812330192036
5209      0.006015099342342242
1889      0.0053075680507250755
9352      0.010818777619987995
9792      0.008616772583622182
11549     0.003147790872432531
3789      0.010818777619987995
6182      0.0059395092524350684
5483      0.011002690096396001
944       0.004835940118981003
8382      0.005288404382110288
9396      0.006093064374722505
