t_index   tf-idf
2685      0.004470227798409753
1718      0.006070333783560249
368       0.009189521753052609
416       0.012693204502808876
196       0.012778656647106725
6131      0.012796187493047458
2608      0.013046368623270558
149       0.01710098388272339
10885     0.012479369250290988
9160      0.023045226067586855
699       0.011047491801353912
7488      0.005608237620054902
10797     0.006767988374531018
11060     0.006223569827468228
6599      0.007440449008569709
9851      0.007046426178195709
9504      0.05860206935352197
9429      0.006874824276210944
10362     0.01534087953742149
9589      0.01868697522072983
12012     0.003994031254011861
3798      0.006767988374531018
7825      0.007670439768710745
4391      0.011389505270318573
11910     0.0036983217421230397
9488      0.007466026830780723
12063     0.014216470849224769
3159      0.012693204502808876
7165      0.010054133052928288
10910     0.002403594916538747
921       0.016006360204005077
4487      0.011973331142319974
573       0.011973331142319974
4316      0.005794736307114744
9371      0.00124467021407418
1011      0.004836881987820068
3801      0.005284715421950876
6161      0.007756066398443983
10974     0.007369234211575613
9926      0.011389505270318573
10988     0.0025220889558772584
5799      0.00302204283138538
3867      0.005927860315579406
5965      0.0039032436285991227
7256      0.0034707893874514296
6536      0.006767988374531018
1083      0.00643297330604936
6073      0.004555869766117844
6511      0.011161832515531591
6233      0.004293645738178912
5050      0.011973331142319974
6880      0.003380578381865511
11946     0.007514253995407242
8659      0.004857075323252976
2876      0.004356094156674153
8048      0.012927235843743544
11927     0.006027686339718886
3369      0.006070333783560249
6616      0.009854500728891694
12020     0.005163157326787707
6427      0.007514253995407242
9259      0.007369234211575613
9220      0.00868060195212045
2682      0.008262411978608181
7677      0.012796187493047458
9118      0.01056664891959109
4073      0.005637864225564309
7941      0.006820703376445452
9307      0.007300433946058292
11412     0.004338563310733421
10243     0.002530616989986193
338       0.003372857384448815
7618      0.008997526947987384
1174      0.014202869715776341
7457      0.014202869715776341
2538      0.008847131231298593
8881      0.005700327960907796
3321      0.00460904521351737
10957     0.008707116168787176
4805      0.009159966696862207
1339      0.006874824276210944
3285      0.00952997251951466
7243      0.012796187493047458
6143      0.014202869715776341
7814      0.006070333783560249
8545      0.007514253995407242
1666      0.01056664891959109
8012      0.01056664891959109
4088      0.013860856246811682
9920      0.014202869715776341
3085      0.006617592657842227
520       0.014202869715776341
7368      0.004103019238042814
7272      0.006389328323553363
7475      0.0024013223832696352
1590      0.007369234211575613
3812      0.014202869715776341
10082     0.01624658059357155
3888      0.009205417052033768
3720      0.005639743955466826
6229      0.0053354534013350255
3903      0.0031934030933785723
419       0.008707116168787176
4753      0.014202869715776341
698       0.007839655528778243
4074      0.005997847025717971
6885      0.007169458602131921
9524      0.014600867892116584
6788      0.012796187493047458
11608     0.014202869715776341
10620     0.01534087953742149
9264      0.0008256382750381424
10958     0.00323894579344773
4322      0.00547753064606635
4225      0.011995694051435942
4376      0.0031404588698603648
8655      0.004758059907038314
5764      0.009146881110490892
11389     0.008453108400924593
6696      0.0037447103553614096
3756      0.009336548757093046
3790      0.009042356185701044
7442      0.00998282304758969
6566      0.004877471610180313
10317     0.0021964495773882766
3250      0.003652969833210059
11835     0.0027174402917857234
10673     0.00235570093052975
3844      0.006874824276210944
2141      0.011973331142319974
6486      0.00998282304758969
1045      0.005414021153716569
11527     0.006716608074056891
11679     0.004777480279800732
2613      0.0016906876937179624
3397      0.011973331142319974
4215      0.014202869715776341
438       0.00802427488057111
5842      0.007929866534364163
6973      0.003332141393679372
5186      0.0026754509290748954
5532      0.006523184311635279
1565      0.00710701018363668
9324      0.00952997251951466
10828     0.014202869715776341
5762      0.008123290296785775
1946      0.014202869715776341
962       0.01056664891959109
