t_index   tf-idf
9296      0.026127062316695916
3282      0.0037455135638715968
10426     0.0037645911552384357
11927     0.002054020504299111
2832      0.004063650081570701
3259      0.006331790703117706
1361      0.006209911655727507
4852      0.005681979662652328
3419      0.007604259237091575
6166      0.015626443882167915
2809      0.004352791477598819
4906      0.010208868933558558
3000      0.008720968546217059
10786     0.003653883810463875
10903     0.0026951895567569285
6403      0.003194872764986389
4910      0.005342949946364791
5571      0.008720968546217059
902       0.003653883810463875
931       0.003116930824275559
3565      0.006910630205132767
1046      0.006803580038803165
9359      0.0024224857268258224
2939      0.003689810595208108
1649      0.0029262426368480486
3537      0.003949278884466737
1056      0.008080013423783396
2561      0.005390379113513857
7153      0.003116930824275559
4620      0.0030239140373781504
445       0.005681979662652328
1387      0.0066406739163592755
2357      0.012167681937219817
10885     0.002835015944333622
5956      0.010703847389809522
10067     0.010231826470912758
8969      0.008720968546217059
2063      0.003924638504709104
9297      0.0211363423880832
11412     0.005913710499980587
10243     0.0034493760245671683
2076      0.006363125586044307
4627      0.010808862664674719
1955      0.0019939947614486795
835       0.003823455504582426
243       0.004296872736138929
10351     0.003864137950558315
9600      0.004108041008598222
2613      0.0011522521224702038
2008      0.0517337825224624
5233      0.010141758521235146
9488      0.002544155639788336
5188      0.011868298472104815
4873      0.006162624916369502
4682      0.005404431332337359
6335      0.004040006711891698
8467      0.017357071855592744
9550      0.005670031888667244
6966      0.007201474104434693
3837      0.008593745472277857
11201     0.006988267768031466
11589     0.007762274292510111
12025     0.005844885785096218
11706     0.004802341408069688
12087     0.008505047833000864
1617      0.002584482211982368
1436      0.010605049619062208
4707      0.009679662799924004
917       0.00816016835814164
8325      0.014286745937826702
11170     0.0039274972776823245
6361      0.0038221746837316848
6588      0.002568210219057272
8247      0.0029688030239753784
2524      0.003116930824275559
7892      0.013409457132610093
8800      0.0032559897448323463
5569      0.006538706334209969
5351      0.002226019122089232
8281      0.004886191531389272
9090      0.0037081301139631757
1241      0.005070879260617573
7426      0.0010953262505921646
3634      0.0024444984478969372
9878      0.007762274292510111
341       0.0071358982598730145
540       0.005844885785096218
10553     0.00324275420415987
12181     0.00261761202217271
9158      0.005844885785096218
2454      0.00816016835814164
7981      0.00399389899415723
1713      0.0035513848188352087
8320      0.0033102360483316467
6735      0.007762274292510111
2441      0.004577560916713933
9004      0.005761035661776635
3528      0.019359325599848008
3616      0.0037839355747040187
2920      0.0032828469662873234
2342      0.004477533960498569
9264      0.0011253922984596338
10933     0.002226019122089232
102       0.006116132949863137
7888      0.0022641209453797776
5759      0.0012896077994121195
5186      0.0018233964930637824
9849      0.002584482211982368
4540      0.005342949946364791
9069      0.011981696982471689
1131      0.0035679491299365072
5932      0.004510079072542156
1319      0.0056071991026220005
2032      0.007037679413583245
9921      0.004577560916713933
11078     0.00522762455574554
9930      0.0022972954911254003
6965      0.01874155917336487
7475      0.0008182850159549395
10162     0.006803580038803165
8040      0.007762274292510111
331       0.003081312458184751
8592      0.004384255692657844
7597      0.005072459047706005
1560      0.002668843932661419
9311      0.0074910271277431936
1382      0.006132072505953186
68        0.004543408479160515
539       0.00490382913986128
6360      0.0023654424487726308
9615      0.006988267768031466
1939      0.006803580038803165
3289      0.004296872736138929
7110      0.005022344335277647
6232      0.0027494358602562293
10572     0.003425561438950898
8757      0.006988267768031466
1526      0.004296872736138929
9589      0.002122618204477804
10479     0.006363125586044307
7759      0.0043253913433138535
10317     0.001496943342551246
11110     0.0037455135638715968
4794      0.0034641387364948324
587       0.0024972662868561497
4376      0.00428062546592432
758       0.001463791473118876
8028      0.002238708233527413
7529      0.004384255692657844
11835     0.0018520134472679774
3861      0.004503029676818674
12064     0.0025521274396412157
25        0.00324275420415987
1879      0.0022323491260239883
2411      0.008537860604077187
449       0.0019727973588738196
11881     0.004016760728638515
5110      0.005022344335277647
8349      0.004384255692657844
6740      0.0024080028358999606
3944      0.0042689303020385936
8673      0.005404431332337359
3730      0.0022644411329216544
7552      0.0023794842287250353
2625      0.00261761202217271
5963      0.001064987770200004
12171     0.0017674285398446377
6882      0.003116930824275559
9141      0.004843631144261942
8706      0.0035513848188352087
8259      0.0009473727434615868
4092      0.004685389793341217
3959      0.005934149236052407
1508      0.001496943342551246
4469      0.004975454982345461
2257      0.004354510386115986
40        0.004214683998539293
226       0.002677570166311193
8709      0.0043253913433138535
944       0.005390379113513857
3934      0.004723285408945383
1885      0.00399389899415723
11836     0.004744891038309199
2249      0.0021582365705686123
6699      0.007453643677834773
7322      0.003653883810463875
3571      0.003191043379730935
9824      0.0032271321030805057
5953      0.003116930824275559
5893      0.004384255692657844
12084     0.001697162696723774
4417      0.0015696543175095737
11138     0.0016842965253806529
3418      0.004843631144261942
2834      0.003352364283152523
6423      0.009679662799924004
629       0.0056071991026220005
3654      0.005404431332337359
5488      0.004510079072542156
11549     0.0017543420467378756
3080      0.004354510386115986
332       0.004612578064170821
11077     0.0044146547942700435
2507      0.008720968546217059
2048      0.007762274292510111
3312      0.0024593706712519856
676       0.005934149236052407
4027      0.0024152253246127694
5385      0.004802341408069688
2261      0.002481983220353702
5253      0.0056071991026220005
