t_index   tf-idf
7941      0.0035514124636479975
9307      0.04181319101951635
12084     0.0012966157828984551
6233      0.0022356208953048353
4681      0.004861366019508302
11835     0.0028298404985019217
699       0.002876111004245423
7488      0.005840208519181261
6989      0.0015523444729795453
3312      0.0018789352573555314
4137      0.0017152320389907695
11930     0.004077941580806256
3861      0.0017201354239915617
9581      0.005585812189142024
11777     0.013396307565840966
4225      0.02186076604507426
2685      0.004655127731677309
1718      0.009482127223955425
416       0.0033045568900256688
196       0.029941231997965397
9439      0.0044654358552803225
3419      0.0029047900248743972
3888      0.00479308819740931
9589      0.017838256151499598
149       0.008904161924337725
9160      0.007199530479508886
6777      0.002390533498393344
2610      0.003086525809085141
8293      0.019988205281110626
8949      0.0025943704758550814
4767      0.011511066578665555
3621      0.003952410635536057
6009      0.0038275478744342773
11082     0.006745506595624299
10944     0.009924156297694098
2696      0.007159184404424049
3254      0.00408196175950984
7839      0.006662735093703543
11912     0.002236644878634195
9264      0.0038690494348502737
10119     0.002847159122737618
7272      0.0033268035553294883
4966      0.0056596809970038435
10910     0.0025030136843761167
6511      0.020341149766747352
2096      0.003766550913240546
4073      0.004403295417046578
1350      0.0032827689516973808
10958     0.0025296875905029717
1334      0.002284777552453952
11046     0.0028329753182103094
921       0.030558776902050246
544       0.004962078148847049
5621      0.00880275035424751
5079      0.005930302014229135
1775      0.02965151007114568
5750      0.004606535482963258
6161      0.00201921923268493
1083      0.0033495286800354334
6073      0.0023721560339397046
9907      0.007602398367184792
7475      0.0018754853650354085
1295      0.009674852947829486
9488      0.003887420296318917
1349      0.002628644104270179
9029      0.0035825696435797974
758       0.0011183224393170974
6816      0.002072733329293611
9598      0.007533101826481092
9504      0.0152564998073646
7199      0.002751652312159337
4321      0.0041780895971830125
12111     0.0016864583936686479
9938      0.003993854283464962
8525      0.007674044385777038
2366      0.005502604453783674
11238     0.003974573037867981
10532     0.006662735093703543
8959      0.0016261466104729948
4263      0.0024774326523265187
449       0.004521593946615907
10885     0.002165924590074835
4069      0.0016216596501363273
9848      0.0027386867805168384
11138     0.001286786153210523
4655      0.00408196175950984
3251      0.0037238747927613495
7165      0.0017449995728521118
5690      0.006234289207923296
5859      0.006234289207923296
1181      0.006662735093703543
11254     0.006662735093703543
2876      0.002268136616857102
324       0.00222764593238212
8091      0.003712663333347411
3516      0.0033268035553294883
2085      0.00352396474975581
11234     0.0034456565177086052
2707      0.003766550913240546
3801      0.00825495693647801
6114      0.0024225541373701035
8048      0.006730969514747246
4958      0.004533632263066803
1982      0.0037330027758059156
10317     0.0011436501449174968
3898      0.00391253127741399
3790      0.002354092729610734
4322      0.002852047587002917
4376      0.001635178097688852
7227      0.004838227460727191
3798      0.00352396474975581
368       0.00119620295325624
10989     0.0041780895971830125
6484      0.008459290138745286
9206      0.004606535482963258
6588      0.007848350450452393
698       0.00408196175950984
419       0.004533632263066803
5085      0.01186060402845827
2463      0.0024674166761833745
8056      0.006662735093703543
338       0.0017561836502969503
8640      0.0019807903587597915
4074      0.012491866311471006
12020     0.010753437157494593
8481      0.003952410635536057
12064     0.0058494015769878956
1666      0.005501856128448889
8012      0.005501856128448889
6616      0.0017103513025002617
6229      0.0027780706274591134
3357      0.0037330027758059156
1590      0.003837022192888519
3815      0.0047694230489744825
9220      0.002259913403593402
6707      0.005197868934754729
12202     0.006662735093703543
6427      0.00391253127741399
9259      0.003837022192888519
1307      0.005501856128448889
7797      0.0021734454586323578
2538      0.004606535482963258
8049      0.0031800981979395833
6669      0.006234289207923296
10649     0.006234289207923296
3087      0.0044654358552803225
4979      0.0044654358552803225
961       0.011389022456642913
1846      0.004401375177123755
9089      0.006662735093703543
7814      0.003160709074651809
8545      0.00391253127741399
10620     0.003993854283464962
6670      0.005930302014229135
5849      0.006662735093703543
12063     0.0024674166761833745
12171     0.001350298203190307
7447      0.0030714070747653896
5662      0.005338968562437665
4804      0.006234289207923296
3659      0.0035514124636479975
12012     0.004159234493228897
10381     0.0044654358552803225
9324      0.004962078148847049
10829     0.005073410242668643
10755     0.0044654358552803225
202       0.005197868934754729
5762      0.004229645069372643
1932      0.004861366019508302
10087     0.004229645069372643
8469      0.004340977163194236
7371      0.006234289207923296
6169      0.006234289207923296
6130      0.003471119859991245
2608      0.006792999721118977
5439      0.004861366019508302
9810      0.006234289207923296
3743      0.006234289207923296
3353      0.005930302014229135
438       0.0041780895971830125
5842      0.004128932940033895
3116      0.0033495286800354334
7780      0.003471119859991245
847       0.008073979939000152
9401      0.006234289207923296
9053      0.005930302014229135
9227      0.006662735093703543
3149      0.006662735093703543
5532      0.0033964998605594886
1565      0.003700487054253649
2682      0.002151041561340816
10082     0.008459290138745286
11729     0.00305129996147292
9173      0.006662735093703543
7785      0.006662735093703543
6480      0.006662735093703543
6470      0.006662735093703543
3397      0.006234289207923296
4207      0.006662735093703543
8418      0.004569555104907904
346       0.002605671947985893
2933      0.003993854283464962
11884     0.001354113225224777
469       0.004606535482963258
5764      0.0023813048146533464
7979      0.003801199183592396
2579      0.0024977540011459002
9364      0.0029058785381067646
9849      0.003949038513685954
737       0.001987098900312783
6361      0.0014600521297953152
808       0.003801199183592396
5643      0.004340977163194236
1649      0.0022356208953048353
8315      0.0025396080889989953
10673     0.0012265693409570964
4046      0.002583188598265911
7240      0.004962078148847049
3867      0.003086525809085141
11864     0.003160709074651809
3634      0.0018675730234541076
3703      0.004036989969500076
2803      0.0023721560339397046
6203      0.0016216596501363273
9509      0.00222764593238212
9875      0.006209178226828224
5274      0.004077941580806256
1467      0.0033964998605594886
10974     0.003837022192888519
4412      0.00443946141514029
10881     0.001987098900312783
8389      0.0047694230489744825
5963      0.0008136402915883241
2647      0.00272587841070575
3261      0.003668942097649348
110       0.002363085784501157
8706      0.0027132234382341983
10978     0.0032614212039905554
4439      0.002968053974779242
11060     0.0032404962118691015
5564      0.004861366019508302
11594     0.005073410242668643
7825      0.003993854283464962
4391      0.005930302014229135
6231      0.0030341178337661397
8420      0.005501856128448889
8519      0.0025080631323946946
11085     0.004606535482963258
158       0.0027132234382341983
10345     0.0019316337016106748
