t_index   tf-idf
5662      0.02465523684451551
11828     0.028789807465803084
1979      0.015159753248849701
4745      0.018443529331506735
10153     0.01425350682622464
3888      0.004426874717157812
10345     0.008920241026539183
6599      0.017890517840830535
698       0.018850407675938697
9160      0.022164846644780165
10910     0.00577943047347519
104       0.011929106897609993
699       0.0132818159858974
7488      0.0067424879252345445
12063     0.02278894952609813
11027     0.008703329170411243
9504      0.11272667722834787
6485      0.01615004638031657
4859      0.01615004638031657
1307      0.0254074479639606
11681     0.010036922286493248
4088      0.016664175487739886
11728     0.027386001436496346
8637      0.027386001436496346
10885     0.01000219108450289
11643     0.016664175487739886
12005     0.009933461592259274
3261      0.01694309215880766
6511      0.026838563576671467
1126      0.03415072044018132
2753      0.028789807465803084
1818      0.028789807465803084
2538      0.02127287734267302
8881      0.01370640655768841
9772      0.024003641934653857
9851      0.01694309215880766
9566      0.017393847475751286
11927     0.00724676897022383
10673     0.005664269653183894
10691     0.027386001436496346
10699     0.03415072044018132
11527     0.01615004638031657
9775      0.01895538127566075
9598      0.03478769495150257
6444      0.018067981517046628
7991      0.022449679033909126
5796      0.017890517840830535
544       0.022914765384001543
7732      0.028789807465803084
10449     0.028789807465803084
6616      0.015796727760170957
6170      0.02465523684451551
4825      0.02465523684451551
9550      0.01000219108450289
7681      0.01694309215880766
4049      0.006868307024127509
12093     0.007326115649858514
7368      0.00986568670720407
7475      0.0028869830899983253
1590      0.01771928226154136
6978      0.022914765384001543
4528      0.026297124885844028
3903      0.007678519797561961
9589      0.0074887878225396685
12020     0.012414782785759205
5186      0.00643310672833739
4074      0.014421789477569053
6336      0.02127287734267302
7321      0.01978270245194728
3844      0.016530476349540923
12183     0.018067981517046628
5663      0.01771928226154136
10802     0.027386001436496346
11886     0.0254074479639606
3840      0.03415072044018132
7561      0.01477683426489155
