t_index   tf-idf
12005     0.0023204149126274942
5524      0.009781222362837039
1942      0.0302426554796139
1520      0.005248048159102603
11863     0.005614789435018785
8259      0.006246195095998703
3340      0.0014311273626186204
3321      0.0051776150954998285
12171     0.0014566208963548981
208       0.0037976051113869785
11912     0.0012063793243026956
11099     0.00593507314643699
5609      0.004621156215809208
9552      0.004454045769957823
3673      0.007187359904231381
1575      0.0067251781219330046
1450      0.004621156215809208
629       0.004621156215809208
7447      0.0016566250757592848
8040      0.006397254928735367
6903      0.007977464879727393
587       0.006174343417896307
3884      0.006142897939212909
6126      0.005759359787826457
6614      0.0033490449491160104
2763      0.004562687988220882
9359      0.007985937199194836
191       0.009710505080253937
9904      0.004220604606344225
6068      0.0027865892752947227
3330      0.004354863195444964
4566      0.00351822602320241
9295      0.0056071499532393525
2444      0.0067251781219330046
3367      0.007977464879727393
8974      0.0034956533939060385
4930      0.0033490449491160104
4536      0.0029824780372288543
7475      0.0020231613780303226
10910     0.002700101376059275
9553      0.0033890448613384167
4641      0.0021572970471449627
9627      0.004139149924612024
9588      0.0038014422891066613
226       0.006620134111982004
4138      0.014912390186144271
419       0.014671833544255558
232       0.00836090362718995
4016      0.0037475042030057203
876       0.004017093280380354
11024     0.0018502896798561843
6777      0.0025787644825188043
10958     0.00454812598292529
3741      0.00481704497774334
1690      0.0034735190959090238
6871      0.005238957658886678
1176      0.007187359904231381
9907      0.008201012411845012
1964      0.004454045769957823
8566      0.004929362593483329
11521     0.004100506205922506
11051     0.007977464879727393
5719      0.004454045769957823
5351      0.0018345669405144852
243       0.0035412546959255205
9503      0.001996484299798709
9791      0.004806102247816542
9371      0.0013982122089862181
8055      0.004220604606344225
9264      0.004637443329610564
4321      0.004507073030032068
2463      0.0053234029076712165
6033      0.005064683244727565
11970     0.006410274310632081
4970      0.004508240148204942
10317     0.0024674026748613713
12031     0.003831051240313194
11927     0.0016928147988186897
4049      0.009626446065312572
11412     0.0024368833293883256
10243     0.0014213964195722976
4263      0.005345012179035167
9018      0.004747940151700428
6102      0.004789025306096218
8311      0.003254786272237678
4397      0.007617290276188806
4412      0.002394512653048109
5240      0.0048906111814185195
6387      0.0018824011140215694
5802      0.002221232338114634
4999      0.003026045653552901
490       0.007187359904231381
9747      0.0020024995144432888
3264      0.004308330998698424
737       0.0021435633806523727
5569      0.0026944275445432153
4347      0.002136758103544027
2688      0.007187359904231381
2226      0.0026725060895175833
5436      0.0021852709793813317
7753      0.0028356239550001144
2091      0.004562687988220882
9551      0.0027865892752947227
6022      0.001966875348592176
7425      0.003766242012024261
6930      0.007058262353716867
3852      0.0032730247498107172
11749     0.006142897939212909
3569      0.002913373211185943
639       0.007849585694623944
10155     0.003991863987659448
10769     0.0021232682356899296
332       0.0038014422891066613
1451      0.008218731689595174
8640      0.002136758103544027
7611      0.012794509857470734
3857      0.0019437297710405
10173     0.007977464879727393
580       0.0019905006612294216
11823     0.0031510893134878786
758       0.0036191379729080867
908       0.005759359787826457
12016     0.0036901460986786105
4269      0.006397254928735367
5963      0.0017554129125606362
102       0.0025202962549304786
10068     0.0024829197743147036
5992      0.006142897939212909
11001     0.0015667568244401276
4682      0.004454045769957823
12082     0.002823166120290241
4376      0.003527864557218468
6017      0.0033295593373595615
10813     0.00593507314643699
6543      0.006397254928735367
6203      0.0017493493863675342
4172      0.003102576437650574
8559      0.0048906111814185195
1822      0.003744436384400004
9202      0.0016610864533915539
2738      0.002008546640190177
7123      0.001360304555044884
2083      0.0029824780372288543
28        0.002810842967512341
8036      0.007421292174551816
10673     0.0013231496040245843
7207      0.00458025980636173
4906      0.004206804258710482
2524      0.0025688091307677833
8830      0.004220604606344225
449       0.0032517499773563217
43        0.006397254928735367
3522      0.005352792963716896
571       0.004747940151700428
6123      0.005352792963716896
5170      0.004263624071405037
9775      0.0022139487316716624
3104      0.0034095838049393525
1094      0.0033490449491160104
8030      0.006397254928735367
9700      0.007187359904231381
10408     0.004354863195444964
8261      0.001824204318874085
9462      0.004747940151700428
7314      0.005053729046901051
11220     0.0040910379590082015
7691      0.007977464879727393
1672      0.004403376071282268
7972      0.0065460494996214345
4677      0.002886863166817634
2033      0.007977464879727393
8005      0.005352792963716896
710       0.004682786388642601
1914      0.006142897939212909
9492      0.002913373211185943
9583      0.0019210448327110872
6958      0.005244150745453837
109       0.003201759012163434
10345     0.002083730843469783
11078     0.004308330998698424
6108      0.0036132710957862547
3940      0.007983727975318896
1508      0.0012337013374306856
10099     0.0026091630981351175
6818      0.0034095838049393525
3762      0.003040946264817181
10833     0.0027511497204295073
2682      0.0023204149126274942
5926      0.0034518064293316223
12191     0.005671247910000229
9538      0.0033295593373595615
4849      0.0033295593373595615
9099      0.003588756591182204
3781      0.004621156215809208
10095     0.004621156215809208
10094     0.0024116540366674205
3736      0.0020517993288896395
6204      0.0032191621063865656
1777      0.004747940151700428
10119     0.003071344880433493
329       0.002539454361863548
4620      0.0024921496266056145
3565      0.0014238437561756487
5799      0.0033948407659657293
7368      0.002304582984097539
8874      0.0011450649515904324
11814     0.002739577229865058
7597      0.0020902259067974876
3176      0.007977464879727393
10032     0.002598939885842403
12111     0.000909625196585058
7915      0.004507073030032068
2612      0.004354863195444964
1349      0.0028356239550001144
4398      0.012285795878425819
6403      0.0013165223729733938
10988     0.0014166063951646544
12181     0.0021572970471449627
3398      0.003588756591182204
10742     0.006205152875301148
131       0.0025688091307677833
4165      0.0029405145060369116
4468      0.0027628409052753078
153       0.007187359904231381
5493      0.00481704497774334
8846      0.005352792963716896
675       0.0033490449491160104
4286      0.0017787041552717697
9846      0.0076028845782133226
11357     0.007977464879727393
3989      0.0067251781219330046
1709      0.004747940151700428
733       0.004220604606344225
1236      0.005352792963716896
4656      0.006397254928735367
4146      0.0029405145060369116
8140      0.007187359904231381
11845     0.004969254812330444
3632      0.006142897939212909
8707      0.00481704497774334
1090      0.007187359904231381
11835     0.0015263312924990678
3790      0.002539454361863548
6114      0.0013066532158256068
5582      0.00238603766582974
8084      0.015954929759454787
8743      0.0033295593373595615
1798      0.0019552438136864678
10201     0.003134687871815959
1083      0.0036132710957862547
6233      0.007234962110002262
10343     0.003201759012163434
9802      0.004621156215809208
493       0.0056071499532393525
9141      0.003991863987659448
