t_index   tf-idf
4305      0.0024129894594533555
11824     0.002725858483430907
1451      0.037601973680470836
10598     0.0024820142037489594
7379      0.009567556605561741
3762      0.007196276564567365
927       0.001270038235872493
367       0.004632070308215001
8259      0.0036953421297756302
9359      0.0009449198984140475
8060      0.004497783378148699
1399      0.0020098514231002814
9832      0.003287977082090281
7123      0.005150569296617152
5659      0.005122056881561339
7495      0.007762945910342731
7475      0.001595909906893484
11213     0.0030277691029169875
3340      0.0033867051252030704
4871      0.00263774040717339
9264      0.0013169186896260557
12111     0.000861036521487968
6009      0.0009770945194984397
1885      0.0015578686759818263
2363      0.0024820142037489594
2099      0.0029073839935902096
1739      0.0023918891513904353
9596      0.0011020195960162492
6607      0.0018078515729698953
1476      0.00762367274959618
12064     0.0019909764373847003
10612     0.0024820142037489594
9539      0.00579008788526875
507       0.002039098273918136
8882      0.0059641793362019396
6973      0.001771623001856859
3321      0.0024505234178701053
12171     0.0017235172717739633
2738      0.003802515626894198
9196      0.0018508022186696752
2613      0.001348349688654574
1119      0.0030277691029169875
5170      0.014125571923524516
7690      0.003401719408089635
8382      0.0034489593796371443
10484     0.001905918187399045
1052      0.0014992611260495664
1942      0.008286823740769
8347      0.006376254002925248
4752      0.00231468678275833
3042      0.002017938846217788
7888      0.0004415738986641305
9371      0.0003308812743004653
11927     0.0016023911511799276
4409      0.0037756697132622823
1955      0.0007777818075712862
7339      0.0013982612009843735
4664      0.001090740517939332
3603      0.001997578080766646
3864      0.0023918891513904353
8091      0.0018955337018705415
7097      0.0020618611295242393
1508      0.0011678017628846988
1088      0.0021594833832449143
6275      0.0031829725024304033
2178      0.0017991919405585565
6011      0.0013934102449249535
10772     0.0012496774704213508
2357      0.001582050570719264
10881     0.0010145312397870235
4322      0.0014561385816872037
3096      0.003734115358641665
4376      0.0016697098090686165
9045      0.0015319678822263976
3634      0.0009535062268815382
2063      0.0007654263916016512
10992     0.0025716589947664464
9029      0.0018291131969084432
12036     0.001439255312913473
2463      0.0037792854183032304
10390     0.0019407364775856828
11936     0.001170812554246063
4146      0.001391721772422439
1562      0.003955915746171225
6458      0.002757752033445576
7488      0.000745442764404813
3888      0.002447154346751834
2261      0.0009681276163864129
11970     0.00505655178540543
4970      0.004978665207148067
2177      0.002460114525480635
9824      0.001258781963189166
3325      0.0031829725024304033
3500      0.0016337121112737244
10105     0.005451716966861814
1420      0.0037756697132622823
4770      0.0030472068634367247
1989      0.002590275291598525
8121      0.006365945004860807
2024      0.0017219895719264517
8631      0.003401719408089635
8101      0.001771623001856859
9039      0.0018732114312222136
4275      0.002533433688417562
10343     0.001515366687744433
3903      0.0033957180719652895
2675      0.004870883326781995
6958      0.0024820142037489594
7738      0.006399483817797085
9162      0.0015319678822263976
3314      0.0029073839935902096
10923     0.002061121586912461
4518      0.0018785413427890375
2744      0.002720326576462034
11063     0.002593239564170403
6123      0.0076003010652526855
10238     0.003401719408089635
9492      0.002757752033445576
9583      0.0009092150077800301
201       0.001391721772422439
1131      0.002783443544844878
5968      0.0018729361743313377
7507      0.002533433688417562
11044     0.00235190817825826
1572      0.002593239564170403
9113      0.001997578080766646
7797      0.0011096721534135392
8005      0.002533433688417562
11238     0.0006764180201092091
5643      0.002216324986425877
9500      0.001970940778768416
873       0.0024350718920851085
4412      0.0022666070082269056
12044     0.0012805142203903348
3791      0.001549096185935259
7207      0.00541949995721683
2719      0.0029073839935902096
7481      0.002590275291598525
8379      0.002684155843118121
11823     0.0014913851284955055
5963      0.00041541137868670956
4891      0.0022116646124739313
4641      0.006126187639470044
11995     0.004582076141716138
3659      0.0018132056180861205
3730      0.0026498180710710535
11867     0.006483098910426007
11262     0.003401719408089635
7629      0.0023918891513904353
5350      0.0029073839935902096
4677      0.0013663290267795262
8554      0.003955915746171225
827       0.0024820142037489594
3952      0.00231468678275833
9019      0.0037756697132622823
4949      0.0031829725024304033
8218      0.002187155923258768
5992      0.0029073839935902096
1709      0.002247161736394861
10740     0.001197350506563486
3565      0.0013477875058457694
5070      0.0031829725024304033
12063     0.0012597618061010768
8718      0.001391721772422439
3163      0.002061121586912461
1150      0.0017101320341547368
511       0.0037756697132622823
2573      0.007446042611246877
9723      0.0016337121112737244
1612      0.0037756697132622823
8119      0.003401719408089635
3852      0.001549096185935259
3419      0.002966133416704043
1527      0.001054760771435833
9370      0.0012858294973832232
3867      0.003151707099463337
9488      0.0029771361648206363
8136      0.001324579211896197
11784     0.005791028790899684
7110      0.0019590262376114054
12020     0.0013725660471212043
5142      0.001117434823322858
3341      0.0028231655457992386
2105      0.0021080638985763117
2762      0.0009740889615811565
11675     0.002684155843118121
4406      0.0075768334387221635
2682      0.0021964672837542247
9056      0.0017722115061570207
8319      0.002061121586912461
10328     0.0037756697132622823
9802      0.002187155923258768
8830      0.001997578080766646
11912     0.0011419391864828001
8160      0.0013303492802760274
902       0.0028504832707718177
10345     0.0009862129830583693
10549     0.003397059034137689
2366      0.0018729361743313377
9007      0.0016760472535995322
1781      0.0038460929822158123
10627     0.005877078712834215
3993      0.001751454330497407
8640      0.0010113103570810861
4998      0.00235190817825826
8450      0.0009593073177305881
6033      0.00319609824636224
580       0.0009420878905942976
2541      0.004964028407497919
4739      0.0009013004954124022
9543      0.0011665137565945022
12025     0.0022798684925716926
737       0.0010145312397870235
10742     0.0029368487521611647
3682      0.0015072538092861004
10958     0.000430518260743984
368       0.003053660955206923
10037     0.0024222512545322202
5582      0.003387877083283718
8503      0.0031829725024304033
111       0.00265381879774434
11071     0.0023918891513904353
10289     0.0011253108208769188
208       0.0008986879176636266
11077     0.0017219895719264517
4566      0.0016651479687454886
9295      0.00530763759548868
1726      0.0010944740709079347
2069      0.0011622489418884228
4067      0.0016871712817398135
758       0.0005709695932414001
9961      0.00518055058319705
454       0.0028090221972577557
8048      0.0011455190354290345
103       0.0011292923610945727
4047      0.001759210967426381
10461     0.002039098273918136
7294      0.002247161736394861
384       0.0029043828491592386
8495      0.001439255312913473
2164      0.0012064947297266778
7425      0.002376709244855062
2028      0.002725858483430907
8186      0.002590275291598525
9493      0.004058124959148094
10243     0.0006727354482696216
3093      0.0018575727637588342
9201      0.002725858483430907
2686      0.0031642823143074993
7825      0.002039098273918136
7179      0.0031829725024304033
11122     0.003401719408089635
10117     0.0028090221972577557
37        0.002533433688417562
3429      0.0019590262376114054
9791      0.001137344693427393
3616      0.0029519398023777933
7516      0.003424249147715356
3535      0.0016544645255629823
3544      0.002725858483430907
10224     0.002187155923258768
131       0.0012157966196553111
4627      0.0021080638985763117
1128      0.0029073839935902096
10718     0.0015072538092861004
6581      0.0047837783027808705
4550      0.0024820142037489594
3483      0.0024820142037489594
338       0.0008966353792199336
10784     0.0023918891513904353
3785      0.001117434823322858
4864      0.0024820142037489594
4120      0.003401719408089635
8028      0.0008732352612765312
6777      0.0012205084072542418
116       0.0015319678822263976
10848     0.0012064947297266778
2244      0.0017341135934036643
2155      0.0016544645255629823
10129     0.002216324986425877
4423      0.0028090221972577557
12084     0.003971993193326199
8701      0.002187155923258768
10033     0.0016651479687454886
2882      0.0012546960763862454
9202      0.0007861788058909094
9507      0.0011253108208769188
9645      0.0017991919405585565
2246      0.0028090221972577557
67        0.0011751458807626113
324       0.001137344693427393
2660      0.0012966197820852014
11413     0.002084082339327384
11409     0.0015667861724130356
9577      0.0017991919405585565
1880      0.001460982930503952
3573      0.0013361817289820894
4286      0.0016836926289653274
10010     0.0030277691029169875
1361      0.0012111256272661101
1448      0.002533433688417562
493       0.00265381879774434
11163     0.00231468678275833
4365      0.0031829725024304033
918       0.002084082339327384
8346      0.0021594833832449143
8106      0.000844197064392856
944       0.0010512913302132615
12105     0.00231468678275833
3493      0.0031829725024304033
1856      0.0017465163522938517
102       0.001192835867240388
5900      0.003401719408089635
7759      0.0016871712817398135
8584      0.0017991919405585565
5965      0.0010376324677269719
7256      0.000922669476912554
1094      0.006340303729755031
10943     0.0025610284407806697
808       0.0038814729551713656
3159      0.0016871712817398135
329       0.0012019032445590209
8967      0.00265381879774434
6210      0.0008633811745230142
4065      0.0015944587124268892
6233      0.0011414163825717854
10237     0.0010376324677269719
11001     0.0007415333541760107
1771      0.0018732114312222136
10833     0.001302096948426885
12144     0.0031829725024304033
4787      0.0020552211547134893
7769      0.0008188855620677405
11863     0.001771623001856859
2265      0.00265381879774434
1682      0.001090740517939332
11596     0.003401719408089635
8283      0.0023918891513904353
10626     0.0031829725024304033
8920      0.0013420779215590605
1039      0.006055538205833975
11549     0.0006843023635722894
4049      0.002278059596822416
5898      0.001905918187399045
847       0.004122243173824922
9942      0.005527124043759689
11899     0.001785533078072267
11106     0.0023918891513904353
3908      0.001759210967426381
12013     0.002061121586912461
1607      0.0009651714651499476
6588      0.0010017615015950104
4966      0.0007224002763256458
7753      0.002684155843118121
5186      0.0014224757734708762
11972     0.002187155923258768
1454      0.001348039266753804
7780      0.0017722115061570207
10574     0.0018575727637588342
6555      0.0024350718920851085
1360      0.001460982930503952
9105      0.0016871712817398135
10119     0.0014536427322300138
5476      0.0016137284840768863
3185      0.0017722115061570207
1743      0.0009364680871656689
1860      0.002061121586912461
2920      0.0012805142203903348
2830      0.00265381879774434
83        0.0011455190354290345
6803      0.0028090221972577557
4906      0.001327364325108649
2129      0.0021080638985763117
449       0.0007695135039582352
11930     0.0010410149004418455
7813      0.00265381879774434
1528      0.0037756697132622823
4761      0.00518055058319705
9660      0.0031829725024304033
104       0.003956610610760085
7822      0.0028090221972577557
3857      0.0009199516059210318
6871      0.0012397781789042386
1520      0.0016559058787727467
9538      0.0015758535497316685
4849      0.0015758535497316685
9099      0.0016985295170688444
10155     0.0018893169929170804
12016     0.0017465163522938517
4076      0.003401719408089635
587       0.0009740889615811565
5981      0.006055538205833975
4480      0.001905918187399045
6983      0.001997578080766646
4397      0.0009013004954124022
6930      0.0011135395266112325
11864     0.0016137284840768863
6022      0.0009309062208864834
8499      0.0023918891513904353
10143     0.001439255312913473
12035     0.0037756697132622823
10544     0.0015066952255943639
10201     0.0014836224585861868
11503     0.0019590262376114054
8566      0.0023330275131890044
419       0.00231468678275833
232       0.000989287044086761
4016      0.0005912211599773
876       0.0009506289067235495
3944      0.0016651479687454886
12191     0.002684155843118121
7214      0.0018732114312222136
140       0.002247161736394861
10317     0.0011678017628846988
475       0.002216324986425877
226       0.0010444186735673472
7525      0.001192835867240388
11922     0.0016760472535995322
11024     0.0008757271652487035
11989     0.001460982930503952
3692      0.00095639897510338
11236     0.00235190817825826
2605      0.0016137284840768863
7447      0.0007840672718811025
5530      0.003401719408089635
3635      0.0037756697132622823
1349      0.0013420779215590605
4498      0.0029073839935902096
5727      0.0015404640617671496
2456      0.0016985295170688444
8691      0.0037756697132622823
1304      0.0028090221972577557
9788      0.0031829725024304033
1798      0.0009254011093348376
12005     0.0021964672837542247
8782      0.003401719408089635
6360      0.001845338953825108
2658      0.0009923787216068788
7424      0.0011580175770537502
10099     0.0012348958265707823
6646      0.0017341135934036643
3117      0.0016439885410451404
10410     0.002725858483430907
3458      0.0018732114312222136
3495      0.0021594833832449143
4069      0.0008279529393863733
9384      0.0030277691029169875
6774      0.0017991919405585565
11785     0.0015236034317183623
3007      0.0018893169929170804
7496      0.001759210967426381
8491      0.000880745771213598
6045      0.0024820142037489594
11681     0.0011096721534135392
8855      0.001785533078072267
5524      0.00462937356551666
5991      0.0017722115061570207
6242      0.0028090221972577557
8654      0.001905918187399045
8918      0.000989287044086761
2340      0.0016236277755939984
4794      0.0006756146355648307
10882     0.0008489295179913224
6232      0.0010724507579136099
6361      0.000745442764404813
9589      0.0008279529393863733
10101     0.0016137284840768863
4377      0.002187155923258768
8693      0.0029073839935902096
9411      0.0016236277755939984
8751      0.0016871712817398135
9990      0.0018893169929170804
10732     0.0017722115061570207
2524      0.0012157966196553111
8708      0.001149653126545715
6873      0.0024350718920851085
3282      0.001460982930503952
8985      0.0018132056180861205
3312      0.0009593073177305881
1021      0.001827593037402661
1713      0.0013852606622537335
2169      0.0017991919405585565
11897     0.0014464010630862573
6499      0.0017722115061570207
2810      0.001997578080766646
6817      0.0016137284840768863
10647     0.0013982612009843735
161       0.0023918891513904353
1958      0.001905918187399045
8261      0.0008633811745230142
8685      0.001149653126545715
7348      0.0018132056180861205
3962      0.001759210967426381
5268      0.0030277691029169875
9654      0.00235190817825826
3041      0.0018893169929170804
3568      0.0029073839935902096
10138     0.002084082339327384
3289      0.0033520945071990643
1295      0.0012348958265707823
4347      0.0010113103570810861
