t_index   tf-idf
11024     0.0014656140707384746
7272      0.0028426533497721827
12171     0.0017306836637563917
5186      0.002380650722752714
10565     0.005067264299060655
10381     0.0038155803254058475
10362     0.0034126280883661113
6231      0.0025925622238625436
10429     0.006318948272715463
10989     0.003570051610066981
6484      0.05059745889640371
3857      0.00461888384261807
495       0.0037092341248915407
3492      0.006318948272715463
2366      0.004701809626829709
7941      0.006069149781951464
9307      0.042224131471796614
6203      0.0027713185705032454
208       0.0015040411096033668
216       0.006318948272715463
6871      0.004149777272423751
5790      0.002717298044393282
11884     0.005785244652467603
505       0.0028050271084150177
10232     0.00456198769056524
4225      0.013342403986524386
1796      0.005693106285888059
7204      0.005514000509632487
10522     0.0030611977619777477
3565      0.0011278263432493185
699       0.0024575501512367334
7488      0.001247570530864604
3467      0.0029022067415591475
6511      0.02482985611563161
5727      0.005156231059137445
2063      0.0025620301257352567
5483      0.004003057727379003
9581      0.011136785632821625
1171      0.00318193875223475
10673     0.002096133052529591
1045      0.004817465808296657
10616     0.006318948272715463
9488      0.004982525182288176
7495      0.0032480101132151243
4016      0.000989465766697976
10885     0.0018507172692739237
9504      0.010428975336094555
6039      0.004865788180540787
7790      0.0023401252947867373
766       0.0039361457037378365
11681     0.003714287249471514
1460      0.00456198769056524
8034      0.0013300216168297275
3616      0.0024701783169585483
7150      0.0016252298218439765
7900      0.0039361457037378365
10156     0.0039361457037378365
11447     0.004441422312233251
4787      0.00343961128803401
7193      0.004865788180540787
2682      0.0036760003397549915
11481     0.006318948272715463
149       0.005072225295776584
8481      0.006754431481103199
416       0.005647288489815177
196       0.005685306699544365
10882     0.0014207656174283047
10007     0.003660416877803136
1052      0.0025091584334093575
4397      0.0030168270220664608
4063      0.0038155803254058475
3449      0.003766632893163907
967       0.0011934121990181267
9264      0.0022039907383554574
11001     0.0012410277549099555
8864      0.003310303716910432
1980      0.003873852100042528
2870      0.0032786197947550547
3573      0.0022362292969450768
10958     0.003602569645518785
3571      0.0020831343476829804
8048      0.011502821083414215
6361      0.0037427115925938123
126       0.00456198769056524
331       0.0020115012720790266
8615      0.0025781155295687224
10310     0.0037092341248915407
4566      0.005573572203077415
9721      0.003570051610066981
10988     0.006732561786582953
10431     0.004335076111718945
329       0.004023002544158053
3928      0.005693106285888059
7154      0.005067264299060655
2444      0.005327012192217203
11777     0.0038155803254058475
3888      0.0032764394996012084
10132     0.005693106285888059
10718     0.002522534961487133
3627      0.0034126280883661113
2082      0.004532324792229624
11388     0.012225984655687187
3516      0.008527960049316547
3692      0.0016006261433642846
8049      0.002717298044393282
1581      0.005573572203077415
2743      0.005067264299060655
9160      0.00205059392035908
4258      0.006318948272715463
8706      0.0023183676364121734
7447      0.001312212378096232
9262      0.006318948272715463
922       0.003218404210689947
9824      0.0010533466531884395
5799      0.002689052664933353
7339      0.004680250589573475
3790      0.008046005088316106
1017      0.00801552729965577
10032     0.00411723948651125
3096      0.0020831343476829804
6114      0.00517499870300994
9029      0.0030611977619777477
12111     0.001441027858207514
6232      0.0035897000420808977
10317     0.0009772145728920816
3801      0.00940481580288971
8272      0.0029442096232395773
6210      0.005779807446910823
4796      0.005067264299060655
10345     0.0016505227679043397
2876      0.00969027182461818
2109      0.0029882622200585753
1125      0.005693106285888059
3791      0.0025925622238625436
6848      0.003760842407064165
488       0.0015533431347602104
8931      0.0039361457037378365
11558     0.006022243293761488
11019     0.004335076111718945
4655      0.003487913270599884
9742      0.0038155803254058475
9927      0.004701170205389799
6161      0.0017253619638950234
1448      0.0042399461937133835
8898      0.003660416877803136
8091      0.003172358898140927
4818      0.004441422312233251
8506      0.0025781155295687224
3861      0.0014698038654065112
3289      0.0028050271084150177
11988     0.006318948272715463
9583      0.0030433184252096645
11912     0.0019111456239473059
8499      0.004003057727379003
2762      0.0016302320458894616
4073      0.001254161064730522
3852      0.0025925622238625436
11305     0.006318948272715463
10426     0.0024575501512367334
8131      0.004701170205389799
3862      0.008768891872743559
4999      0.002396930133063732
346       0.0044529362603833765
4412      0.003793385949319458
8264      0.0024328116412581312
7979      0.0032480101132151243
11053     0.003161954634715696
2339      0.003719229619794348
4322      0.003655483029911224
4376      0.002794420782328974
8159      0.0013856592852516227
2579      0.002134255497860634
10907     0.002116891517892306
10901     0.0018899799390460106
2093      0.0024087329041483285
11066     0.002034753178425209
4641      0.0017087945425410206
1280      0.004701170205389799
7097      0.0017253619638950234
4255      0.0022560740327168655
10881     0.001697916108167472
11927     0.0026817565004154716
6427      0.003343140031220686
9259      0.013114479179020219
3323      0.003528048728386551
10957     0.003873852100042528
4805      0.012225984655687187
10780     0.006318948272715463
9875      0.002652777807927651
8525      0.0032786197947550547
2411      0.0027867861015387074
2362      0.0029882622200585753
9396      0.002216811362944779
3429      0.0032786197947550547
3978      0.005693106285888059
3087      0.0038155803254058475
4979      0.0038155803254058475
12064     0.001666045771408195
11503     0.0032786197947550547
9921      0.0029882622200585753
4001      0.0020998551798148183
11737     0.0030586536280855347
10961     0.005693106285888059
10992     0.002151959969633045
3659      0.003034574890975732
8566      0.0019522735427413185
2720      0.0030833921380641373
7475      0.0005341819023073825
6973      0.0014824911813874962
4582      0.003161954634715696
12112     0.0028236442449075883
10599     0.004865788180540787
2067      0.0034126280883661113
878       0.007631160650811695
12084     0.0011079190993165593
6989      0.00265286311182783
2160      0.0052144876680472775
1549      0.0025925622238625436
1011      0.002151959969633045
184       0.006620607433820864
4873      0.0020115012720790266
808       0.0032480101132151243
2340      0.002717298044393282
3260      0.003343140031220686
3326      0.002622168126387721
5299      0.0019667202370351397
9095      0.0034126280883661113
5986      0.004153890715213954
541       0.003528048728386551
7681      0.003135000420236761
7896      0.006318948272715463
695       0.004335076111718945
4684      0.003873852100042528
10343     0.002536112647888292
1720      0.004340037108434874
8901      0.002170018554217437
3991      0.00456198769056524
4817      0.003873852100042528
7814      0.0027007306230392796
8545      0.010029420093662058
6154      0.00456198769056524
2463      0.0021083331682149
4906      0.0011107362595763643
876       0.001590969376117375
6360      0.0030883531347800667
5963      0.0013904622030885706
9473      0.003614104206885979
11057     0.0028620712837724807
737       0.001697916108167472
8256      0.0026072438340236388
873       0.004075328218562396
9162      0.0025638963517510397
3159      0.0028236442449075883
6107      0.0022560740327168655
102       0.001996326139560317
7199      0.0023512039507224275
11930     0.001742239074544045
8812      0.0025638963517510397
3607      0.004335076111718945
9356      0.003873852100042528
3650      0.0029229639575811864
1668      0.0023291809288982605
6803      0.004701170205389799
449       0.0012878552405122233
5313      0.0024575501512367334
10453     0.00456198769056524
7183      0.005067264299060655
4138      0.0023624202332311714
472       0.004433622725889558
7847      0.002058619743255625
6779      0.0042399461937133835
2064      0.003760842407064165
6612      0.005067264299060655
7404      0.003660416877803136
3708      0.002034753178425209
10943     0.002143064339738502
2261      0.001620255158401377
12011     0.006975826541199768
1682      0.001825459702580379
2121      0.004865788180540787
11220     0.001620255158401377
3225      0.004003057727379003
6377      0.006318948272715463
11863     0.0014824911813874962
6229      0.002373777604751966
6009      0.001635262137622129
3844      0.0030586536280855347
9589      0.0013856592852516227
1436      0.0023076823148894896
980       0.003218404210689947
2694      0.004153890715213954
324       0.0019034562956529136
3520      0.0023076823148894896
11864     0.0027007306230392796
4470      0.003760842407064165
3641      0.0028620712837724807
4468      0.002188445706673373
12012     0.0017769702460676475
4664      0.003650919405160758
6614      0.002652777807927651
4395      0.0024328116412581312
3736      0.0016252298218439765
8654      0.0031897383385784436
11138     0.0010995199770676195
8247      0.0019380543649236358
8826      0.004865788180540787
6615      0.006318948272715463
10795     0.004441422312233251
6599      0.003310303716910432
698       0.003487913270599884
8388      0.0028620712837724807
