t_index   tf-idf
11770     0.0016532934439805085
5839      0.02590730333049754
11984     0.00586009090774062
9717      0.0028532574097758093
6021      0.0038444071417163637
1527      0.0013392467208294095
3123      0.004319217860429268
4923      0.0036915522316090196
6311      0.001792184252735642
1822      0.0022502054612876994
7123      0.0016349401749908544
3784      0.0029389950475086054
9913      0.0014811412840040601
6743      0.03597434230328586
10343     0.0019240854631455337
12207     0.007346074799901812
9359      0.010798019974778823
7207      0.005504981029097221
6011      0.0035384708112447556
12171     0.0008753510433930855
7447      0.0009955428294389393
2226      0.0016060328392842257
5996      0.001864482054802632
12064     0.0025279748140294694
8261      0.002192497935302922
3340      0.005160184780672187
9556      0.0021566502543224285
8450      0.0012180479349733807
7425      0.0015088729827352717
8136      0.0016818395356095243
8981      0.004928368657591402
9396      0.0033636790712190485
9362      0.004794028579142172
1682      0.001384930783818868
8868      0.002201831928533044
3785      0.009931774809817516
7762      0.014088174888473817
1399      0.0025519406870595056
1444      0.004313300508644857
5963      0.0010549090215861237
11912     0.0007249692784847429
8980      0.0029389950475086054
2133      0.004256208325386824
8259      0.0014076106062157962
1731      0.003461066370917792
7214      0.002378446691062905
6042      0.004678585547031072
4255      0.003423254289390575
5170      0.00512441883660984
10598     0.003151453365958852
7174      0.001955952002716964
4181      0.0035666606763288537
4193      0.0017270212098201396
4417      0.006219198179154651
10544     0.004782687920360657
6215      0.0026170392389030456
1983      0.011792950116923199
2994      0.0038444071417163637
7344      0.0035666606763288537
8476      0.004319217860429268
7497      0.006035144084483101
7771      0.010733463744879003
3692      0.003643065496647733
2606      0.0035666606763288537
10725     0.0022175799110355685
2229      0.002464184328795701
5317      0.0038444071417163637
5710      0.004363451846310913
6038      0.0019137844108443388
7516      0.0014492747444326297
1783      0.004319217860429268
7475      0.001215811490582891
3888      0.0006214382489385571
8315      0.0049390169932740716
4549      0.00256220941830492
7204      0.0013944449238345038
9202      0.0019964477562844857
472       0.0016818395356095243
5954      0.002398896181858438
1879      0.0011056113968005241
7049      0.004492944831561857
338       0.002846180915899237
12084     0.0016811012200986279
6354      0.0021422285201901418
2631      0.0016532934439805085
8925      0.004041471395041758
6896      0.0026461928756443915
6973      0.002249458227909734
6203      0.0021025303350347964
11884     0.0008778241885920873
11063     0.0016463389977580238
5209      0.0033206384382015526
5832      0.0021566502543224285
11412     0.0014644361963674322
5953      0.0015437165281112389
270       0.00281410349222844
8135      0.0021422285201901418
11835     0.00275172975918996
9371      0.0004201252773057958
11138     0.0025025352159441247
3535      0.004201400451350791
11413     0.0026461928756443915
3643      0.0015260758862303025
6079      0.001599539832667771
2339      0.0028216868251121153
5186      0.0009030701874164474
6607      0.002295458227509094
758       0.0007249692784847429
6114      0.001570457019651597
6895      0.010383199112753377
9991      0.0069615728475196
7888      0.0011213469666391956
3565      0.0025669612197299157
10684     0.002660928917245752
6742      0.004041471395041758
3053      0.004041471395041758
1262      0.00256220941830492
9557      0.0019240854631455337
10925     0.0027770670634437037
6361      0.0028395020126776396
4937      0.0010870127773532716
9507      0.001428825253637097
12111     0.0027331798099282894
8822      0.003294752184392195
11995     0.00727241974385152
4347      0.001284077030678666
6360      0.0011715282790451197
2096      0.002441723068362562
5351      0.0022049526950663053
8801      0.0022502054612876994
8920      0.0017040579287934442
3554      0.006342795496088888
10243     0.0012812745327848076
11922     0.002128104162693412
3129      0.0027770670634437037
4165      0.0017670915249212353
10916     0.0036915522316090196
2719      0.0036915522316090196
3261      0.002378446691062905
2803      0.0015377856939262123
8491      0.001118297075436824
3670      0.002398896181858438
9561      0.0021142651653629626
4603      0.002398896181858438
7200      0.0029389950475086054
11836     0.0011749966766790919
2438      0.0017670915249212353
1743      0.0011890485964800683
11936     0.001486599536542714
3243      0.00281410349222844
4794      0.0008578387722865752
9562      0.005228307576967994
3860      0.001955952002716964
226       0.0013261151927787295
8347      0.0032384129163121923
946       0.0027143128450566804
6107      0.0017116271446952875
9314      0.0020873986995920157
12208     0.004395068180805465
10901     0.0014338806793077776
2561      0.0013348415154916017
3250      0.0012330213632601777
6880      0.0034232355223306915
6930      0.0014138790519275112
8874      0.0006881226286371526
12036     0.0018274456260178957
10037     0.004613357081778637
6461      0.012605813463835408
3970      0.002201831928533044
238       0.0035666606763288537
3946      0.006384312488080237
6942      0.0018009259114916334
6723      0.004319217860429268
5069      0.004319217860429268
5844      0.0038444071417163637
671       0.0019036359723500012
8036      0.001486599536542714
9264      0.0041802821180953265
5363      0.0030291257827397863
8959      0.0010541739067892759
1520      0.0010512651675173982
7519      0.002894785704290556
7793      0.0036915522316090196
103       0.002867761358615555
7319      0.003787271383087955
10099     0.0015679670984061194
11125     0.002378446691062905
2164      0.001531905768816996
28        0.0016891658842621482
963       0.006557817786600233
7337      0.0018837793046717355
4358      0.004319217860429268
8904      0.00351777549878314
10110     0.003933824699299316
4137      0.004447699482808872
7256      0.0023430565580902394
10118     0.00202450987934329
10958     0.0005466359619856579
3730      0.0011215055453271284
3524      0.0018457135637936293
4448      0.003037020137017824
5587      0.001531905768816996
10043     0.0016818395356095243
11661     0.004319217860429268
6836      0.004319217860429268
10223     0.001465022726935155
10232     0.003461066370917792
6043      0.005554134126887407
6204      0.0019345437894846712
6588      0.0050878107809715035
6634      0.004319217860429268
6183      0.008638435720858536
12112     0.0021422285201901418
6073      0.0030755713878524247
9220      0.00293004545387031
4664      0.001384930783818868
1720      0.0016463389977580238
4655      0.0026461928756443915
10181     0.0026461928756443915
4758      0.0017670915249212353
4665      0.007017878320546609
3571      0.001580422115513428
12025     0.002894785704290556
3682      0.0019137844108443388
7751      0.004319217860429268
2605      0.0020489770184256993
9365      0.004319217860429268
4667      0.004041471395041758
7922      0.001561823496066176
12093     0.0010284294839706745
11823     0.003787271383087955
2613      0.0005706737641256214
329       0.0015260758862303025
359       0.00336959642300346
2249      0.0010689058093983348
8106      0.005359452971894709
6403      0.000791159344010825
11366     0.00336959642300346
281       0.0035666606763288537
10952     0.01616588558016703
4049      0.0009641629734185304
10145     0.0012217607195056791
927       0.0016125879808791116
2447      0.0015088781527755315
9196      0.0023499933533581837
9563      0.003728964109605264
9747      0.002406789637233101
2795      0.002894785704290556
105       0.0017116271446952875
8876      0.003767558609343471
10907     0.0016060328392842257
5342      0.0047986194980033136
2738      0.0012070288168966204
5142      0.0014188249728310735
10549     0.004313300508644857
2069      0.0029514523603160264
7199      0.0017837998427405165
7747      0.0032167415128961153
7752      0.004319217860429268
7741      0.004319217860429268
10915     0.0035666606763288537
6784      0.0032889142109413447
6462      0.0032167415128961153
8418      0.0014811412840040601
10405     0.002986255652204888
1549      0.001966912349649658
1334      0.0014811412840040601
2221      0.006433483025792231
5307      0.002986255652204888
8408      0.0012964198343252853
10799     0.0025890758840758665
6349      0.0015032402026835786
1713      0.00175888774939157
3430      0.0021713821569314877
704       0.0009982238781422429
8982      0.003151453365958852
1471      0.0036915522316090196
5989      0.0028882097104386477
1295      0.0015679670984061194
1538      0.0027793426721794555
7493      0.0026461928756443915
8187      0.0008216091156123813
12209     0.014694975237543026
9399      0.0017923093567574029
7227      0.0010454844828385254
6397      0.0025363570268409305
11238     0.00128828826385153
10033     0.0021142651653629626
320       0.005228307576967994
339       0.00336959642300346
3592      0.002320524282506533
2261      0.00245849442016108
11290     0.002986255652204888
8695      0.0021566502543224285
6535      0.0019283259468370608
11784     0.0012254937372960688
3873      0.001459733070771767
5347      0.0026766426472459477
6766      0.007631716171457255
11759     0.0038444071417163637
10331     0.004041471395041758
30        0.0038444071417163637
3141      0.004319217860429268
5259      0.0012964198343252853
7790      0.0017753947425747957
7412      0.0018274456260178957
6767      0.0023585900233846395
954       0.004041471395041758
5316      0.003673037399950906
2281      0.001864482054802632
2813      0.0017192809345918365
3385      0.0015679670984061194
4027      0.0023923683026132792
5083      0.00256220941830492
5452      0.0027419307941832114
6648      0.0017837998427405165
6616      0.0022175217202763647
2656      0.0016192064581560962
2682      0.0013944449238345038
8685      0.001459733070771767
6727      0.001858564703018221
1798      0.0011749966766790919
10201     0.0018837793046717355
4283      0.0018184911577344717
7157      0.0029389950475086054
7835      0.009866742632824034
7704      0.0026170392389030456
569       0.001428825253637097
5361      0.0028532574097758093
2175      0.0024874071313520205
11681     0.0014089685859588314
1710      0.0020489770184256993
2357      0.0006695850207302878
2686      0.0013392467208294095
2342      0.0022175799110355685
7424      0.0014703535481518436
8160      0.0016891658842621482
10479     0.003151453365958852
1423      0.003461066370917792
10302     0.004041471395041758
7268      0.004319217860429268
3296      0.002894785704290556
11914     0.0032167415128961153
7270      0.004319217860429268
4286      0.0010689058093983348
621       0.0011784827252676042
330       0.00228446295291741
4966      0.00091724325306332
10769     0.0012759703435297528
4474      0.008082942790083515
7332      0.002201831928533044
3940      0.002398896181858438
4719      0.0038444071417163637
583       0.0023022563447307994
1690      0.0020873986995920157
4305      0.001531905768816996
7733      0.008638435720858536
5348      0.004319217860429268
3419      0.0009415368298291619
11551     0.004041471395041758
3500      0.002074350551380675
8800      0.0016125879808791116
