t_index   tf-idf
5963      0.002316901800296544
3321      0.0022779114912071996
12171     0.0025633836559409524
11953     0.004527096704684786
1052      0.005574619891315939
1942      0.021008481349944503
11835     0.00402909161045366
10035     0.00437248518128845
3565      0.0025057019450481395
2499      0.009631277643126155
2008      0.007503190629123876
11220     0.003599735478942551
8326      0.004066190573263991
571       0.004177748724706381
6123      0.004709963323732419
11592     0.003965807908642535
362       0.0046143682078935615
4789      0.007503190629123876
7123      0.0011969423452011568
9500      0.0012214067181744227
158       0.005150738259188247
8262      0.004418608539767607
226       0.001941702152936985
10177     0.003874564164338439
9492      0.0025634992920596867
9583      0.0016903419890598713
201       0.0025873811242495687
1607      0.0017943718924843133
10457     0.006324212756379113
4566      0.006191427782171447
10522     0.005100817979831282
6930      0.008280825117062744
4049      0.005646922172261878
8259      0.006183084002361303
11412     0.0010721161068094134
10243     0.000625348771197512
2656      0.0023708473313417207
6022      0.005192005827807985
7207      0.0050377568886368915
11970     0.00752059896027967
4970      0.005289113153090325
9979      0.004527096704684786
2376      0.00836192983697391
10478     0.003751595314561938
12191     0.0074852613869864455
7981      0.0028962685546544344
11995     0.0042593202010178886
3314      0.010810365426513249
9274      0.014038864291806638
9325      0.014038864291806638
11110     0.002716146094816816
9729      0.0024310447688450166
11158     0.0025873811242495687
10501     0.004925109771715651
6989      0.002946944934848005
8157      0.0022868270127158327
6102      0.004213899865179351
1726      0.0020347612634662527
587       0.005432851829603911
5935      0.014038864291806638
6161      0.0019166261076986287
10351     0.0056043386442277635
102       0.002217627882513885
10385     0.001827807974167045
4439      0.0028172521561992342
11409     0.0029128472720380914
10537     0.005222316094208992
6958      0.009228736415787123
8218      0.004066190573263991
11238     0.0012575438941984142
1572      0.004821149767106638
6303      0.003874564164338439
9789      0.007581866561219859
7049      0.0021928614497384274
9921      0.003319524544684006
7217      0.0011382712602725313
2613      0.0025067471117019213
2660      0.002410574883553319
1853      0.006324212756379113
8874      0.003022654133182135
3715      0.004238554587806496
9930      0.0016659371459893202
1419      0.0054051827132566245
11189     0.003965807908642535
11001     0.002757202540931587
2096      0.0035751788114130817
7447      0.001457677029709671
2463      0.002342051394714473
2063      0.0014230213515919843
1848      0.006324212756379113
3888      0.0009099118933650006
8304      0.0029468501746263277
1880      0.005432292189633632
1758      0.007019432145903319
6909      0.004066190573263991
8267      0.003453455138165962
3443      0.008132381146527982
4111      0.002226021149615719
10958     0.000800386142953596
4641      0.0075928884523069826
9264      0.003264417383060739
9538      0.002929704636337166
4849      0.0087891139090115
9099      0.0031577742753820318
10119     0.0027024997677717343
11435     0.007019432145903319
1211      0.003751595314561938
1259      0.004177748724706381
8646      0.0031793447748142334
7222      0.0029468501746263277
3852      0.002879959421888876
78        0.002176683847963235
5170      0.003751595314561938
10486     0.003344918041916023
1451      0.004821149767106638
11867     0.004821149767106638
10684     0.0019480703620482758
9747      0.003524029168604586
10901     0.002099492726746261
5302      0.002495087128995482
7204      0.004083501532152773
474       0.004446814704086144
7475      0.004153788602930616
7175      0.0025873811242495687
621       0.0017255382166735823
11958     0.0017002726599437605
9898      0.0049337739773307005
8615      0.0028639112464724143
3569      0.0025634992920596867
11912     0.0010615023615688846
7425      0.002209296699894139
8917      0.012382855564342894
6114      0.002299468245864001
9090      0.0026890366184398086
3736      0.0018053938667597059
12066     0.0032947581119085485
7424      0.0021528964192338773
3250      0.0018053938667597059
7597      0.0018392057055192671
25        0.002351558475995841
8506      0.005727822492944829
953       0.0019609293787663873
2685      0.0022093042698838037
4451      0.0031366579256363737
7753      0.012475435644977408
10434     0.003370971183739785
11884     0.0012853130151671672
8320      0.002400494501561517
4648      0.00674194236747957
5335      0.003425200042514665
8256      0.0028962685546544344
6610      0.0054051827132566245
8698      0.0032947581119085485
4193      0.0025287100393209436
496       0.004238554587806496
6203      0.003078531714577508
6166      0.003237679563840796
12093     0.0015058297756060223
11784     0.0017943718924843133
4165      0.005174762248499137
1882      0.004709963323732419
8928      0.0029642939110938703
11423     0.00437248518128845
4322      0.005414279714818471
12082     0.0024841253852900275
10029     0.004238554587806496
329       0.004468970493625921
6811      0.007019432145903319
9371      0.002460595157615469
7888      0.003283759708310624
2876      0.0021528964192338773
2082      0.0025173767033053684
7423      0.004238554587806496
7692      0.007216133323124594
3449      0.0020920905561337636
9551      0.0024519411406172965
4397      0.0016756279418175144
2024      0.0032013893889163824
9589      0.001539265857288754
4128      0.005917535483733197
11927     0.0014895206428404638
8261      0.0016051312828892065
8365      0.005917535483733197
6182      0.002400494501561517
8901      0.002410574883553319
6132      0.001941702152936985
1892      0.005917535483733197
9627      0.003642069564150534
8155      0.0037909332806099296
7987      0.003453455138165962
708       0.014038864291806638
10030     0.009347930987165982
10059     0.0030957138910857234
9791      0.002114462998173329
9720      0.0031793447748142334
4739      0.003351255883635029
6882      0.0022603147316917448
4421      0.004303286051086503
9319      0.00383187731516058
7364      0.007019432145903319
12031     0.003370971183739785
2339      0.0010328807431415018
10317     0.0021710864182960333
4930      0.0029468501746263277
9581      0.0017673354963336197
10848     0.002243021379745902
9744      0.003642069564150534
4073      0.0013931904668253606
10674     0.0021528964192338773
1668      0.0025873811242495687
6687      0.005067704570812657
5698      0.005628993366854907
6544      0.007019432145903319
6344      0.007019432145903319
7988      0.003115976995721994
7734      0.00766375463032116
7872      0.005628993366854907
2605      0.0090003563257406
9794      0.005067704570812657
9837      0.014038864291806638
3887      0.0046143682078935615
6950      0.002848115808758083
8871      0.004014743934208212
4412      0.0021069499325896755
10259     0.004014560756495056
4906      0.002467732752222777
5033      0.0027024997677717343
7576      0.007019432145903319
6871      0.002304899385722661
1777      0.008355497449412762
9907      0.003608066661562297
2715      0.014038864291806638
8948      0.007019432145903319
3735      0.006324212756379113
10343     0.0028172521561992342
11433     0.007019432145903319
2347      0.003919148818369355
10223     0.00214509101357249
580       0.0017514567019131862
8654      0.003543335198282289
12045     0.0020558776132119103
3603      0.0037137421593929558
10345     0.0018334906497967374
10232     0.005067704570812657
4871      0.0024519411406172965
5507      0.005917535483733197
9406      0.007019432145903319
8405      0.005917535483733197
11966     0.005917535483733197
11542     0.004527096704684786
4480      0.003543335198282289
11549     0.001272201853754487
4931      0.007019432145903319
116       0.002848115808758083
7754      0.0029128472720380914
6079      0.002342051394714473
4047      0.0032705885191183295
7160      0.003608066661562297
2746      0.007019432145903319
6535      0.0014117305430654695
10068     0.00218474003236467
7769      0.0015224084929896793
9507      0.0020920905561337636
346       0.0024732821492429607
10390     0.003608066661562297
8687      0.005222316094208992
7153      0.0022603147316917448
6777      0.002269074521569664
8718      0.0025873811242495687
9717      0.004177748724706381
4344      0.003642069564150534
7922      0.0022868270127158327
3656      0.0026757517942155792
8773      0.004446814704086144
11863     0.0016468320051902673
9942      0.003425200042514665
500       0.004238554587806496
4035      0.004815638821563078
1017      0.002226021149615719
12005     0.0020417507660763865
5524      0.004303286051086503
3209      0.003919148818369355
1363      0.004120419432038871
780       0.00437248518128845
8957      0.0037909332806099296
1936      0.003919148818369355
758       0.0010615023615688846
8028      0.0016234512363224192
1508      0.0010855432091480166
