t_index   tf-idf
6616      0.021967324541487736
4074      0.04011060198448893
9504      0.039190133880167816
6400      0.09498169122425429
7321      0.11004128238895676
922       0.04837663829193326
9481      0.05735294176625664
4510      0.05653016243118322
3857      0.023142532586450954
8091      0.04768451968768081
4125      0.06676012913075605
337       0.025767820972763728
1668      0.03501050083750198
1047      0.045260922254676185
12012     0.026710084011204324
1581      0.041888878588753696
1709      0.05653016243118322
11265     0.07066446464976542
1508      0.0146887565487841
6073      0.060934758121826166
4978      0.02956226356293444
3449      0.028308600337684987
9264      0.005521455964317578
10223     0.029025762777402757
338       0.011277991879250727
149       0.03812094323857089
5663      0.04928175378991191
1921      0.0518500899207666
6978      0.06373169122425429
