t_index   tf-idf
4073      0.006486574969197647
9596      0.0190779736514641
3520      0.023870864375523538
10833     0.022541678354486935
8299      0.0190779736514641
5281      0.015340110348993567
8101      0.030670032612790783
2520      0.036928920955746625
3844      0.03163897623890628
2082      0.011720689382056178
10503     0.009987359235235358
6880      0.0077789653088088115
2052      0.017840891155532595
2958      0.01581948811945314
6166      0.00753717876958637
11083     0.020703986740530114
7759      0.014604009481726344
8822      0.005615249690603902
11238     0.005855016195568961
3521      0.017121033202515245
10317     0.010108391603464328
5953      0.01052383095508092
9371      0.0028640798474395116
3774      0.010605759953685134
201       0.012046623944086702
6458      0.011935432187761769
6642      0.02297122722778703
5142      0.009672419707256998
8408      0.008837958870561623
6151      0.017121033202515245
10455     0.031147301336551355
6215      0.017840891155532595
564       0.019689515660409707
3674      0.018464460477873312
2579      0.011038461230870593
3696      0.010731413269009808
4772      0.01649746388017453
5799      0.0069539480206072205
876       0.008228562042069435
11521     0.016798848004908332
5363      0.010325084657295832
103       0.009775057534205711
10971     0.013640452769182722
6182      0.011176495905119753
8901      0.01122342929654395
10568     0.013484777249090002
10910     0.005530852818702065
4162      0.012646142570491199
3173      0.013188180242293351
9723      0.014141271500810196
1682      0.00944135609614153
4074      0.013801497457028451
5968      0.008105987206111435
4263      0.010948653979636552
6387      0.007711772305830301
3759      0.02297122722778703
9739      0.012397025741974788
1789      0.02297122722778703
872       0.01918431843089066
5299      0.010171961656063464
6848      0.01945123868599853
4906      0.005744775708131518
9600      0.006935079982257214
4966      0.0062530346499155365
7475      0.002762811774299473
3368      0.01621435701219228
5274      0.00901093542855576
10243     0.0029115700852529324
2651      0.012277279869738663
10578     0.00953898682573205
9075      0.01945123868599853
10153     0.013640452769182722
4397      0.007801579557064342
10351     0.013046659316938826
7150      0.008405758540934977
2558      0.01581948811945314
1845      0.013408843329869715
3563      0.013334124405618876
5759      0.0043541596668323175
7425      0.005143147693839583
