t_index   tf-idf
4305      0.005614036170115465
9055      0.009697608573170775
313       0.006832841749970339
9034      0.011330825856234175
9581      0.03096412652824972
12171     0.011227768585487033
5753      0.008948279915270892
1434      0.01234869440568898
2787      0.006568347584879731
3777      0.014088752184093495
9756      0.014088752184093495
2024      0.008012726042779153
1137      0.008716388451640935
11238     0.004721241383132196
6616      0.008126640292804712
9075      0.031369338690136354
10153     0.0073327289452831965
4397      0.004193912709866958
10351     0.007013522060550929
7786      0.023577041840186556
6900      0.007010922870540247
5968      0.0043575538160021
11069     0.014810941413043205
4412      0.005273464282146413
1648      0.00795755079476626
8590      0.010177228429036463
4626      0.010770652370638473
5275      0.0071680553163153485
1800      0.007903562203701848
921       0.006599925016680322
755       0.021887700387258947
9264      0.0010213097737466039
5246      0.01234869440568898
12111     0.002003278612132411
10345     0.004589025730416111
2437      0.008437170650631947
6648      0.0065371624294652455
6950      0.007128521070475432
4910      0.009697608573170775
9683      0.009809199065629657
6973      0.004121839643048472
3730      0.00411002610252832
10496     0.006110652521020629
1350      0.007798948203165452
564       0.01587680598050378
6036      0.008371962497974785
4082      0.012053015085183886
9869      0.014810941413043205
6668      0.008012726042779153
9101      0.02121727325456893
6102      0.010546928564292827
9551      0.00613693938663173
1560      0.004844028871998182
7030      0.01529954653805015
2270      0.010976982748401608
7837      0.00795755079476626
6387      0.0041456348233654215
5759      0.002340675427834714
11995     0.0106606106765361
2339      0.002585187062313701
2036      0.00886857884887995
5323      0.011549256844034173
9739      0.006664297075165636
4739      0.008387825419733916
5033      0.006764060112399774
1520      0.0038526133884741647
4906      0.0092646960842121
6976      0.011788520920093278
2877      0.004370594742616113
4234      0.013070883634638689
3957      0.008437170650631947
5958      0.008716388451640935
4698      0.010177228429036463
204       0.03399247756870252
9608      0.021541304741276947
628       0.018407584830449915
8599      0.02469738881137796
10910     0.002973233018146196
12063     0.011723794842905975
9849      0.004690909910765685
10563     0.007649773269025075
10943     0.0059584621237816155
11679     0.005909715490620559
6166      0.0040517781824944065
7150      0.004518702568248281
11414     0.007089599783429373
10833     0.006058890424760938
11024     0.004074915422111018
6459      0.008791330516174853
1902      0.007903562203701848
7814      0.007508967801629441
7037      0.009925981644174669
2626      0.007601955199857503
11897     0.00673036332823374
3461      0.007013522060550929
7447      0.003648405513666402
12062     0.014498084210004277
5802      0.004891846941165754
9824      0.0029286690184025395
4838      0.004169657712216044
9411      0.007555030978920049
8450      0.004463828848399557
5792      0.013070883634638689
10916     0.013528578698497794
2376      0.006976330673236421
8003      0.017568867740902525
2524      0.005657319530766042
7260      0.01582880996249801
3093      0.008643618929629258
7209      0.009925981644174669
9078      0.015017935603258882
4960      0.006939682245311455
9370      0.0059831950600780035
9740      0.010312957306779369
8276      0.008948279915270892
10578     0.005127894651983125
3137      0.005679244322772627
4895      0.012053015085183886
697       0.010312957306779369
539       0.004450295809007057
5601      0.00812685354680087
4237      0.01939521714634155
10192     0.012053015085183886
6700      0.011549256844034173
6273      0.03513773548180505
11930     0.004844028871998182
3173      0.007089599783429373
4263      0.005885692601769937
774       0.008371962497974785
2918      0.00673036332823374
1889      0.0053689272189415506
9527      0.008246417702060124
2686      0.00490799087286616
