t_index   tf-idf
5532      0.004142318821038427
1565      0.06318279676609939
5969      0.0037426197887017614
12012     0.005072538209842958
6311      0.001685823169487236
3790      0.0057420303375074885
6114      0.0014772548226396327
5752      0.006051673944142841
11681     0.005301401089008303
11196     0.0048935921135218954
6885      0.00455271258414312
9524      0.03708707096632581
699       0.010522981804850463
7488      0.008903285242520393
927       0.0030337708601701984
4439      0.01447917131910111
9875      0.015145235912322847
9534      0.0058167147570579005
9488      0.01185259452364299
10958     0.004113557268829758
9824      0.0030068827310601744
7475      0.0007624376706523768
1011      0.0030714918260934558
6511      0.017719823132965586
8048      0.010945315412704722
9264      0.004194340435802077
5764      0.0029042026077819747
8830      0.004771662774531602
7447      0.0018729203378762243
2613      0.0010736117698980534
6232      0.007685366707303762
3154      0.004513056911864243
3888      0.002338230562771782
9589      0.013844257606653452
3797      0.007239585659550555
953       0.005039064813091072
8566      0.008359438344735083
10974     0.009359146120339354
9504      0.014885273402556323
4074      0.0076174437003183725
12064     0.004755893270310634
10978     0.003977578975786701
6231      0.00740072658562542
6485      0.00426514577996491
4859      0.00853029155992982
9533      0.009271767741581453
8640      0.0024157413574192117
5963      0.003969212579736513
12171     0.0024702042797235145
6229      0.003388092070877435
3570      0.004113357879527577
1718      0.003854752016860218
6130      0.0042333242209388776
2608      0.008284637642076854
7227      0.0019668758519870186
7494      0.0034550529845235526
12020     0.0032786815072183067
7256      0.0022040027564231633
438       0.0050955336036861065
5842      0.005035582903127392
10882     0.002027858344163248
11867     0.003097266838512128
8481      0.004820299024348129
2112      0.0030337708601701984
11910     0.00469697835498119
11027     0.004597010659742437
9566      0.004593627374901675
12005     0.005246754194131011
11643     0.004400924683705786
10673     0.0029918100838775465
348       0.0053678492516257064
2006      0.005445976666232084
6816      0.002527873585577668
3857      0.006592531537980094
3321      0.008780436282131016
4073      0.0017900637155352556
6616      0.0020859180573519513
10885     0.005283056418520815
4664      0.002605478091813538
11060     0.007904118356547186
3500      0.003902487387463941
944       0.010044979475628197
6336      0.0056180595949492556
7321      0.005224511923511301
3357      0.00455271258414312
9160      0.002926812094043672
9481      0.005445976666232084
4510      0.010735698503251413
4579      0.0053678492516257064
5861      0.005445976666232084
6427      0.004771662774531602
9259      0.004679573060169677
7941      0.004331247841422335
9307      0.004635883870790726
3251      0.0022707901184345915
11469     0.0058167147570579005
1590      0.004679573060169677
6978      0.006051673944142841
12183     0.004771662774531602
5663      0.004679573060169677
3692      0.002284573219460596
574       0.0053678492516257064
1921      0.004923450674968935
3425      0.0052941887657947505
6403      0.0014884125344298608
12125     0.006187452847883717
8166      0.00812576891249898
7217      0.0014625265747715316
2157      0.003581321087447777
916       0.0056180595949492556
3565      0.0032194924101063634
8174      0.003977578975786701
11052     0.00812576891249898
10455     0.004297773033084979
8686      0.0026233770970655055
11918     0.0056180595949492556
2340      0.003878398692442637
10345     0.0023557906568604965
9942      0.004400924683705786
2164      0.002881982959732865
2150      0.002669243420697035
6989      0.0018932153661560625
5157      0.007528558501685418
6233      0.005453057495372625
4677      0.006527565973635126
12084     0.0015813326016951485
7692      0.004635883870790726
10913     0.006944938026231806
6033      0.001908649175312762
12063     0.003009223305374976
11057     0.004085033494049149
9600      0.00191383512863478
6678      0.004437228708682082
3185      0.0042333242209388776
7922      0.002938267348682361
8315      0.003097266838512128
3762      0.003437983759333371
10278     0.006944938026231806
1980      0.005529147952879692
8932      0.002596620959619288
8749      0.004400924683705786
2242      0.005158409862053875
2366      0.004473927656785539
10797     0.008595546066169957
10054     0.003902487387463941
3993      0.002091870528264707
4665      0.004400924683705786
4111      0.002860139934075983
8802      0.0058167147570579005
3903      0.002027858344163248
8276      0.004593627374901675
6588      0.0023929317768070723
9057      0.006051673944142841
2603      0.00455271258414312
4124      0.003543964626593117
7449      0.006187452847883717
10416     0.0053678492516257064
7979      0.004635883870790726
3898      0.004771662774531602
6536      0.004297773033084979
4322      0.001739156614626408
758       0.004091666372931695
808       0.004635883870790726
4873      0.0028710151687537443
1017      0.005720279868151966
5727      0.003679743530333992
6973      0.002115959223286011
2675      0.003878398692442637
4516      0.0058167147570579005
2301      0.004474585169536742
10659     0.005529147952879692
11005     0.003371881697875945
2803      0.002893044895991747
6718      0.006511323677038221
11901     0.00403018659287997
11024     0.002091870528264707
6009      0.002334009163787074
2202      0.004771662774531602
4225      0.0076174437003183725
1955      0.003715812196408815
9364      0.003543964626593117
9596      0.002632420696715373
8091      0.004527906913963756
10798     0.0052941887657947505
11930     0.0024866973141118268
2829      0.0058167147570579005
5186      0.0016989510350802009
11238     0.0008078879913767261
9739      0.006842275335333266
488       0.0022170861953105673
11648     0.006511323677038221
3116      0.004085033494049149
3766      0.004679573060169677
3720      0.003581321087447777
10912     0.005445976666232084
8525      0.004679573060169677
423       0.004085033494049149
3165      0.004978297576138113
11851     0.0029732570363071617
1709      0.0053678492516257064
11265     0.006709978839146865
11835     0.001725614903389154
2524      0.0029042026077819747
3516      0.004057318282612522
3616      0.0035256847788043377
1349      0.0032058537888873698
9029      0.0021846233286517756
85        0.004771662774531602
3085      0.004202269521597142
878       0.005445976666232084
4966      0.001725614903389154
6777      0.0029154577680702213
4498      0.006944938026231806
1121      0.004202269521597142
5775      0.0063392407483210495
1682      0.002605478091813538
2463      0.003009223305374976
6246      0.003977578975786701
1522      0.004820299024348129
6646      0.004142318821038427
6950      0.0036594485020541544
1360      0.0034898850417082535
4906      0.0015853535336980155
3962      0.004202269521597142
