t_index   tf-idf
7769      0.0027239788324980624
10485     0.002467595204879918
5963      0.002072765453571082
6777      0.0020299778261150094
1043      0.0027695126339671865
7753      0.02678610066582753
8259      0.002458471416916845
1942      0.01002388145953275
6432      0.0103988819204042
9006      0.06854250918790372
2084      0.004128143458714695
11076     0.004128143458714695
3557      0.004533710907359257
8372      0.003142355742351756
12171     0.0011466375237835047
8685      0.0057363890508427716
6076      0.021438658152960532
10544     0.005011940729766375
3137      0.004059955652230019
8111      0.0029259603900376793
3860      0.0025621354746333787
7426      0.0021318126612764852
1745      0.009671256672893052
7525      0.00396790443441534
4348      0.0020221410719473668
6900      0.0025059703648831876
9359      0.004714837922871745
10440     0.002969739933570609
5989      0.003783316025657237
3430      0.002844331172509428
3312      0.004786626389089608
7400      0.005182166463493265
9492      0.004586756997776217
5256      0.004413892835091309
7888      0.0022033077794914777
2357      0.0017542020791033162
3554      0.005539025267934373
5435      0.017009584325185474
6150      0.002174880960557629
12137     0.020633082308253742
11238     0.0011250341036940358
11732     0.0033914754349258255
5434      0.005650067195208346
9992      0.003115568599450169
5551      0.004050067919687009
7964      0.005035855636049948
5186      0.003548841934847279
9614      0.006279781237967226
9659      0.012559562475934451
1457      0.00540091057583954
4739      0.004497191521530891
5330      0.0041240555124707114
564       0.003783316025657237
12247     0.006279781237967226
6594      0.010587987043208574
6388      0.002262255055838778
2920      0.006389342649261691
7966      0.012559562475934451
4049      0.007577842873727458
6538      0.009683633457374843
1879      0.0014482595569659759
9600      0.001332567021384134
7044      0.004533710907359257
5587      0.002006669953367718
11995     0.001905253767604076
2752      0.01955874053200309
116       0.005096008864430785
9505      0.002222368371550789
7552      0.0015437149748340107
4070      0.017655571340365234
9820      0.002844331172509428
673       0.011315636874017173
4287      0.005657818437008587
666       0.0038498406200835867
8888      0.005335645008966681
9550      0.001839245881241234
2919      0.002969739933570609
2651      0.0023590641072018504
10910     0.0010627465126844876
5996      0.01953853921892345
8876      0.002467595204879918
496       0.015167720136530682
6361      0.002479675311346589
6623      0.0030396950312172356
2259      0.006279781237967226
3402      0.004308205805241348
5313      0.002442317402365431
7963      0.005293993521604287
10496     0.0021841795168110927
9371      0.001100658784346589
3425      0.003686243004282709
3625      0.0029048464123895674
10620     0.0033914754349258255
10082     0.003591702734529248
4906      0.0011038515306946925
1101      0.0026678225044833403
8898      0.003637728343436587
3785      0.0037170869122929782
8373      0.01036433292698653
4648      0.003015765542477948
7529      0.002844331172509428
2686      0.0017543025227393506
2508      0.0027343197841763183
3993      0.0014565296860024923
11389     0.003737531400408808
10377     0.003591702734529248
2088      0.002037883627464292
7174      0.005124270949266757
7780      0.005895166373786783
8006      0.005293993521604287
4475      0.007372486008565418
6166      0.0014482595569659759
9824      0.002093635290015039
3931      0.002442317402365431
11412     0.0019182903894565126
10243     0.0011189091649938955
5387      0.0012268799915341729
7437      0.0028061423177697313
11075     0.004884634804730862
105       0.002242090102762009
6028      0.001954529822342773
5215      0.002825033597604173
2346      0.00234777713261197
10732     0.0029475831868933915
3562      0.003911748106400618
8525      0.0032582977712338453
11722     0.0031984554242600505
9314      0.0027343197841763183
5400      0.003686243004282709
7180      0.003015765542477948
6387      0.0014818074885169792
1880      0.002429940617883639
10901     0.0018782651873577088
1520      0.0013770704880289887
4451      0.008418426953309193
6616      0.004357155280956245
3357      0.0031699672331740314
1743      0.004672666178729525
4112      0.0035061806577560556
8959      0.0027617613921669458
9264      0.0029204395183167354
9081      0.0022321750554856272
3869      0.021175974086417148
6401      0.008427331070975774
3885      0.0031699672331740314
8016      0.006279781237967226
6431      0.006279781237967226
9184      0.006279781237967226
387       0.004835628336446526
12058     0.005035855636049948
10740     0.0019914610698008395
5463      0.003591702734529248
8504      0.01651257383485878
1798      0.0015391485392862484
10201     0.002467595204879918
11675     0.0022321750554856272
4406      0.002520392941393117
2344      0.0034281051187283703
5698      0.005035855636049948
949       0.006279781237967226
11863     0.0014733021864615408
3160      0.003737531400408808
4703      0.0037919300341326704
2447      0.0019765056794621635
9185      0.004213665535487887
4346      0.004050067919687009
675       0.005272669940550413
3888      0.0008140327475765399
12082     0.002222368371550789
11558     0.002992457669730657
9160      0.002037883627464292
5299      0.001954529822342773
5659      0.0021297808830872305
2762      0.00162012730180337
8640      0.0016820347881204014
7425      0.0009882494535683494
6930      0.0018520647085166159
6022      0.0015483047682099567
9714      0.0029048464123895674
49        0.0029048464123895674
3907      0.006279781237967226
75        0.0018141448697131452
7475      0.0010617417149167397
7922      0.0020458597035247017
12084     0.0022021036643440706
7948      0.0037919300341326704
545       0.002864052903720648
8679      0.006279781237967226
11448     0.005657818437008587
8760      0.002037883627464292
11423     0.003911748106400618
6033      0.0013289561406619852
8261      0.0014359955485351787
11884     0.0011498771396020319
8908      0.003089558005838557
2262      0.003115568599450169
10522     0.0015211116978422485
7926      0.003322418088878409
3330      0.0034281051187283703
8743      0.005241992179892533
8491      0.0014648767475763356
1508      0.002913472373312549
967       0.0011860150159663614
2272      0.003322418088878409
2439      0.0021037702894756184
5661      0.004050067919687009
8346      0.003591702734529248
4172      0.002442317402365431
8559      0.0038498406200835867
2738      0.0015811079956868953
7771      0.0015622167158524537
338       0.0007456523556529407
11970     0.0016820347881204014
4970      0.0011829473116157596
621       0.0015437149748340107
5033      0.004835464460517194
10145     0.0032008111411843004
6880      0.001494718540742189
5395      0.0037301386447096295
10563     0.0027343197841763183
11196     0.0017036575849761143
4864      0.00825628691742939
7207      0.0009013837738759396
4977      0.003911748106400618
9178      0.011315636874017173
6210      0.0028719910970703573
4665      0.00306428020332407
1802      0.002480506257105128
2365      0.002576492623301412
25        0.0021037702894756184
3768      0.002787640576751288
6403      0.0020727067111688557
4838      0.0014903941822590407
6079      0.0020952649874201794
3616      0.0024548672943327725
2456      0.002825033597604173
7808      0.003737531400408808
5142      0.0018585434561464891
8304      0.0026363349702752067
5223      0.003089558005838557
6009      0.0016251262152814957
5436      0.001720223642860098
10958     0.0007160479336754279
12151     0.006279781237967226
7169      0.006279781237967226
3859      0.0029475831868933915
6766      0.0016661529107107093
2603      0.006339934466348063
7348      0.012063062169911792
6945      0.012559562475934451
634       0.00239380274151931
6663      0.004050067919687009
4794      0.0011236978959291088
8893      0.0020299778261150094
3556      0.0034281051187283703
5548      0.004835628336446526
3426      0.002844331172509428
4397      0.0014990638405102971
3771      0.003911748106400618
672       0.0025480044322153924
728       0.005657818437008587
753       0.005657818437008587
10763     0.010071711272099895
727       0.010071711272099895
5309      0.0037919300341326704
8306      0.004308205805241348
3443      0.003637728343436587
1955      0.0012936247006092672
10099     0.002053907314854297
4140      0.004672030720645648
5764      0.0020221410719473668
9930      0.0014903941822590407
8678      0.003737531400408808
10848     0.002006669953367718
232       0.0016454051043178568
2151      0.006279781237967226
1122      0.004413892835091309
2362      0.002969739933570609
9713      0.006279781237967226
5902      0.006279781237967226
12132     0.004128143458714695
2339      0.0018480882718192987
8906      0.006339934466348063
2988      0.005293993521604287
4330      0.007372486008565418
6311      0.0011738066283413192
5593      0.004050067919687009
4618      0.005657818437008587
4286      0.001400178270988728
9612      0.005657818437008587
12226     0.005657818437008587
4953      0.004524510111677556
89        0.0026839905571939947
110       0.002006669953367718
8773      0.0039782453860935955
