t_index   tf-idf
9596      0.005291008597175431
3520      0.0022067498875981
2270      0.016989226778589765
10833     0.010419364249340382
8048      0.0036665718629040663
6237      0.0038279736915890657
1842      0.0063938383897302175
7046      0.011483921074767199
2398      0.004247165272731995
7904      0.002567049885029695
6361      0.0011930048217611818
6210      0.004145259515851052
5285      0.0062119000574810115
4380      0.002924875536996306
3776      0.001984138039797042
5727      0.007396065028166334
6946      0.0027558680027848777
4833      0.005094021599317046
7847      0.0039371614175187095
11066     0.003891516019175051
10910     0.002045206012482274
11912     0.0009137783748694373
6020      0.004289867791640655
7475      0.0010216361630610376
6616      0.009782665402173466
671       0.00479882785872724
1039      0.00969126889800467
10434     0.0058036998908919555
9588      0.002879422489363097
941       0.0060425728015430155
9600      0.0038466944633196074
8901      0.006225321617764933
5149      0.0035470012208207373
5801      0.0036486960964616545
9452      0.0060425728015430155
4129      0.0031655190613000352
2008      0.003229504515318726
9723      0.0026145889653585446
3565      0.0010784979544789706
3801      0.00224836799263914
9256      0.002582607216067382
3449      0.0018009447530932794
3170      0.0038279736915890657
2573      0.003972209610373582
539       0.003061237276175828
7257      0.005094021599317046
4739      0.0014424391626381384
11823     0.002386809201667757
7797      0.001775916666993835
7552      0.0029708073471954714
5446      0.0060425728015430155
12087     0.0017697713847331157
6848      0.0035963522819043
4906      0.005310776748073869
7759      0.021601159153885482
11238     0.002706344464154639
2973      0.004145470397091078
3237      0.005444103625272675
4610      0.014001276486865272
12073     0.007527976475140751
8101      0.002835301225635728
9610      0.004652970407236816
1052      0.00239941392936362
10518     0.012085145603086031
10108     0.005550542515665804
11927     0.0012822314877732023
1496      0.004054501230966475
8659      0.0020664296603899344
4763      0.005444103625272675
9264      0.004566452646433623
11884     0.0022128848332699136
5286      0.0060425728015430155
8651      0.002326406360725966
8814      0.0063938383897302175
11864     0.002582607216067382
10563     0.0026310353390483856
6605      0.005094021599317046
12045     0.0017697713847331157
581       0.0060425728015430155
10582     0.0029485320445503975
8000      0.0036486960964616545
2088      0.001960905915890094
10958     0.0041340023844800055
1047      0.002879422489363097
6402      0.0031969191948651087
10072     0.003500319121716318
4871      0.0021107167274101177
3419      0.0023734964219152624
6880      0.0014382579994417879
3903      0.002717249550628288
4073      0.0023986142033215947
586       0.0019920231038479392
3844      0.002924875536996306
5759      0.0024151303122191183
6956      0.014001276486865272
1981      0.00849433054546399
6948      0.008290940794182156
8615      0.0024653550093887778
10566     0.005995766211267919
5989      0.0018202037340140185
7425      0.003803679805384343
8028      0.0013975236288819234
10568     0.002493209312456004
8822      0.001038207199256785
5953      0.0019457580095875256
11196     0.00655721885589216
10243     0.0021532884129504782
3785      0.0035766800507948332
8447      0.005897064089100795
10903     0.003364968273644833
6009      0.003127479475929399
11592     0.013655624846458988
11549     0.0010951558701306021
6816      0.0016936250464009422
4069      0.003975161726874933
5         0.002879422489363097
2052      0.013194456282024102
10166     0.0063310381226000705
6233      0.0018267200556069327
704       0.006290993426860656
1766      0.005715125756851589
4960      0.002386809201667757
2236      0.002736891227623386
3206      0.005444103625272675
780       0.0037639882375703755
6422      0.004247165272731995
2051      0.0036486960964616545
3874      0.0038970832467763662
1743      0.004496163877743718
2990      0.0030502269201913143
2520      0.003413906211614747
3637      0.004845634449002335
11098     0.0031969191948651087
2339      0.0008891398842550104
3692      0.001530618638087914
2637      0.002843465860351668
7875      0.003500319121716318
7030      0.005262070678096771
9890      0.0038970832467763662
8102      0.0037639882375703755
4895      0.008290940794182156
10153     0.007565976784496976
4397      0.004327317487914416
10351     0.009648821602189349
2613      0.00287719416664528
1349      0.004295716607773533
8299      0.005291008597175431
338       0.0021524596827198206
7816      0.0034560320546961347
11166     0.004652970407236816
2402      0.0022067498875981
11220     0.0015493891276164259
5164      0.004845634449002335
10971     0.005043984522997984
4162      0.007014460789596509
9202      0.002516397370744262
7814      0.002582607216067382
7037      0.003413906211614747
12171     0.0011033251719904894
7447      0.0012548193913802933
8602      0.0037639882375703755
564       0.0018202037340140185
9077      0.003500319121716318
3093      0.002972855019534516
7209      0.003413906211614747
967       0.003423645731974466
11897     0.004629633621409292
5186      0.001138263417141208
628       0.0063310381226000705
9025      0.0034560320546961347
9740      0.0035470012208207373
6535      0.0012152670480066565
1412      0.010188043198634093
11663     0.00849433054546399
10773     0.004362457413840716
2355      0.002972855019534516
11337     0.005444103625272675
5734      0.004495552423046706
3121      0.005444103625272675
5387      0.0011805366121322854
9026      0.0060425728015430155
384       0.0015493891276164259
11339     0.002582607216067382
6033      0.001278757002147914
1295      0.001976324334770337
737       0.0016236533758022939
4518      0.004509619625085015
10881     0.0016236533758022939
5299      0.005642101992130629
7922      0.0039371614175187095
7337      0.002374385843264175
5958      0.0029978831056339597
4698      0.010500957365148954
3730      0.0028271750128723632
2242      0.0034560320546961347
2949      0.0038970832467763662
1619      0.0032986140705060256
9160      0.001960905915890094
381       0.0033737404341032417
8536      0.0023500628682800568
6580      0.002138422051353045
5777      0.0038970832467763662
8684      0.004362457413840716
8686      0.0035152210008392655
8433      0.0033737404341032417
2761      0.003413906211614747
693       0.004845634449002335
6458      0.0022067498875981
6642      0.00849433054546399
3774      0.001960905915890094
201       0.002227308204373883
115       0.002326406360725966
6174      0.0026648988366602747
1997      0.004495552423046706
8648      0.0025367517407817093
104       0.0021107167274101177
9371      0.000529541602011679
4566      0.0026648988366602747
10674     0.0018532885676506336
11071     0.0038279736915890657
2959      0.0038970832467763662
9411      0.005196900037189537
6185      0.003500319121716318
8212      0.0029978831056339597
10433     0.0025984500185947685
6534      0.0029978831056339597
9500      0.001051429640098459
5718      0.003500319121716318
10069     0.002972855019534516
9311      0.0023381535965321695
464       0.003229504515318726
2646      0.0027001448942356853
9824      0.0020145516508295797
580       0.001507715212581331
7207      0.0017346709604610527
8255      0.0029485320445503975
9509      0.005460611202042056
3781      0.003500319121716318
367       0.0018532885676506336
11835     0.001156127678811421
8985      0.0029018499454459778
7424      0.0018532885676506336
5259      0.001634056013841413
5760      0.003413906211614747
5107      0.0018807006640435427
12082     0.002138422051353045
6882      0.0019457580095875256
6696      0.001593176970273045
3030      0.003229504515318726
1571      0.0025367517407817093
2264      0.0036486960964616545
7150      0.0015541462113458303
10578     0.0017636695323918102
9034      0.0038970832467763662
4305      0.0019308712871371281
9055      0.006670720807787451
5754      0.004495552423046706
1433      0.004362457413840716
6668      0.005511736005569755
9101      0.007297392192923309
5601      0.002795120603571671
4237      0.006670720807787451
8590      0.003500319121716318
4626      0.0037044192050108464
9581      0.0015213842344184042
921       0.0022699543297926353
5246      0.004247165272731995
9729      0.0020927283994232448
5968      0.0014987212925812391
204       0.0038970832467763662
9608      0.0037044192050108464
9739      0.0022920942226712826
2679      0.0033353604038937256
5625      0.004845634449002335
6166      0.0027871078551551976
7227      0.0013177677179316602
3104      0.002582607216067382
10902     0.0020161197890882043
6607      0.0014466406722075205
4521      0.0071927045638086
4165      0.002227308204373883
919       0.0034560320546961347
3236      0.010188043198634093
1136      0.004495552423046706
12083     0.0033737404341032417
10523     0.005444103625272675
4378      0.012085145603086031
7507      0.004054501230966475
7175      0.002227308204373883
11001     0.0011867482109576312
6022      0.0014898200950568966
9930      0.0014340969865077049
485       0.0014987212925812391
3513      0.0060425728015430155
9637      0.0060425728015430155
2754      0.0060425728015430155
7151      0.002425189231877273
11739     0.001688036622278023
4138      0.0022590937021554542
9359      0.0015122475511397775
7049      0.0018876918642877518
9849      0.0016133745816351163
1607      0.0015446581102300351
6114      0.0009897313622854
3579      0.0022920942226712826
7319      0.002386809201667757
3137      0.001953298743220009
7204      0.0017576105004196328
9370      0.002057838460026828
472       0.0021198534106887444
7519      0.0036486960964616545
1245      0.004054501230966475
10336     0.0038279736915890657
7199      0.00224836799263914
2762      0.0031178593004883935
2439      0.002024303817308547
5659      0.002049331903407991
4982      0.0050735034815634185
12140     0.004986418624912008
10736     0.0037639882375703755
5415      0.0032986140705060256
5416      0.0038970832467763662
2057      0.002972855019534516
