t_index   tf-idf
7475      0.003277314987370548
12005     0.03834012089053133
6485      0.0036667197138984045
4859      0.029333757711187236
11027     0.00395202191921735
9504      0.019195167614776073
10140     0.005096993454127326
8174      0.003419500292959485
9772      0.0054498064596535545
9749      0.005000594064103347
699       0.0030155143437369096
7488      0.003061639925234053
12012     0.0065412450639684054
3154      0.003879847396169004
6428      0.005768527726511462
9566      0.003949113329953735
2112      0.002608114234381012
12063     0.002587010851814711
8481      0.004143981559197243
11910     0.002018981767383496
9845      0.003488051686837805
11643     0.022700688036870153
3251      0.0019521843620215746
7617      0.0054498064596535545
9921      0.0036667197138984045
10237     0.006392557167246523
5965      0.002130852389082174
2694      0.005096993454127326
3289      0.0034418827529276103
348       0.004614707137239446
2006      0.02809123678347264
449       0.0015802509456285185
3659      0.003723547251426854
10885     0.00908362251551793
9589      0.010201563003153528
10933     0.0035661734915103
9533      0.011956322942268938
8844      0.004614707137239446
9057      0.0052025870387146355
7165      0.003659157267562336
11238     0.0020836090798006888
11681     0.0091151641173255
2202      0.008204338546005866
4439      0.006223827467521778
9875      0.006510133293944897
11060     0.020385366475686745
10978     0.010258500878878456
6009      0.002006533388255724
6512      0.005768527726511462
12064     0.006132918490158228
6588      0.0020571887979183245
5963      0.0008530769383744928
12171     0.0014157463303857555
9162      0.003146005472429209
12011     0.0042798119468330205
2685      0.004880758922753505
1718      0.0033139067083721766
6130      0.0036393629144295956
2608      0.003561126129311096
9488      0.01018960294507063
8048      0.014114430972250604
5532      0.003561126129311096
1565      0.003879847396169004
1043      0.003419500292959485
9851      0.007693546949662662
3888      0.006030487497352734
11082     0.007072457170412211
8091      0.009731534630138941
2682      0.002255301228854784
2829      0.005000594064103347
1349      0.00826815862389064
9581      0.011713106172129449
8640      0.004153596109440175
3857      0.0075567453343513315
4225      0.016371674279383238
6511      0.009140174075218471
7629      0.009823830443210715
9938      0.0041874339553676
8049      0.006668471221189636
1011      0.002640542717840547
10797     0.0036947691636470353
4468      0.00805593661920836
2064      0.004614707137239446
9264      0.002704386594767793
11138     0.00134915589022838
4655      0.0042798119468330205
11864     0.0033139067083721766
3790      0.0024681941629337034
7180      0.003723547251426854
2109      0.0036667197138984045
11527     0.0036667197138984045
10338     0.005597745099902756
8685      0.002360894813442093
11125     0.003846773474831331
11085     0.00482981143749464
9600      0.0016453123427293897
1727      0.005319315330961256
10033     0.003419500292959485
4497      0.00621774012206167
992       0.0049119152216053575
485       0.0019231041075723555
2951      0.00621774012206167
338       0.0009206523983061818
10426     0.0030155143437369096
2082      0.008342021269371615
3516      0.020928310121026833
4966      0.002967001134908902
6777      0.0025064011934685317
9500      0.00134915589022838
3312      0.001970006098911029
6262      0.00443465337630652
2803      0.0024871329845643332
11983     0.00621774012206167
11388     0.010001188128206695
8272      0.003612665379536318
6989      0.00162758565916988
4067      0.0034647267392871168
3579      0.0029411311071521813
4412      0.002327319695947269
11063     0.002662701338210681
3419      0.0015227917094685934
2524      0.002496725201077871
6973      0.001819077189406596
4065      0.003274334855876647
9848      0.002871429252021481
6403      0.0012795791431195484
10958     0.0035363999989684396
3641      0.003511878284424906
4896      0.0023109061500151008
6616      0.003586501965957181
1717      0.005319315330961256
416       0.0034647267392871168
196       0.003488051686837805
7814      0.0033139067083721766
8545      0.008204338546005866
7256      0.0037895353516051323
4073      0.003077813633343781
2357      0.0010829512835280675
1047      0.0036947691636470353
921       0.0029127220099124888
3087      0.00468187279724544
4979      0.00468187279724544
11196     0.0021034955896133654
12183     0.004102169273002933
5663      0.004023000309380564
8822      0.0013321893398626603
4620      0.0048444337129425466
3159      0.0034647267392871168
5179      0.00443465337630652
10689     0.00621774012206167
4001      0.002576608014007468
4873      0.0074045824888011105
6982      0.00468187279724544
3756      0.005096993454127326
6311      0.0014492918574418327
7699      0.00443465337630652
6210      0.001773014911966904
6114      0.0025399738532120215
6810      0.00621774012206167
2242      0.00443465337630652
5710      0.0023524051620417673
808       0.003985440980756313
11814     0.002662701338210681
3514      0.0054498064596535545
6232      0.006607062705003489
3321      0.0025161624379916258
3797      0.003111913733760889
953       0.0021660265841985855
12020     0.00563732483639066
6073      0.0024871329845643332
11817     0.003913939134837324
3733      0.0052025870387146355
9744      0.004023000309380564
4891      0.0022709056288794825
85        0.004102169273002933
1295      0.0025359467867078563
3116      0.007023756568849812
3766      0.008046000618761128
6826      0.003913939134837324
944       0.004317803677661609
2423      0.005970520701122751
10068     0.002413246005137505
187       0.0034418827529276103
10692     0.005597745099902756
11997     0.00443465337630652
10412     0.0052025870387146355
10034     0.005319315330961256
8655      0.005195024592378567
7981      0.0031991946024626785
11835     0.002967001134908902
10259     0.002217225519849948
6229      0.0058254440198249775
2876      0.002378071810021094
8566      0.002395519321577995
927       0.002608114234381012
3524      0.0029851591822580635
9917      0.005970520701122751
10390     0.003985440980756313
8495      0.0029556135890187393
1720      0.002662701338210681
10910     0.002624333225200469
4516      0.005000594064103347
11989     0.0030002328037134728
2144      0.003488051686837805
8547      0.005768527726511462
9942      0.003783448006145025
9260      0.005970520701122751
9742      0.00468187279724544
8812      0.003146005472429209
10988     0.0013768546850962584
136       0.0036667197138984045
1017      0.0024588447902643014
2613      0.0009229774654480713
2712      0.003846773474831331
9750      0.005597745099902756
1648      0.003511878284424906
7426      0.0008773786803212745
10563     0.0033760478967891274
8952      0.004753374643164428
1682      0.0022399135636254138
2366      0.0019231041075723555
9129      0.008287963118394486
1955      0.0031944609953820677
621       0.0019060154281113802
5228      0.005768527726511462
8773      0.0049119152216053575
11899     0.0036667197138984045
1556      0.0044914809138349695
168       0.004023000309380564
4612      0.005970520701122751
5802      0.0021589018388308047
4376      0.001714434178954383
12111     0.0008840999997421099
12099     0.005319315330961256
8125      0.005970520701122751
