t_index   tf-idf
11770     0.001564459766393496
5839      0.02451526912169469
11984     0.006931525439379763
9717      0.002699948056414721
6021      0.0036378419818629474
1527      0.001267287195531113
3123      0.004087140482853964
4923      0.0034932001714031618
6311      0.0016958877854244732
1822      0.0021292988991886592
7123      0.001547092643200301
3784      0.0027810788957021732
9913      0.0014015575732217525
6743      0.03404139256758692
10627     0.0023537554048913153
9359      0.00908251365042756
7207      0.0058603398791098405
12207     0.00868920041630177
8259      0.0022199629958726736
12171     0.0008283172559868899
7447      0.0009420509759168471
2226      0.0015197385374719392
5996      0.0017643009294699534
12064     0.002392143331484602
8261      0.002074692076092616
3340      0.004882921120815174
9556      0.0020407705391648056
8358      0.003112196432443004
6012      0.0022506495554237044
10442     0.004087140482853964
10612     0.0059642430866206336
8136      0.0015914720381737888
8981      0.006995341184133469
4412      0.001361655702703477
4034      0.004536438983844981
2884      0.0025629773499137583
2169      0.002161715689775579
9396      0.0031829440763475776
1731      0.003275098625614747
6854      0.002476422205170942
2157      0.0018013510544326878
1682      0.001310516592449496
1835      0.00282580012462373
8868      0.002083524541328283
3785      0.009398127208095977
7762      0.013331198327302089
1399      0.002414821485963771
1444      0.004081541078329611
5963      0.000998227342814332
11912     0.0006860157053124284
8980      0.0027810788957021732
1664      0.003824317708143992
7214      0.0022506495554237044
6042      0.00442719886092194
4255      0.003239318238020335
5170      0.004849076928971102
10598     0.0029821215433103168
7174      0.003701712148425538
4181      0.0033750192071529753
4193      0.0016342260403372664
4417      0.005149403268486631
12116     0.008174280965707928
7475      0.0015339790746856775
8932      0.0013060615871517912
4620      0.0014171776234876705
3867      0.0018933762799014822
2339      0.004005110702509884
10613     0.0034932001714031618
1177      0.004087140482853964
6038      0.0036219084073889876
8106      0.006085778837339544
855       0.003112196432443004
10544     0.002715424604336111
6215      0.002476422205170942
1983      0.011159299065864638
2994      0.0036378419818629474
7344      0.0033750192071529753
8476      0.004087140482853964
7497      0.00571086768591386
7771      0.011285267021978919
3692      0.00344731869384278
2606      0.0033750192071529753
10725     0.002098426363576941
2229      0.002331780394711156
5317      0.0036378419818629474
5710      0.004128997717255401
7516      0.0013714032656272945
1783      0.004087140482853964
3888      0.0005880475370552915
8315      0.003115757983816678
4549      0.002424538464485551
7204      0.0013195195249419036
9202      0.001889175936543827
472       0.0015914720381737888
5954      0.002270000267609328
1879      0.0010462054113007946
7049      0.004251532870463011
338       0.002693251792059875
12084     0.0015907733933470598
6354      0.0020271237041799253
2631      0.001564459766393496
8925      0.003824317708143992
9930      0.001076642961512501
8881      0.0018207017666183112
6896      0.007512028133545721
6973      0.002128591815663838
6203      0.0019895585558388973
11884     0.0008306575157722139
11063     0.001557878991908339
5209      0.0015711080371789436
5832      0.004081541078329611
11412     0.0013857500723835107
5953      0.0014607705654067543
270       0.0053257958629039735
8135      0.0020271237041799253
11835     0.0026038756228752755
4322      0.0008747698195956709
4111      0.001438607698184487
2185      0.0018013510544326878
963       0.007756821784896545
6011      0.0033483440213868286
11425     0.002310526007972932
8816      0.0031885434808719307
4377      0.002627851519736281
3565      0.0032387132603159535
2063      0.0009196540973721331
10415     0.0015778252031889088
4027      0.003395734710127207
8264      0.0017465408946942703
9371      0.000397551381808768
11138     0.00315742751623597
3535      0.003975653561427465
11413     0.0025040093778485734
3643      0.0014440777789104654
6079      0.0015135944088229356
5186      0.0008545470131672055
6607      0.00217212017349368
758       0.0006860157053124284
6114      0.0014860742544165857
9991      0.00658751818705586
7888      0.0010610954878347016
12012     0.0012757055050127439
1263      0.0026628979314519867
9557      0.0018207017666183112
6033      0.0009600220478811953
9474      0.0017207811850800823
6895      0.003275098625614747
5214      0.0017041597431129785
8822      0.003117720723738286
11995     0.006881662862092334
12111     0.0020690579098442217
4347      0.001215081846940708
6360      0.0011085804909173223
8801      0.0021292988991886592
8920      0.0016124966072463337
3554      0.0060019885739109775
10243     0.001212429931023236
11922     0.0020137582673845126
3129      0.002627851519736281
4165      0.0016721433235821841
10916     0.0034932001714031618
2719      0.0034932001714031618
2096      0.002310526007972932
3261      0.0022506495554237044
2803      0.0014551584029092817
8491      0.0010582094713835022
3670      0.002270000267609328
9561      0.0020006628579703257
4603      0.002270000267609328
7200      0.0027810788957021732
11836     0.0011118625268873793
2438      0.0016721433235821841
1743      0.0011251594181617363
11936     0.0014067225465195234
3243      0.0026628979314519867
4794      0.0008117459427308786
9562      0.0049473835877577735
3860      0.001850856074212769
226       0.001254861242121962
8347      0.003064408640211836
946       0.0025684691697999036
6107      0.0016196591190101675
5351      0.0010432388124418193
9314      0.0019752399634945343
12208     0.004158915263627858
10901     0.0013568363443001955
2561      0.0012631186877935456
3250      0.0011667694691148548
6880      0.0032393004793397884
6930      0.0013379094312269285
8874      0.000651148875456649
12036     0.0017292545177542476
10037     0.004365475208727845
6461      0.011928486173241267
3970      0.002083524541328283
238       0.0033750192071529753
3946      0.006041274802153538
6942      0.0017041597431129785
6723      0.004087140482853964
5069      0.004087140482853964
5844      0.0036378419818629474
671       0.0018013510544326878
8036      0.0014067225465195234
9264      0.0039556699445857275
5363      0.0028663667854582457
8959      0.0009975317267229863
1520      0.0009947792779194486
7519      0.0027392449798809143
7793      0.0034932001714031618
103       0.002713672688600391
7319      0.0035837762042951696
10099     0.001483718119984298
11125     0.0022506495554237044
2164      0.0014495944140745904
28        0.0015984047322719433
7337      0.001782561312181911
4358      0.004087140482853964
8904      0.003328760695863449
10110     0.003722455013963831
4137      0.0042087186150758585
7256      0.0022171609818346445
10118     0.0019157302440352922
10958     0.0005172644774610554
3730      0.0010612455458767155
3524      0.0017465408946942703
4448      0.0028738369654765675
5587      0.0014495944140745904
10043     0.0015914720381737888
11661     0.004087140482853964
6836      0.004087140482853964
10223     0.0013863050878759526
10232     0.003275098625614747
6043      0.005255703039472562
6204      0.0018305981530347486
6588      0.004814435873337214
6634      0.004087140482853964
6183      0.008174280965707928
12112     0.0020271237041799253
6073      0.0029103168058185634
9220      0.0027726101757519052
4664      0.001310516592449496
1720      0.001557878991908339
4655      0.0025040093778485734
10181     0.0025040093778485734
4758      0.0016721433235821841
4665      0.006640798291382911
3571      0.0014955039122918111
12025     0.0027392449798809143
3682      0.0018109542036944938
7751      0.004087140482853964
2605      0.0019388827308684975
9365      0.004087140482853964
4667      0.003824317708143992
7922      0.0014779046216506799
12093     0.0009731705863244892
11823     0.0035837762042951696
2613      0.0005400106962024537
329       0.0014440777789104654
359       0.0031885434808719307
2249      0.0010114720644157377
6361      0.0017912878368533567
6403      0.0007486492897057658
11366     0.0031885434808719307
281       0.0033750192071529753
10952     0.015297270832575968
4049      0.0009123572017124601
10145     0.0011561138748755234
927       0.0015259414625035175
2447      0.0014278041027756523
9196      0.0022237250537747587
9563      0.0035286018589399067
9747      0.002277469597023561
2795      0.0027392449798809143
105       0.0016196591190101675
8876      0.003565122624363822
10907     0.0015197385374719392
5342      0.004540783226468807
2738      0.0011421735371827722
5142      0.0013425896011565683
10549     0.004081541078329611
2069      0.002792866860358747
7199      0.0016879538810410262
7747      0.003043901670412145
7752      0.004087140482853964
7741      0.004087140482853964
10915     0.0033750192071529753
6784      0.003112196432443004
6462      0.003043901670412145
8418      0.0014015575732217525
10405     0.00282580012462373
1549      0.0018612275069819155
1334      0.0014015575732217525
2221      0.00608780334082429
5307      0.00282580012462373
8408      0.0012267614551675088
10799     0.0024499613589613425
6349      0.0014224690873155057
1713      0.0016643803479317245
3430      0.002054710876857557
704       0.0009445879682719135
8982      0.0029821215433103168
1471      0.0034932001714031618
5989      0.0027330223230120935
1295      0.001483718119984298
1538      0.002630004856957873
7493      0.0025040093778485734
8187      0.0007774629541764921
12209     0.013905394478510864
9399      0.0016960061674390948
7227      0.0009893091971934704
6397      0.002400075156742015
11238     0.0012190668048983136
10033     0.0020006628579703257
320       0.0049473835877577735
339       0.0031885434808719307
3592      0.002195839395685287
2261      0.0023263962125106338
11290     0.00282580012462373
8695      0.0020407705391648056
6535      0.0018247144034249203
11784     0.001159646312605534
3873      0.001381299652043732
5347      0.0025328230423193
6766      0.007221653810005821
11759     0.0036378419818629474
10331     0.003824317708143992
30        0.0036378419818629474
3141      0.004087140482853964
5259      0.0012267614551675088
7790      0.0016800003981976427
7412      0.0017292545177542476
6767      0.0022318598131729275
954       0.003824317708143992
5316      0.003475680166520708
2281      0.0017643009294699534
2813      0.0016269016604943648
3385      0.001483718119984298
5083      0.002424538464485551
5452      0.002594603169421128
6648      0.0016879538810410262
6616      0.0020983712994853956
2656      0.001532204320105918
2133      0.0020137582673845126
2682      0.0013195195249419036
8685      0.001381299652043732
6727      0.0017587015249456003
1798      0.0011118625268873793
10201     0.001782561312181911
4283      0.0017207811850800823
7157      0.0027810788957021732
7835      0.009336589297329011
7425      0.0007138996052643002
7704      0.002476422205170942
569       0.001352052553441671
5361      0.002699948056414721
2175      0.0023537554048913153
11681     0.0013332628111908942
1710      0.0019388827308684975
2357      0.0006336073181238843
2686      0.001267287195531113
2342      0.002098426363576941
7424      0.001391349476907864
8160      0.0015984047322719433
10479     0.0029821215433103168
1423      0.003275098625614747
10302     0.003824317708143992
7268      0.004087140482853964
3296      0.0027392449798809143
11914     0.003043901670412145
7270      0.004087140482853964
4286      0.0010114720644157377
621       0.0011151612654024792
10684     0.0012589768160700052
330       0.002161715689775579
4966      0.0008679585409584251
10769     0.0012074107429818856
4474      0.007648635416287984
7332      0.002083524541328283
3940      0.002270000267609328
4719      0.0036378419818629474
583       0.002178553018745264
1690      0.0019752399634945343
4305      0.0014495944140745904
7733      0.008174280965707928
5348      0.004087140482853964
3419      0.0008909467912114756
11551     0.003824317708143992
3500      0.0019628929098139524
8800      0.0015259414625035175
