t_index   tf-idf
7256      0.0061767062695601335
6203      0.0027713185705032454
7814      0.0027007306230392796
8545      0.06351966059319303
6210      0.0014449518617277058
11823     0.004991954380203251
3131      0.006318948272715463
11884     0.0034711467914805617
9709      0.003570051610066981
10431     0.004335076111718945
9864      0.004441422312233251
9968      0.005693106285888059
10188     0.006318948272715463
2597      0.006318948272715463
7199      0.00940481580288971
3570      0.0028819160195442694
10511     0.006318948272715463
232       0.0016556675062158893
5299      0.003933440474070279
9095      0.0034126280883661113
5986      0.004153890715213954
541       0.007056097456773102
9820      0.0028620712837724807
10186     0.00456198769056524
1171      0.001590969376117375
6022      0.001557961554706069
9729      0.004376891413346746
3973      0.005693106285888059
6247      0.002668480797304877
4937      0.001432777756428221
416       0.0028236442449075883
196       0.04548245359635492
10933     0.002906320184349351
11549     0.001145246159408925
205       0.003449486231734992
9581      0.004772908128352125
11777     0.011446740976217541
4225      0.010673923189219508
1332      0.005327012192217203
2256      0.004865788180540787
10659     0.007747704200085056
4513      0.004251063533793583
10412     0.008479892387426767
8750      0.006318948272715463
8959      0.004168479772792521
11238     0.002830127371039051
9589      0.012470933567264605
7475      0.00213672760922953
9533      0.009744030339645373
6511      0.019863884892505287
944       0.0017594376732259368
3790      0.00603450381623708
7041      0.005067264299060655
6036      0.012044486587522977
946       0.0017888506691953593
9520      0.006323909269431392
4074      0.010673923189219508
5727      0.005156231059137445
8449      0.002522534961487133
10901     0.0037799598780920212
9029      0.0015305988809888739
7694      0.006436808421379894
3419      0.003723083264729867
695       0.00867015222343789
7681      0.003135000420236761
10223     0.0038620557541658557
9503      0.0015814147988010565
972       0.004865788180540787
10231     0.006022243293761488
7904      0.0026844617300830287
5963      0.0013904622030885706
10958     0.000720513929103757
11864     0.0027007306230392796
4376      0.006986051955822434
8159      0.0013856592852516227
8048      0.01725423162512132
699       0.0024575501512367334
7488      0.001247570530864604
9264      0.002571322528081367
6535      0.00254170197566465
8949      0.002216811362944779
9473      0.003614104206885979
11958     0.0015305988809888739
6232      0.0035897000420808977
6246      0.005573572203077415
11946     0.003343140031220686
2398      0.008882844624466502
12111     0.001441027858207514
6073      0.004053871642200494
3844      0.0030586536280855347
6124      0.004865788180540787
10206     0.004335076111718945
8640      0.00169252564958477
11867     0.004340037108434874
4797      0.006318948272715463
7790      0.0023401252947867373
9739      0.002396930133063732
11967     0.004865788180540787
341       0.0023291809288982605
132       0.003034574890975732
11451     0.004865788180540787
4138      0.0023624202332311714
3254      0.006975826541199768
151       0.003570051610066981
10549     0.0028426533497721827
2150      0.0018701352032742219
3312      0.0016054935359108595
10673     0.004192266105059182
5050      0.005327012192217203
9851      0.003135000420236761
9504      0.0026072438340236388
2685      0.0019888331577124474
1718      0.0027007306230392796
12020     0.006891365912261348
4137      0.0014656140707384746
4124      0.002482985611563161
574       0.003760842407064165
1921      0.003449486231734992
9481      0.0038155803254058475
4510      0.003760842407064165
4966      0.003627020098391756
10910     0.002138749738624915
488       0.0015533431347602104
9162      0.0025638963517510397
10356     0.006318948272715463
3857      0.0015396279475393567
4958      0.003873852100042528
5009      0.005327012192217203
2876      0.0019380543649236358
4648      0.003034574890975732
8506      0.0025781155295687224
11927     0.0026817565004154716
7204      0.0018380001698774958
149       0.002536112647888292
7797      0.001857143624735757
9160      0.00205059392035908
4906      0.0011107362595763643
876       0.001590969376117375
6360      0.0015441765673900334
11912     0.0009555728119736529
4155      0.005976524440117151
5799      0.002689052664933353
1720      0.002170018554217437
4665      0.0030833921380641373
3720      0.0025091584334093575
7979      0.006496020226430249
5102      0.006318948272715463
7769      0.001370484152732913
10033     0.0027867861015387074
2261      0.001620255158401377
10599     0.004865788180540787
5333      0.0032786197947550547
10881     0.003395832216334944
10054     0.002734175155042304
4794      0.0011307064067145297
8802      0.008150656437124792
6161      0.0017253619638950234
1017      0.0020038818249139426
11022     0.0021255317668967917
1045      0.0024087329041483285
9090      0.002420692007867853
2139      0.004441422312233251
660       0.0042399461937133835
10568     0.0026072438340236388
8049      0.005434596088786564
11414     0.0025498976352043277
5063      0.005327012192217203
2409      0.005327012192217203
3565      0.002255652686498637
1771      0.003135000420236761
8106      0.0014128453988279607
368       0.0010221193633852695
3517      0.0037092341248915407
3607      0.004335076111718945
6235      0.006318948272715463
6871      0.0020748886362118757
9025      0.003614104206885979
766       0.007872291407475673
11989     0.0024450961726729344
4347      0.00507757694875431
10885     0.007402869077095695
10944     0.0042399461937133835
8315      0.002170018554217437
3524      0.0024328116412581312
4582      0.006323909269431392
12012     0.005330910738202943
2339      0.001859614809897174
329       0.0020115012720790266
11050     0.0030586536280855347
11681     0.001857143624735757
2428      0.004701170205389799
10879     0.005693106285888059
3250      0.0016252298218439765
8091      0.011103256143493246
6033      0.0013372448484000017
3733      0.0042399461937133835
6644      0.006318948272715463
9961      0.004335076111718945
758       0.0009555728119736529
3573      0.0022362292969450768
9488      0.0016608417274293918
4016      0.000989465766697976
1295      0.004133435095174553
11027     0.0016103873101176729
2278      0.004441422312233251
3501      0.004153890715213954
11312     0.006318948272715463
85        0.003343140031220686
4677      0.004573367428513591
3861      0.0014698038654065112
3927      0.003873852100042528
3326      0.002622168126387721
878       0.007631160650811695
1248      0.003873852100042528
2082      0.002266162396114812
3516      0.0028426533497721827
7153      0.004069506356850418
7892      0.002188445706673373
10921     0.005693106285888059
2613      0.0007521978512591351
11835     0.0060450334973195935
6361      0.0037427115925938123
11138     0.0010995199770676195
4468      0.008753782826693491
11220     0.001620255158401377
4664      0.001825459702580379
24        0.0031897383385784436
6655      0.003873852100042528
2987      0.004441422312233251
8187      0.002165905111427234
7469      0.005693106285888059
7494      0.004841384015735706
12064     0.00333209154281639
8822      0.0010856927676219604
4755      0.004335076111718945
11739     0.0017652441185152716
11085     0.0039361457037378365
927       0.0021255317668967917
6989      0.001326431555913915
1915      0.005067264299060655
2024      0.0028819160195442694
6696      0.001666045771408195
10062     0.0026844617300830287
5978      0.002768906326565906
1496      0.0042399461937133835
667       0.0011511282592402436
3862      0.005845927915162373
6132      0.0017479356179245624
10237     0.001736578246403768
10426     0.0024575501512367334
173       0.00456198769056524
12016     0.0029229639575811864
7423      0.0038155803254058475
10882     0.0014207656174283047
1047      0.003011121646880744
3700      0.003487913270599884
8655      0.002116891517892306
6233      0.0019102706610608883
2886      0.0028050271084150177
11053     0.006323909269431392
8225      0.006318948272715463
2883      0.0023183676364121734
9396      0.002216811362944779
2463      0.0021083331682149
1729      0.003218404210689947
7097      0.0017253619638950234
1727      0.004335076111718945
1508      0.0009772145728920816
10544     0.0012608000588393586
8158      0.003660416877803136
4752      0.003873852100042528
5313      0.0024575501512367334
3867      0.0026373432589064305
8566      0.0019522735427413185
5112      0.005693106285888059
9899      0.004153890715213954
4684      0.003873852100042528
1668      0.0023291809288982605
6648      0.0023512039507224275
6015      0.004003057727379003
11063     0.002170018554217437
3846      0.002396930133063732
4255      0.0022560740327168655
11881     0.002622168126387721
500       0.0038155803254058475
8626      0.005067264299060655
7612      0.006318948272715463
2762      0.0016302320458894616
11209     0.004865788180540787
980       0.003218404210689947
4620      0.001974031201115882
5968      0.0015672698756099032
2966      0.002420692007867853
2832      0.002652777807927651
3627      0.0034126280883661113
1754      0.003528048728386551
4762      0.0029229639575811864
6114      0.001034999740601988
9202      0.0026314924687824617
2933      0.0034126280883661113
8408      0.0017087945425410206
11341     0.004153890715213954
9848      0.0023401252947867373
