t_index   tf-idf
1562      0.00788245588036593
4848      0.007595367033941739
10988     0.0026719160225630364
4970      0.00566877721605968
8882      0.004753628084794616
8888      0.01278441675415779
3068      0.0069107002113363855
4049      0.015130676365033374
8259      0.005890594880137392
1942      0.033024223323361614
2262      0.014930051506276059
7753      0.03209027901549634
1057      0.010322631731370359
6458      0.010990051420414301
9006      0.03732512876569015
1968      0.015046604550376918
7384      0.014684273449592574
9577      0.0071700470898496925
3007      0.007529208808407177
338       0.0035732251498616164
5395      0.004468779960493715
4330      0.026497152684249965
7         0.013358594447006173
5466      0.02413221908760569
5625      0.02413221908760569
4395      0.005792982175471094
7153      0.004845130093180819
4044      0.011586357004159003
3903      0.0033831102078367057
2613      0.001791124586414079
7425      0.002367884829341986
11927     0.003192883358167925
11995     0.009130126965548246
10317     0.0023269317305004518
1558      0.018448741189311446
5414      0.015046604550376918
3326      0.006243875588081651
9635      0.0111943706375866
3377      0.010096109500871966
10772     0.004980150315293007
7592      0.008500964477436722
7204      0.008753248333773023
9509      0.004532487515886393
10032     0.0049019608737918595
6114      0.002464529085294833
4138      0.011250733982021718
540       0.009085614537228774
2453      0.010862950886940002
4162      0.011644467911442389
3860      0.0061389780679334425
11984     0.004598140638004397
2752      0.028118110150958896
4263      0.005040716931218808
6740      0.0037431331211514236
2738      0.0037883973758042443
7771      0.007486266242302847
6033      0.003184231544952479
8373      0.012416676080845249
9185      0.010096109500871966
4346      0.009704123134299567
4168      0.015046604550376918
2933      0.008126109457941087
9714      0.006960127047507677
11412     0.0022981498725172084
10243     0.0013404753362798152
12111     0.0034313584148406647
11339     0.006430947671692541
3565      0.002685566688628328
6607      0.0036022785055464497
5659      0.0102060786872695
12135     0.006635861954654051
3931      0.005851889221509251
12171     0.0013736944591861788
208       0.0035814048203921755
8615      0.0061389780679334425
3692      0.007622783910477434
1743      0.007463928813548152
10732     0.007062526051764364
3562      0.009372703383652967
6347      0.00840094771462342
4102      0.005974778249850994
8525      0.007807010501372184
2631      0.005189049720216051
5400      0.008832384228083322
11075     0.005851889221509251
3375      0.007663625868029032
103       0.0045003977756491636
8685      0.004581538449848022
7922      0.0049019608737918595
487       0.005255893633105393
11970     0.004030221967575616
5996      0.005851889221509251
5463      0.00860586199758493
8504      0.01978239043582091
545       0.006862384185152443
9600      0.003192883358167925
6311      0.005624974337794045
10415     0.005233380624438459
1617      0.008034924896658056
2272      0.007960645321867079
9029      0.003644643870077467
6636      0.009532033499352973
485       0.003731964406774076
2232      0.00860586199758493
3785      0.004453143726608419
6441      0.012066109543802845
6246      0.006635861954654051
8974      0.006593286846921786
2762      0.003881889178578371
10838     0.015046604550376918
488       0.0036988022169290153
68        0.014125052103528728
2882      0.010000300410801263
10882     0.0033831102078367057
8491      0.003509902702113596
3696      0.004940700168405506
6361      0.002970700125474626
2447      0.004735785885443995
67        0.009366261722909922
5963      0.0016554760388257485
6777      0.0048639072665329925
9216      0.006392208377078895
12108     0.008041785996065937
5186      0.00283438860802984
10650     0.008832384228083322
1709      0.008955273256425065
10067     0.0053016394585257524
9371      0.001318611018870666
1505      0.007595367033941739
9050      0.0111943706375866
8456      0.015046604550376918
3418      0.007529208808407177
3101      0.009891195217910456
6973      0.0035300903873632956
3755      0.008213875631012531
9539      0.004614872027367667
11266     0.008213875631012531
6983      0.007960645321867079
946       0.004259589959816672
10805     0.004648730564646407
3419      0.0029551205451073693
3731      0.008955273256425065
8028      0.0034799722045921167
1682      0.004346762955154269
7217      0.002439957701475278
11863     0.0035300903873632956
