t_index   tf-idf
12005     0.01300114826045699
9845      0.020107592077064997
6535      0.008989401840402181
6232      0.012695924413536116
6485      0.021137560703649628
4859      0.021137560703649628
12063     0.01491335667516716
3159      0.01997313061471397
699       0.017383553275659835
7488      0.008824726843321683
540       0.026989619654709005
6022      0.011020286879612045
6599      0.023415530703439966
12045     0.01309110303706996
4687      0.044697266458472606
10673     0.007413529399020097
3116      0.02024494540433181
10978     0.0394248269070623
6130      0.020979856800829436
2608      0.02052884474544044
2296      0.035843443056590804
6920      0.035843443056590804
5100      0.023415530703439966
8048      0.040682771625898805
471       0.01876450184725294
3368      0.02217551767843944
11884     0.008184419640696813
11927     0.009484741740440013
10992     0.015221952138139627
5799      0.009510546557595168
6521      0.0169547557941714
9566      0.02276547684326271
346       0.015748987803267677
4376      0.009883208796325267
953       0.012486506191262436
12170     0.028315746571607358
8655      0.04492168323997938
6114      0.007321101106317003
4322      0.008619055575427933
331       0.014228413409853114
9824      0.007450878532112343
7204      0.02600229652091398
3846      0.0169547557941714
7502      0.021299257531612322
416       0.01997313061471397
196       0.020107592077064997
6616      0.010337564490111875
574       0.02660242937938034
1921      0.024400042315654867
8566      0.013809464324390796
11238     0.00400379783961701
9589      0.009801501708912213
921       0.016790985704201407
3798      0.021299257531612322
4125      0.0314165313556499
9481      0.026989619654709005
4510      0.02660242937938034
5537      0.03768077741847757
5652      0.03768077741847757
1979      0.01984144175217093
4745      0.024139325154472053
10153     0.018655325110794013
