t_index   tf-idf
4417      0.017602551989214503
9264      0.006310235387791517
10988     0.01927596559134762
2257      0.048832723615729275
6740      0.02700403180259241
226       0.03002703686506123
5211      0.08620751474785006
8709      0.04850617435001964
3312      0.027580085384754406
237       0.08704836170886338
8812      0.04404407661400892
10543     0.09278938783442095
6033      0.022971956145728598
11863     0.025467080651692345
6930      0.03201426139007293
1607      0.02774867962306099
3449      0.032352686100211414
4794      0.01942392077248888
3730      0.025394089847764263
9596      0.03168306338546716
7922      0.03536414630378412
2939      0.04137859024626235
8918      0.02844200251749438
10740     0.03442382706370022
587       0.02800505764545825
6880      0.025837277632829263
