t_index   tf-idf
2959      0.003636795682984253
6166      0.001300477969520468
6900      0.0011251295515802067
7447      0.002342019123800696
755       0.017562950681798695
2376      0.0022391562272168846
2625      0.0030498336733292427
6950      0.006864011939845547
1137      0.0027976534362409685
2391      0.005638987234093019
5944      0.01016098005013787
6880      0.010737569925331644
1571      0.0023673211977981445
4764      0.005080490025068935
9833      0.005638987234093019
6779      0.00756739932903947
5211      0.015674093590518193
5760      0.0031858902123232244
3259      0.0036886498715750643
8893      0.005468511694840433
8605      0.0024248986258871403
1649      0.0017047127791656536
4937      0.0038358039007902094
3993      0.00523161683135589
5759      0.0022538229073213664
6020      0.0013344486698795605
7888      0.0026379739400714287
6403      0.0037224120527114143
2561      0.004710331284721756
3537      0.004601386158525252
1056      0.007060642528018514
8287      0.005405723139684465
6766      0.005984549230307854
89        0.0024101139697252196
2357      0.0015752018669499166
5089      0.002872082421784535
8247      0.003459013541848864
2939      0.006448611466949977
1617      0.0030112334492113676
3065      0.002455307561301184
9264      0.003933653228753154
11849     0.005080490025068935
1171      0.0113581635608528
4794      0.003027104535972293
10571     0.003840789407768069
10910     0.0028629089729459664
2613      0.0013425126770153766
9194      0.002751598549923655
2032      0.004099872608284117
1399      0.007504315378458843
1034      0.016930243183282928
5677      0.005638987234093019
6459      0.0028217071972138213
9370      0.003840789407768069
6974      0.00272952206884813
10846     0.011277974468186038
1219      0.0024399596467075103
9500      0.0009812042838024582
4016      0.0008829926415245389
634       0.0021495371556499924
2069      0.0017358263417814107
11024     0.002615808415677945
4641      0.0015249168366646213
4069      0.0024731061825826735
307       0.0020688957942750566
1261      0.0027742969848346226
7039      0.005638987234093019
297       0.002589909912226252
9216      0.002395595718311571
6580      0.001995596088739484
1682      0.003258056092546057
8799      0.006480628139802062
1800      0.0025367648631547677
2200      0.004521992816044851
9942      0.002751598549923655
110       0.001801907713228155
6780      0.004071087345383822
3565      0.002012929391847578
7779      0.003783699664519735
4665      0.002751598549923655
3419      0.0011074848796135224
11937     0.0035496428529116406
10572     0.005986788266218452
2109      0.0026667052464715672
2170      0.0031484071212503355
5893      0.005108186595527136
3497      0.004044616373028662
4635      0.003456999740483221
3312      0.0028654634165978603
8894      0.002503187456674626
2399      0.006620191517895477
1409      0.0030454065129946186
11412     0.0017225464721650318
4286      0.0025146058744287356
6361      0.0011133236091760196
7256      0.0013780128551291392
12084     0.0029660988131981355
5145      0.00272952206884813
12045     0.0033031354601883384
6108      0.005108186595527136
10008     0.0019529543319292992
5021      0.0030454065129946186
944       0.0031402208564811707
3888      0.001461936362994602
10345     0.001472915494178084
10519     0.003078298473960169
11930     0.001554762513646912
3861      0.0013116431526169422
3234      0.0037069043302744194
4966      0.0032367285108097117
6203      0.0012365530912913367
12064     0.0014867681188262371
4347      0.0015103985852509727
5567      0.005638987234093019
225       0.005638987234093019
8876      0.0022157997758105387
10618     0.0033561506452650523
10740     0.0017882507565558558
3785      0.0033377923294059396
5212      0.005006374913349252
1714      0.0034049983979966836
2076      0.0037069043302744194
5233      0.0029540929273356546
9493      0.001515208994487113
377       0.005638987234093019
6838      0.005638987234093019
8467      0.010111540932571656
6231      0.004627170425520903
6535      0.002268197866966042
4838      0.004014939429759048
1008      0.002983395834911224
2549      0.0029258184068222284
8326      0.0032665315736981598
6740      0.00561122738755167
4978      0.0017550880037363675
7426      0.0019142807570645991
4558      0.008061314538866259
10243     0.002009469520805363
3490      0.002872082421784535
4137      0.002615808415677945
6335      0.004707095018679009
8450      0.0028654634165978603
3848      0.001986885288723937
4496      0.0033100957589477383
3692      0.005713552318799412
649       0.003572301979349351
1049      0.003783699664519735
11580     0.010716905938048053
11057     0.002554093297763568
4046      0.00196974121314896
7123      0.0009615510862191111
199       0.001801907713228155
3458      0.0027976534362409685
5107      0.0017550880037363675
8918      0.0014775066242854226
3385      0.0036886498715750643
8648      0.0023673211977981445
11001     0.0011074848796135224
8874      0.0016188116755322998
223       0.003225202455495651
3281      0.0020785455042672788
4985      0.004521992816044851
338       0.0006695653805863141
443       0.0015298149742642658
4451      0.002519801264936085
11046     0.0021602093799340206
7337      0.0022157997758105387
2531      0.005638987234093019
3267      0.0026667052464715672
7530      0.005638987234093019
11238     0.0010102347053579097
12171     0.001029633694826004
208       0.0013421962406664554
4417      0.0018288365703080004
11170     0.002288003979948516
8917      0.0024869093039705348
9814      0.0025367648631547677
8315      0.001936510064153223
3656      0.0021495371556499924
10014     0.004195292892008337
330       0.005374209692577506
7207      0.0008094058377661499
2714      0.0033561506452650523
214       0.003456999740483221
1028      0.004342196873543819
875       0.008684393747087639
487       0.00196974121314896
8304      0.0023673211977981445
226       0.0062393842836490875
4518      0.0014028068468879176
3837      0.002503187456674626
4953      0.004062825406404336
1963      0.002589909912226252
11780     0.0029540929273356546
10800     0.002687104846288753
3030      0.0030138047703252677
3998      0.002326686983609221
8686      0.001640219075530752
10522     0.0013658962184705905
8104      0.0019782676541306838
621       0.0013861930386264586
4027      0.002814028764112837
10848     0.001801907713228155
7424      0.001729506770924432
5351      0.0012967903605492002
3736      0.0014503442380462944
5186      0.0010622384022672129
10543     0.004820227939450439
1339      0.00272952206884813
6198      0.022555948936372076
9308      0.005638987234093019
2427      0.011277974468186038
3573      0.001995596088739484
6311      0.0010540304417758785
4857      0.011890486821062302
11077     0.005143605214845245
9541      0.0022157997758105387
11679     0.0037936207045541994
7227      0.0012297535475317722
6102      0.0016925961425071048
8913      0.0023813344406375617
6657      0.005638987234093019
8611      0.005638987234093019
10845     0.009043985632089703
6388      0.002031412703202168
9636      0.016916961702279056
8800      0.0018968103522770997
10673     0.0018705751359308594
8320      0.0019284120949464509
75        0.0016290280462730284
9334      0.005638987234093019
10738     0.003963495607020767
311       0.005638987234093019
9328      0.005638987234093019
10781     0.003963495607020767
4229      0.0033561506452650523
9059      0.003572301979349351
2210      0.001710840117848558
4898      0.0031484071212503355
7319      0.004454786747454107
8028      0.006520912665376694
4176      0.0065330631473963195
8459      0.023211557807830935
9824      0.0009399995179659357
8770      0.002872082421784535
102       0.0017815081134109692
967       0.0010649930755616305
2877      0.002805613693775835
9832      0.002455307561301184
9513      0.005638987234093019
1623      0.0025367648631547677
12087     0.0033031354601883384
2425      0.004521992816044851
1361      0.0018088239887740607
11178     0.006789629964569212
10391     0.003572301979349351
2803      0.0018088239887740607
3448      0.002983395834911224
10725     0.0026084335131661422
10742     0.002193101340899571
9202      0.0011741631516552543
9645      0.002687104846288753
4492      0.003783699664519735
331       0.0017950503003154208
8386      0.003456999740483221
1360      0.006545962480829395
5569      0.0019045953515231262
2566      0.011277974468186038
801       0.011277974468186038
7374      0.011277974468186038
8564      0.011277974468186038
12117     0.0033561506452650523
932       0.0027742969848346226
9674      0.0031484071212503355
7372      0.007926991214041534
1886      0.002455307561301184
7475      0.0009534007235987049
5953      0.0018158001462384517
1896      0.00475379010103242
1464      0.005638987234093019
5802      0.0015701104282405853
4855      0.005638987234093019
4326      0.005638987234093019
8182      0.002687104846288753
7484      0.0024869093039705348
6194      0.008390585784016674
9349      0.0029258184068222284
10198     0.007926991214041534
12069     0.009930287276843214
8499      0.003572301979349351
11916     0.0035125901363597385
4001      0.0018738967374599769
11899     0.0026667052464715672
877       0.004342196873543819
1556      0.0032665315736981598
9392      0.005638987234093019
6971      0.004521992816044851
11027     0.0014370988797154
10237     0.0015497108284233995
3873      0.005151043229328202
10332     0.004521992816044851
9074      0.003456999740483221
1112      0.004195292892008337
10062     0.002395595718311571
1520      0.0012365530912913367
2390      0.005080490025068935
3433      0.0024248986258871403
4770      0.0022755116188001513
5483      0.003572301979349351
10385     0.0014683503762789065
8812      0.002288003979948516
4767      0.0029258184068222284
5333      0.0029258184068222284
2339      0.0008297539179596852
10223     0.001723236380105544
12044     0.0019124563031803702
3791      0.0023135852127604516
11549     0.0010220100235170556
2426      0.005638987234093019
580       0.0014070143820564185
9847      0.0021082080374474834
6184      0.002503187456674626
9531      0.0035125901363597385
2790      0.0027742969848346226
11128     0.003572301979349351
1508      0.000872059757998314
3095      0.0065330631473963195
7597      0.002955013248570845
11427     0.0037069043302744194
11016     0.0025367648631547677
6271      0.00475379010103242
3369      0.0024101139697252196
4130      0.0033100957589477383
11133     0.0031125905067876515
7727      0.003963495607020767
8901      0.001936510064153223
1021      0.00272952206884813
6774      0.002687104846288753
2388      0.0028465011889725997
832       0.005638987234093019
6721      0.0016688961647029698
10069     0.0027742969848346226
