t_index   tf-idf
8136      0.008139589813560598
11523     0.01065619421900725
4794      0.004151677722364035
1334      0.007168271557699039
12207     0.017776379477624994
8259      0.0022708018431063987
2613      0.002761886766836977
208       0.005522471555108545
11770     0.008001435446440018
5839      0.04701878905973886
3692      0.0058771082057879455
2606      0.01726154861673659
1713      0.008512479642093552
10015     0.020903695599329433
8187      0.011929011739654573
3419      0.0045567507642113635
2357      0.0032405870468931487
3281      0.008552183410687506
5432      0.011510955741480014
11761     0.01948070420783511
2316      0.012400311230574956
3563      0.01893242091179474
2300      0.04640326899505553
963       0.023803376775026037
8874      0.0033303034088240824
3555      0.020204744664753253
11409     0.0192559216609541
3634      0.01171866431510898
443       0.006294429550598773
5968      0.005754632138689797
10988     0.00412005371418117
3260      0.012275193549749236
9314      0.030307116997129877
12208     0.021270787989547058
4049      0.009332508780875546
6011      0.01712511827732195
9913      0.014336543115398078
6743      0.027856773154544413
7425      0.003651242255931917
733       0.012275193549749236
12082     0.008210887723897572
10372     0.023201634497527764
3282      0.008977795870654056
6696      0.006117313099598029
7772      0.01525207201540391
6107      0.016567505492165072
7426      0.005250876987571597
9371      0.00813311223853052
6114      0.0038002662231263833
3885      0.011711940006536116
4500      0.013619401634143748
7561      0.01003922327920113
8034      0.009767028972444258
8822      0.003986398635314221
7497      0.00584165091536227
1252      0.01525207201540391
11937     0.007302509533280053
8264      0.008932690072100465
3670      0.011609925032811066
449       0.004728689852567781
10823     0.010810418540291883
8106      0.0051876231819561
1966      0.018605756701131106
6588      0.006155862662473154
9562      0.008434470747576864
7762      0.009740352103917556
6880      0.005522471555108545
10544     0.013888049503093086
8449      0.009262132186834433
7207      0.0033303034088240824
3340      0.004162286451585453
8320      0.00793445892500868
8437      0.01955948751493492
5735      0.008977795870654056
5316      0.008888189738812497
5233      0.012154626624686395
11349     0.01591734053234208
5142      0.006866679639503058
10725     0.010732409645775196
4210      0.008977795870654056
4165      0.008552183410687506
2261      0.005949181154130246
8101      0.0054433454828044705
9500      0.004037168770759733
9583      0.005587160925671177
8837      0.008674230016673232
11071     0.014698250128773285
8309      0.010581691644280865
12044     0.007868808758887172
4839      0.010732409645775196
8595      0.01089030734699543
2339      0.0034140256624448115
10317     0.0035880932027564216
6408      0.012275193549749236
7217      0.00376237752441226
