t_index   tf-idf
6020      0.010424171493696857
9849      0.011761266877716864
368       0.007125208895482821
9267      0.009398246551779102
1161      0.017972080720616745
7140      0.009821540335631077
2809      0.009904177709898761
12177     0.013461223317056351
8143      0.011650516989399829
118       0.011761266877716864
5759      0.005868649985730515
3352      0.028409172074326267
7552      0.01082837750463277
6816      0.012346281135357596
5274      0.012145173838488198
3653      0.0400643047030711
8259      0.004311232484738236
1942      0.00878905548263379
9371      0.011580844600516284
103       0.039525232638310044
8932      0.012682047295531886
667       0.008024531778181987
488       0.01082837750463277
10821     0.014817112751845751
2801      0.028409172074326267
2382      0.02700467913218052
3861      0.010246024047254085
8918      0.011541682181012213
4891      0.01290137690609793
78        0.013659479799537402
5335      0.021494371281287682
2819      0.02700467913218052
6818      0.018826832314230338
8348      0.022855306105466395
7847      0.014350668065303704
9500      0.007664769695210507
6681      0.013269021423319585
3266      0.013510205065627084
3708      0.01418429389597863
11565     0.027438928746346365
3251      0.01109067057844141
7887      0.013659479799537402
12040     0.026598465746669745
5272      0.015520741603220319
8874      0.012645499900172602
5253      0.025516819104685624
8544      0.11906017928313721
7681      0.02185413336425916
8568      0.03021987840198279
11552     0.009876511190951932
2025      0.008362552482277987
9930      0.010454359191498197
7151      0.01767927802368505
9396      0.015453424138788963
11238     0.003945771783970387
6616      0.010187744714892864
7474      0.03532397286736485
10343     0.01767927802368505
672       0.017872958625974638
