t_index   tf-idf
12208     0.01535246956821303
8259      0.01475082850150107
9913      0.0077606906946989605
6743      0.04523847871791717
7494      0.009622750874251547
8034      0.005287110724752884
2249      0.005600713083954912
4286      0.005600713083954912
10401     0.009131534445723713
944       0.006994128271253517
6880      0.005978874162968756
3312      0.006382168518786144
4016      0.003933330857700219
1696      0.021175974086417148
7497      0.018973295948242742
1538      0.0072814184056271694
11770     0.008662711103170599
5839      0.008484106565875744
7207      0.0036055350955037585
11178     0.010081571765572468
10733     0.018688122882582592
3175      0.027424840949826963
1132      0.015399362480334347
9069      0.01036433292698653
1319      0.014550913373746348
3701      0.014366810938116993
10919     0.009870380819519672
2357      0.0035084041582066324
5965      0.006903257326613325
2613      0.002990141871534248
4787      0.006836582766712227
3888      0.006512261980612319
7217      0.008146635631372003
2157      0.009974423193966122
9824      0.004187270580030078
3007      0.012569422969407024
3340      0.009012554134837925
11761     0.021090679762201654
3563      0.02049708379706703
2303      0.04526254749606869
8874      0.0036055350955037585
8302      0.03868502669157221
10903     0.006994128271253517
8383      0.017232823220965393
11823     0.009922025028420512
5569      0.008484106565875744
11851     0.008280889431698458
5835      0.050238249903737806
931       0.008088564287789467
12111     0.0028641917347017117
12082     0.017778946972406312
3720      0.009974423193966122
4027      0.006267609520069501
7406      0.017232823220965393
5240      0.015399362480334347
1295      0.008215629259417188
9264      0.0014602197591583677
8104      0.008812283186582136
4534      0.028383385527970546
7847      0.008183438814098807
1900      0.01080182115167908
4957      0.015399362480334347
8795      0.01036433292698653
1889      0.007676234784106515
12064     0.006622876165680511
7595      0.014191692763985273
9160      0.016303069019714338
9371      0.002201317568693178
9488      0.006602189015649069
7165      0.005927229954067917
1982      0.012679868932696126
6758      0.014366810938116993
8187      0.004304960159489667
8039      0.014550913373746348
12087     0.007356983524964936
5587      0.008026679813470872
8382      0.007648518734457028
11540     0.008889473486203156
10289     0.007486571990131567
6570      0.009670928921034388
3616      0.00981946917733109
11412     0.0076731615578260505
7123      0.004283273020430586
2366      0.006230221571639367
313       0.009769269609461725
11836     0.006156594157144994
2438      0.009258975428099697
5832      0.011300134390416692
545       0.011456211614882592
10243     0.002237818329987791
10387     0.013289672355513637
966       0.014950125601635233
8491      0.0058595069903053425
6102      0.0075397464529861945
2637      0.005910179040317724
