t_index   tf-idf
7140      0.004450097544193067
2809      0.0032053858441980043
8755      0.00625833022468079
12176     0.00556550271780561
9090      0.0010922634669647629
3448      0.0015084900140873827
3653      0.009724801915496854
10933     0.0026227767517299017
8259      0.0013952863107267275
1942      0.0034133855251504584
9264      0.005138165400190467
488       0.0035044936576907183
10821     0.0057544884420864355
667       0.009349407568951246
6020      0.0013494706061258595
9849      0.0007612827528728552
368       0.006456802807726459
9267      0.0024333171184718876
2877      0.0014185982935695826
7552      0.0028035949261525743
6816      0.000799149529399319
8267      0.001402763672444523
2625      0.0007710414399270458
7426      0.004839574709464441
7153      0.0009181203366064966
10910     0.0009650456137697785
3137      0.002765035462963409
5274      0.0031445290613721787
9600      0.0024201217198871324
7408      0.003414650984452094
3267      0.0013483622212459424
10958     0.0013004397744799515
1520      0.0025009460270395143
7475      0.002892399568591193
9931      0.0015398443813359282
4673      0.0019583094269767115
1165      0.006377671484061754
4794      0.0025509839663681463
2025      0.011367109330976363
3063      0.0013284848299983459
10250     0.0026922009817814834
12177     0.0008713174567325405
8143      0.0030164565563549277
118       0.004567696517237131
10071     0.0011382169948173648
10971     0.0011900207387748527
516       0.0026190646204314254
7880      0.002637796742207412
9543      0.004404519578135902
7887      0.00972565212743798
11238     0.000766205215086182
6616      0.0013188637623407272
28        0.004018503454492315
6174      0.0012574522653284411
3583      0.0034601982120839505
11927     0.0012100608599435662
8034      0.0018003951154646311
10503     0.0008713174567325405
337       0.003867590389908252
4454      0.0024036518428297137
3519      0.001956070928458548
11723     0.0019026421274134463
5435      0.003309825306910923
9141      0.0014267356278595213
4238      0.0018062577550368671
11970     0.002291101793950115
4970      0.001611294086741166
191       0.0011568800611559567
10026     0.002568840641193392
11786     0.0013003767405260728
2822      0.000959081407014406
8918      0.0029882779380481905
4891      0.0008350797434528679
78        0.0008841501934034528
8825      0.0027173536813314032
8558      0.0030404485746389595
8159      0.0012504730135197571
6727      0.0016580628823361428
8942      0.002958754448925293
103       0.00596957078308435
2801      0.0018388676108147396
2382      0.003495915309794476
6871      0.0018724604765814486
6648      0.0010609090997162171
7123      0.00145856295161004
9500      0.002480624338506215
158       0.0010460927139908588
11033     0.0013383023099966243
4233      0.001721664293170931
4896      0.0016995782566715189
3791      0.002339629323973515
9775      0.0007912893684492528
4549      0.00304773127805876
6817      0.007311734125789268
876       0.001435752851618119
7317      0.0022764339896347296
1607      0.0007288583765907202
2433      0.0034355064848369658
1110      0.005639705185190507
1649      0.0017239027916890943
3660      0.0014145733603507335
3954      0.00273851880405127
9701      0.00919337573376053
6150      0.0019749388084613364
9904      0.0015084900140873827
7259      0.0024036518428297137
4978      0.0017748450919585405
6607      0.0020478243661924468
6388      0.0010271401942082256
2261      0.0007310907422054994
5710      0.0008650495530209876
182       0.0018062577550368671
2833      0.0028512327572008792
8187      0.0009772986478391178
128       0.0013095323102157127
11651     0.0015564754948072523
1898      0.010706418479972994
1798      0.0006988254155858764
7135      0.0018874115641448169
7490      0.004611478599265002
5004      0.002152569449316429
8091      0.0014314302345270037
2793      0.00273851880405127
12046     0.002004056409178418
8181      0.0015398443813359282
8264      0.001097732082031108
7890      0.0020584578603769985
10181     0.001573814524538972
5179      0.0016307543372534297
7976      0.0015398443813359282
9747      0.0014314302345270037
1738      0.0024036518428297137
992       0.0018062577550368671
11875     0.0018743165422306868
12111     0.0016255497180999398
5799      0.0006066765158691101
3591      0.002004056409178418
11240     0.001573814524538972
11549     0.001033514826783664
4029      0.001610876946005833
3643      0.0018152572455347312
587       0.0022067775255332953
10673     0.001418724200187711
9306      0.001956070928458548
5147      0.0016969654763582206
2357      0.0007964669852589165
11412     0.0026129058588094337
10243     0.0030481352862497865
11138     0.0004961248677012429
3431      0.0015398443813359282
2915      0.0022524672203356132
2803      0.0018291859848953446
4871      0.0009959573301006467
4729      0.0012656829635531177
10822     0.002041876825910836
4518      0.004255794880708748
7769      0.00123677838173458
1508      0.000881876565780659
6114      0.0014010362342295204
10345     0.0022342442346022155
9824      0.0019011622520962077
5963      0.0003137018385016897
12171     0.00026030607950807517
3312      0.0021732900303183585
5157      0.0011900207387748527
10943     0.001933984891959136
4762      0.001318898371103706
6954      0.0066066060721324885
11884     0.0005220830540031739
7920      0.004552867979269459
4562      0.004001074167266186
5587      0.0009110959262945362
902       0.002152569449316429
5395      0.0008468044578046251
5402      0.0045715969170881405
9399      0.0021319402104769108
10259     0.0008153399660236208
4073      0.0005659019438418209
4966      0.0005455274131727438
6203      0.0012504730135197571
3449      0.0016995782566715189
8933      0.0014793772244626464
5609      0.0016516515180331221
226       0.0007887026568684001
9729      0.0009874694042306682
2696      0.0013801241980385948
677       0.0018388676108147396
4842      0.0013801241980385948
10049     0.0031838488524463995
2764      0.0014145733603507335
68        0.0013383023099966243
5259      0.0007710414399270458
1322      0.0023265920632693344
11739     0.0023895377701853068
5214      0.001071094772875887
6535      0.0005734327628023905
11912     0.0012935192942570178
6900      0.0005688975875250764
10501     0.002000537083633093
6696      0.0007517523602695513
2919      0.0013483622212459424
8800      0.000959081407014406
9108      0.0028512327572008792
10799     0.0015398443813359282
6681      0.004294383106046207
3266      0.0043724397257423496
1917      0.0012112815123545373
8209      0.0019131464532609168
8240      0.0021212597268222264
3569      0.0010412712884257452
7425      0.0008973972523960246
9493      0.0015322657561511331
2686      0.0015930251801235377
12005     0.0008293415400666748
2013      0.010901533611190837
6161      0.0007785169837087301
3117      0.002482947046043786
2716      0.001747957654897238
8659      0.0009750601493209541
10882     0.0006410771688396008
472       0.0010002685418165464
9547      0.002286448525185905
675       0.0011969851084551594
4286      0.0012714564411980193
5493      0.001721664293170931
8846      0.0019131464532609168
443       0.0015470361559633008
3785      0.0008438414941603196
1430      0.0028534712557190425
5387      0.0022281797970076533
2996      0.0029044135559884885
10740     0.0018083811590686799
6009      0.0007378621840490094
5291      0.001465565538889751
1913      0.002160147784164085
9791      0.0008588766212092414
131       0.0018362406732129932
11123     0.004076030521997105
2439      0.0009551827580733576
3888      0.00036959835818672166
201       0.001050971882551654
7175      0.001050971882551654
9360      0.004071938498074343
515       0.0033437779656390106
5954      0.0014267356278595213
5186      0.001611294086741166
6022      0.0007029826527332261
11863     0.0026757157907969444
331       0.0018152572455347312
2762      0.0022067775255332953
5107      0.002662267637937811
1889      0.0008713174567325405
11851     0.0037598034567936714
8239      0.002195538569268404
633       0.0015564754948072523
1101      0.0024225630247090746
10108     0.0026190646204314254
946       0.0016143286526884948
7502      0.0054347073626628065
11156     0.007355470443258958
8174      0.0025149045306568822
10578     0.0008322005392055166
8534      0.0015564754948072523
5423      0.00339654373302974
7525      0.000900781306874777
75        0.001647366073060342
7709      0.0024674263594284206
5802      0.0007938926086507275
4629      0.001956070928458548
5556      0.003221753892011666
3319      0.0014522067779942443
1672      0.001573814524538972
6138      0.0010460927139908588
7541      0.0010460927139908588
1061      0.001031796310091481
5897      0.0010179846245185857
3625      0.001318898371103706
1192      0.0017620479036441427
3378      0.0018152572455347312
5724      0.0013586768406657016
10712     0.0013801241980385948
687       0.0014267356278595213
2613      0.0006788126950387316
5968      0.0007071827487508099
10401     0.0010365062550962189
176       0.001291422408531485
10490     0.0018743165422306868
8686      0.0016586830801333496
9249      0.002195538569268404
5038      0.002004056409178418
338       0.0006771027019437585
5334      0.001747957654897238
10907     0.0038207310322934305
513       0.0011764392909618857
5877      0.001747957654897238
3565      0.0005088972524417656
10424     0.0026007534810521455
5330      0.0018724604765814486
2816      0.0017760657443695114
6974      0.0013801241980385948
8882      0.001801562613749554
4536      0.0010659701052384554
3042      0.00152386563902938
11936     0.0008841501934034528
5403      0.004008112818356836
1560      0.0007861322653430447
784       0.002568840641193392
10901     0.0008527958261549071
2339      0.0004195472436963136
2020      0.0028512327572008792
4781      0.001956070928458548
8261      0.0006519904741942086
8519      0.000966992445979568
3277      0.002568840641193392
1527      0.0015930251801235377
2639      0.0011505635671043917
11675     0.0010134828582129866
4406      0.0011443435118520342
8959      0.001880899409674674
11082     0.0013003767405260728
7773      0.0011831734228822642
6588      0.0007564896892907911
2442      0.0017760657443695114
9056      0.0013383023099966243
4414      0.001081541645406806
4305      0.0009110959262945362
1451      0.0019583094269767115
10833     0.0009832908475456306
11695     0.0019131464532609168
505       0.0012656829635531177
4146      0.001050971882551654
6073      0.0018291859848953446
4937      0.0006464972803395631
4255      0.0020359692490371714
3848      0.0010046258636230787
7160      0.001465565538889751
104       0.0019919146602012934
7049      0.0008907213956254589
2205      0.001673678812451061
3419      0.0011199518763821549
5591      0.002004056409178418
9439      0.001721664293170931
9364      0.001120371556437036
7847      0.0027866681890411507
8320      0.0009750601493209541
3310      0.001086867286018148
9043      0.002568840641193392
580       0.002134279789667194
12093     0.002446620235787646
3250      0.0007333354074174041
1736      0.0018743165422306868
1668      0.001050971882551654
11908     0.0019131464532609168
442       0.001747957654897238
7516      0.0017239027916890943
8769      0.002397448588197957
8418      0.0017618078312543605
4739      0.0027225024345477813
8799      0.0010922634669647629
9258      0.0013284848299983459
7488      0.0005629281663657359
11872     0.0009216784876544695
4782      0.002958754448925293
283       0.002339629323973515
4016      0.0026787975634993983
8794      0.002004056409178418
11989     0.001103275102303641
160       0.002568840641193392
6166      0.0013151174963818618
11115     0.0011145926552130036
7644      0.0015398443813359282
11867     0.0009791547134883557
561       0.0024036518428297137
1438      0.0021212597268222264
1902      0.0012826606578240334
11859     0.001081541645406806
3497      0.001022536690929854
149       0.0034330305355561026
8528      0.001956070928458548
10647     0.0010559101939891374
4838      0.0006766892910069189
10111     0.0012186223542982114
1548      0.0024036518428297137
8379      0.002026965716425973
232       0.0014941389690240952
10749     0.001318898371103706
3533      0.001721664293170931
4796      0.002286448525185905
8274      0.0011969851084551594
6456      0.0016969654763582206
3498      0.0018388676108147396
11178     0.0011443435118520342
7681      0.0014145733603507335
1399      0.0007588791724182582
8218      0.0016516515180331221
5764      0.0018362406732129932
3692      0.0014444674952311836
11507     0.0019131464532609168
8910      0.0015564754948072523
87        0.001439272177163444
4377      0.0016516515180331221
3650      0.002637796742207412
10582     0.001391286696443574
3965      0.0018388676108147396
6914      0.004208291017333569
7990      0.002004056409178418
6044      0.0018388676108147396
8445      0.0016307543372534297
539       0.0014444674952311836
569       0.0008497891283357594
6360      0.0006967625974808687
9581      0.0007178764258090594
2779      0.001291422408531485
666       0.001747957654897238
7393      0.0013003767405260728
8874      0.0008185173481349996
6132      0.0015774053137368003
8957      0.0015398443813359282
449       0.0005811054134018567
10223     0.0008713174567325405
2662      0.0012740833787997653
11794     0.001402763672444523
10054     0.0012337131797142103
8491      0.0006651035139089553
6571      0.0011262336101678066
10674     0.0008744879451484698
1568      0.0014936736283620241
7161      0.002004056409178418
3634      0.002160147784164085
9163      0.0016307543372534297
8155      0.0015398443813359282
9371      0.00024986812927943204
24        0.001439272177163444
2631      0.0009832908475456306
6122      0.001369259402025635
1871      0.001439272177163444
7342      0.0016307543372534297
4417      0.0004623559621932515
7924      0.0011831734228822642
2659      0.0026190646204314254
1382      0.0018062577550368671
777       0.0013586768406657016
2561      0.0007938926086507275
3433      0.0012260978980798956
9132      0.0011969851084551594
375       0.002568840641193392
124       0.0024036518428297137
6645      0.0016969654763582206
8478      0.0014522067779942443
5759      0.001139597136065869
6312      0.0013284848299983459
274       0.0012826606578240334
10144     0.001573814524538972
297       0.0013095323102157127
14        0.0013483622212459424
9284      0.001369259402025635
7424      0.0008744879451484698
11125     0.0014145733603507335
2164      0.0009110959262945362
12107     0.0023663468457645284
867       0.001402763672444523
241       0.0018743165422306868
10233     0.004391077138536808
4141      0.0019131464532609168
11255     0.0014522067779942443
8859      0.0013003767405260728
4137      0.0006613136660649214
1340      0.0012112815123545373
4124      0.001120371556437036
9158      0.001721664293170931
4953      0.003081420582624677
3556      0.0015564754948072523
10043     0.0010002685418165464
4316      0.0011632960316346672
6580      0.001009030292523998
3944      0.0012574522653284411
5427      0.001573814524538972
786       0.001402763672444523
4749      0.0012260978980798956
3935      0.001108894580436087
10769     0.0007588791724182582
4002      0.0024036518428297137
621       0.0007008987315381436
7217      0.000924711924386503
7201      0.0023528785819237714
1343      0.0011900207387748527
5099      0.0014936736283620241
3776      0.0009362302382907243
11527     0.0013483622212459424
3730      0.0013340234816836762
12181     0.0007710414399270458
6017      0.0011900207387748527
3761      0.0014267356278595213
3656      0.001086867286018148
4459      0.002286448525185905
2114      0.002195538569268404
500       0.001721664293170931
12008     0.002004056409178418
1659      0.0017760657443695114
4914      0.0024036518428297137
9589      0.0006252365067598786
1682      0.000823683036530171
4496      0.001673678812451061
2637      0.0006708552193981656
5275      0.0011632960316346672
9458      0.002568840641193392
5205      0.0015084900140873827
5335      0.001391286696443574
2819      0.001747957654897238
6818      0.0012186223542982114
8348      0.0014793772244626464
3708      0.0009181203366064966
11565     0.0017760657443695114
3276      0.0014936736283620241
8920      0.0010134828582129866
11074     0.0012826606578240334
11677     0.0024036518428297137
4363      0.004954954554099366
8932      0.0008208829862961539
9047      0.0012040706036619566
11817     0.001439272177163444
11080     0.0012740833787997653
2249      0.0012714564411980193
11835     0.0005455274131727438
5342      0.0009513210637067231
3369      0.0012186223542982114
8908      0.001402763672444523
8822      0.0004898857610001528
10194     0.001318898371103706
637       0.00273851880405127
8954      0.001721664293170931
5160      0.002286448525185905
