t_index   tf-idf
10582     0.00714752587184988
5107      0.0022794998409973546
1682      0.004231547551523674
7541      0.0026870718870223025
1061      0.026503490760422136
5897      0.02614871348763403
10821     0.014781408865696725
7201      0.009065669524087014
7490      0.009871157001639543
176       0.009951732198755878
3643      0.004662805358409696
8313      0.0036970220261595935
2626      0.006338015660604088
667       0.0066709962975247845
368       0.008292713003658319
11859     0.002778128660249772
12176     0.014295966017303085
11412     0.002237235056619162
10243     0.001957416997073658
83        0.002222030900049091
6509      0.0036648197091524093
1192      0.004526127868155798
3378      0.002331402679204848
5724      0.003489998824456959
10712     0.003545090108696728
11238     0.00393626390015359
12171     0.002005924921124878
208       0.0034864760179239493
5759      0.0019515028868212314
7888      0.0008565469600593375
967       0.002766415748085392
3659      0.0035171819820706677
7769      0.0031768813371784634
6681      0.004412349292573742
3266      0.004492550118208525
8259      0.001433614657575606
1942      0.002922625678562561
8942      0.007600077692902079
1526      0.013004511220699986
7955      0.00587314247674259
3701      0.0041888774060533885
10490     0.014443528438683703
9202      0.0015249974427522458
10544     0.004383938517843842
3633      0.006174199673389096
9360      0.002614871348763403
6033      0.001549915113446749
3117      0.003188941627810453
10933     0.0033685301413784044
12111     0.0008351016865033907
10401     0.005324894785217202
4677      0.0026503490760422135
1147      0.003955359302419518
5588      0.0037302468080526855
12177     0.006714393317182325
5387      0.0028617345344700705
2822      0.0049271362885655754
11552     0.001642118728134177
2025      0.0013904002922341713
12113     0.002504612335364186
3137      0.0023674922116618423
9267      0.0015626000290909835
3063      0.0034124453705499684
8143      0.0019370739090809356
118       0.005866463237800942
488       0.0018003808381196655
103       0.004381110123764487
2801      0.004723452706333765
2382      0.0044899346026998944
9264      0.006386262320174548
11970     0.001961698403494637
4970      0.0013796301176434403
9141      0.0036648197091524093
4238      0.0046396885948657846
3861      0.0034071116108941295
8918      0.0019189784831080549
4891      0.0021450482084837525
78        0.00454218846346063
5802      0.0040785037148032555
11927     0.001554126357469689
4518      0.020041546494454127
3319      0.007460493616105371
5423      0.020357437217564594
5556      0.016551275416310535
569       0.004365663666534553
11984     0.0022381311057274415
6011      0.0013514400568248044
12227     0.00587314247674259
21        0.00587314247674259
6683      0.006598515960270256
3616      0.0028630259529085827
3873      0.002230050040648917
10177     0.004042617549779625
4956      0.0037645611191722285
10673     0.001214746985863534
11937     0.0023051295153245473
11059     0.004723452706333765
6724      0.01406872792828267
6184      0.0032511278051749965
710       0.004299136419452605
6361      0.0014459793381828303
10578     0.008550609877523669
7552      0.003600761676239331
10822     0.0052449173407733765
5186      0.0013796301176434403
8136      0.002569364495364912
4146      0.002699604883855574
6088      0.0038000388464510394
7708      0.009629018959122469
54        0.005287508624486459
7249      0.007323889443797922
7525      0.0069414424563506915
8799      0.0028056695320106922
8497      0.004562135140958793
5965      0.0020127569554703913
4629      0.010049019805960542
5401      0.0056396243731087195
758       0.0011075434278538
8255      0.00357376293592494
10101     0.0031302444088720325
11917     0.0046396885948657846
3686      0.004914250889581054
5764      0.002358352479090423
3653      0.003330647017484224
11549     0.0013273816931944407
2210      0.004444061800098182
6954      0.008485110931196667
1557      0.0237321558145171
11074     0.003294737978892578
8706      0.0026870718870223025
3736      0.0018837001067637416
179       0.007323889443797922
10791     0.004814509479561234
7475      0.003714816795323147
2063      0.0029694855192256833
6753      0.0035171819820706677
3888      0.0009493779513904706
10805     0.002262755600141143
6655      0.0044899346026998944
6203      0.001606029195677182
8640      0.001961698403494637
7426      0.0016575057478840467
10094     0.002214072742097078
2150      0.002167554295843134
448       0.0029881290836688084
75        0.002115773775761837
11712     0.00587314247674259
1547      0.02349256990697036
4049      0.001472962229270719
1798      0.001795055163890468
2354      0.009828501779162108
1860      0.007996158445612198
10503     0.004476262211454883
4641      0.001980554638463207
1607      0.005616600212860538
4827      0.01174628495348518
7709      0.003169007830302044
5363      0.0069414424563506915
4073      0.0014536180051454967
10718     0.0029237091963260505
5436      0.0020062367304681623
3765      0.007323889443797922
8814      0.0038748201325714457
3291      0.007323889443797922
68        0.003437663283027474
3762      0.0027918084985430022
10071     0.0029237091963260505
1955      0.001508709289385266
10943     0.002483889029913782
9589      0.001606029195677182
1360      0.0028339548410980277
7001      0.005287508624486459
5744      0.006174199673389096
338       0.0008696282894843935
635       0.0023225714645388105
4172      0.0028483894523972744
5299      0.004558999681994709
2357      0.0010229322967301266
1913      0.0018495723196135863
9791      0.002206174646286871
5569      0.002473679263785458
1195      0.003092865695189508
4838      0.001738194660755122
11084     0.006185731390379016
8247      0.0022462750591042626
2272      0.0038748201325714457
3583      0.002222030900049091
116       0.002971648542631928
4682      0.004089135996033569
10305     0.006174199673389096
3386      0.019795547880810768
8091      0.0018384393132599831
4174      0.005024509902980271
8311      0.0029881290836688084
320       0.002662447392608601
2185      0.002908205316794942
1017      0.0023225714645388105
11662     0.0031113881739034625
3868      0.006598515960270256
7368      0.002115773775761837
7797      0.0021524965867419257
12196     0.002662447392608601
1340      0.0031113881739034625
7048      0.006113552325465027
6182      0.002504612335364186
7227      0.0015971979810111452
5400      0.004299136419452605
4840      0.003437663283027474
2135      0.0041888774060533885
12093     0.0015711428743070065
12188     0.007323889443797922
287       0.010049019805960542
2920      0.004967778059827564
11863     0.0017182608632467127
876       0.0018439910118372468
5351      0.0016842650706892022
10501     0.002569364495364912
6195      0.0056396243731087195
6456      0.004358952283850273
4067      0.0032727057392784335
3318      0.007828630222676238
8491      0.0017084345682577022
6360      0.0017897564552159181
6036      0.003489998824456959
11622     0.006174199673389096
457       0.002674687213161071
5435      0.0028339548410980277
6668      0.003340244832291069
9669      0.006598515960270256
2762      0.0018894978652357376
7425      0.0011525608084989908
10389     0.0036648197091524093
4978      0.0022794998409973546
4417      0.0011876420619229063
12181     0.001980554638463207
6311      0.0013689696581137315
3857      0.0017844844404010375
5181      0.003294737978892578
11958     0.001774019425917225
1649      0.002214072742097078
