t_index   tf-idf
9913      0.0020960794063807457
6743      0.022400452073492467
4417      0.005500797496629533
10909     0.009218680496615377
2388      0.0034246967429826585
11196     0.011043351845470168
7497      0.013665290534151022
10544     0.004061014475234808
12208     0.00829307507925793
1508      0.003147590689025164
10480     0.00571940371530463
3348      0.0038330241617013793
11805     0.00422608500780781
10099     0.0022189534383693743
11841     0.004654400914591099
2357      0.0047379118654352955
11138     0.0035415342118494974
11154     0.010662429159602128
1730      0.003310517005376897
7207      0.0009738163985623991
6571      0.002679832652765361
5186      0.0012780055777277402
2918      0.007797005730699355
4016      0.0031870515655026323
6758      0.011640965112804616
5814      0.008075737490169032
1982      0.010274090228947977
6756      0.0030520452259830797
2113      0.0031844425501258962
8959      0.0029836886468946463
12084     0.0023790584230860045
10501     0.0023801032713759787
2339      0.0009982976825452462
11549     0.0024592116190879144
83        0.0020583545167865464
6102      0.0020364047339538603
8362      0.004375519806090429
10246     0.0022820999550833853
338       0.0016111416970358181
9768      0.007178796227755133
6578      0.005387969671740629
3859      0.0031844425501258962
40        0.0029540419096904863
11455     0.004037868745084516
10164     0.0029355764499449733
6098      0.0030942000120553425
5272      0.0023904713629959865
1142      0.004654400914591099
1913      0.0034266630028555274
8743      0.0056632236943481825
9562      0.009865318463683654
3933      0.006112464561411062
5209      0.002349648180602438
6973      0.0015916925407307716
1520      0.004463183813879668
569       0.004044085762526427
1798      0.0016628301183360362
4283      0.002573489718758159
7157      0.004159202812768875
7835      0.009308801829182199
11540     0.0024009515442646916
10401     0.009865318463683654
6458      0.0024776678425487597
3888      0.0017588921867278805
10958     0.0007735874997743462
6727      0.002630200941324893
4794      0.001213995048280555
3419      0.0013324427457850191
2508      0.0029540419096904863
8382      0.008263131847047325
230       0.003337826059879155
7561      0.0029355764499449733
2210      0.0020583545167865464
7475      0.0011470602455796919
6251      0.00409663869758976
320       0.0024663296159209134
8450      0.0017237553365471504
6505      0.002737724916368932
10385     0.001766609046460559
9039      0.00673185358095483
9196      0.0033256602366720724
4286      0.0030253851926720725
11439     0.0035893981138775664
7174      0.0027680213609878467
3312      0.0017237553365471504
8908      0.00667565211975831
5118      0.01009492352139506
9488      0.005349541546162081
2613      0.0008076052822670625
1132      0.00831840562553775
11826     0.004898026962414911
4500      0.003982458959983997
3708      0.002184634550943137
10424     0.0030942000120553425
758       0.0020519219757112813
9202      0.0014126650418352276
1879      0.004693912671237939
11066     0.006553903652829411
102       0.0021433769489475722
5373      0.00422608500780781
4073      0.0013465434645879041
4966      0.0025961259930452896
8187      0.002325447229010043
2524      0.006553903652829411
314       0.003744835453478893
7314      0.004297925818904688
7769      0.001471434994340471
1560      0.007482294596925764
963       0.01624084561212714
11927     0.001439648299888216
10885     0.001987042425269547
5956      0.0025007500598215695
7237      0.004552263658875306
7352      0.005440522606803961
9245      0.00378792731775431
10910     0.0011481457860252051
12045     0.001987042425269547
3342      0.0031610822070942783
10684     0.0018828447918904094
11817     0.0034246967429826585
5915      0.006784406516018163
6011      0.001251892016924763
5884      0.004898026962414911
8432      0.00504746176069753
11936     0.0042076076168217885
12207     0.0025990019102331186
8259      0.0006640067889440586
1713      0.004978280504974355
10205     0.003011647408811659
580       0.003385628356823257
8262      0.0021353320287046586
2133      0.003011647408811659
2682      0.001973388575247936
8686      0.001973388575247936
3340      0.0036512914631095603
136       0.003208379749661104
1538      0.001966633096162695
11770     0.0023397054542045586
5839      0.0068743988469037835
12064     0.0035775357859256325
11784     0.0034685849528826238
9371      0.0005945522897586485
3797      0.0027229245170407776
9729      0.002349648180602438
6360      0.0016579217163272455
6566      0.002329863670934346
9160      0.0022016421332426727
9207      0.006849393485965317
4787      0.0018464877561879002
10522     0.001643343887847429
5302      0.0024115462653014363
7595      0.0038330241617013793
1889      0.0020732687698144826
11412     0.0010362193621617768
10243     0.0018132322629142144
11937     0.0021353320287046586
3555      0.0059080838193809725
9264      0.0015775588469478792
7773      0.002815318903554673
1527      0.0018952732611737626
1885      0.0027992952771548436
2991      0.00422608500780781
5395      0.002014940964329755
5015      0.0021433769489475722
10903     0.003778078217953908
7888      0.003173812396648438
8876      0.002665884105272054
9577      0.003232923018191156
12181     0.0018346655691121223
12171     0.0006193890195437681
3565      0.0012109028372833085
8640      0.0018171982978800764
4916      0.00409663869758976
8192      0.005224205613482407
6499      0.0031844425501258962
6880      0.001614829852051829
6349      0.006382059967643228
9069      0.005598590554309687
2616      0.005440522606803961
2275      0.00845217001561562
11178     0.0027229245170407776
8304      0.0028481833161008926
1572      0.002329863670934346
11078     0.0036640047109466507
11238     0.0024308772597674702
7597      0.0017776251573433989
4838      0.0016101580004762848
9411      0.0029174561592704654
10433     0.0029174561592704654
1131      0.007502250179464709
9886      0.006112464561411062
10181     0.003744835453478893
4235      0.004037868745084516
2236      0.0030728934988717926
8101      0.006366770162923086
3001      0.0035201252707079936
897       0.005440522606803961
11867     0.002329863670934346
10786     0.002560981063584055
6435      0.008494835541522274
10252     0.004159202812768875
1430      0.0033948664716478786
2346      0.002536437795054003
5963      0.0007464423210776812
6900      0.001353671491744936
6437      0.00504746176069753
1729      0.0034554741637095186
10878     0.01009492352139506
11220     0.0017396043106943356
9162      0.0027527547883755576
5735      0.0026252037032492887
1319      0.003930045799605598
7322      0.002560981063584055
4845      0.007860091599211196
6009      0.0035114334294475175
9791      0.004087332492004693
9500      0.0011805114039498325
4322      0.001308249506984597
7194      0.004375519806090429
2290      0.004552263658875306
10345     0.0017721014539330074
3611      0.0038803217042682053
2671      0.005224205613482407
3031      0.0032581038449984974
11930     0.001870573649231441
449       0.0027654391548499074
7150      0.0017449454113994478
6964      0.003232923018191156
718       0.006784406516018163
10068     0.002111590254495317
872       0.003982458959983997
8822      0.0023313313447596556
1686      0.0024776678425487597
1478      0.0047685806521968604
329       0.0021596698925669903
9723      0.0029355764499449733
1955      0.002795153370959309
9078      0.0028996683698256547
10265     0.0035893981138775664
8160      0.0023904713629959865
12016     0.0031382715705280144
3250      0.0017449454113994478
10704     0.004297925818904688
199       0.002167920217477624
1376      0.011947376879951992
2093      0.005172323780782794
8890      0.006784406516018163
8776      0.00422608500780781
6132      0.001876689804066327
729       0.0028316118471740912
586       0.002236579511686414
11075     0.002638575050769796
11410     0.006112464561411062
6930      0.002000891336879558
8536      0.005277150101539592
5210      0.005224205613482407
8874      0.0009738163985623991
8552      0.005224205613482407
12087     0.001987042425269547
10943     0.0023009239897638827
6138      0.0024891402524871774
3085      0.0031610822070942783
8881      0.008168773551122332
9931      0.0036640047109466507
6896      0.003744835453478893
1450      0.003930045799605598
11115     0.0026521334161987986
1219      0.0029355764499449733
1838      0.003365926790477415
7820      0.01143880743060926
11409     0.002815318903554673
4027      0.0016928141784116285
167       0.0030316358968762273
2081      0.004159202812768875
4937      0.0015383171893794067
8136      0.0023801032713759787
768       0.00571940371530463
8388      0.0030728934988717926
5412      0.005440522606803961
10545     0.003930045799605598
6535      0.0013644627793467595
25        0.002272823259165623
4655      0.003744835453478893
3866      0.006784406516018163
10882     0.0015254202276406572
12131     0.0035201252707079936
11827     0.0026252037032492887
5363      0.0021433769489475722
910       0.0035201252707079936
1285      0.00504746176069753
6311      0.0012681303752616038
11691     0.0027992952771548436
8272      0.0031610822070942783
8566      0.0020960794063807457
10933     0.0015602009025357563
3857      0.0016530380418893539
8449      0.0027083466885609617
3173      0.002737724916368932
