t_index   tf-idf
11412     0.0009691571487442088
10243     0.0005652944006858511
8685      0.001932089283651984
4286      0.001414793910560635
11851     0.008367328778584662
8159      0.001391444919010502
667       0.0092474771222473
11859     0.004813876384148873
5963      0.0006981339453920692
6900      0.001266064359711339
9543      0.0039208499960692025
2686      0.0070904586305289815
7426      0.01579647962231873
9264      0.008483907285465005
4137      0.007358667724689
5893      0.00287402147702414
2813      0.00455124890409697
10102     0.004019771955885804
2357      0.0008862565827620093
3634      0.004807343502962243
8491      0.0014801677365907022
2919      0.0030007393065723895
2339      0.0028010690716927158
10943     0.0021520124163136103
1693      0.003096266426740814
8028      0.002935091379238445
7475      0.002145649227639674
9824      0.0010577447602998732
8874      0.0018215855806094144
5330      0.002083552054317144
10067     0.002235764448063052
513       0.0026181300295727975
12093     0.0027224396360643324
10101     0.0027120071600874596
3449      0.0018911799808056776
4412      0.001904612360775218
8450      0.0016121970579814683
9678      0.005349254414314142
1913      0.003204895668641495
10345     0.00828707151734851
2787      0.002372284200802074
10049     0.007085559241561297
10503     0.0019390906239601005
1192      0.009149896629779117
2025      0.008432385905929577
2433      0.0038228078422089824
3660      0.0062961803846926165
11084     0.002679622679548321
8865      0.004353176638281445
7650      0.005349254414314142
9930      0.0015059515328045418
1165      0.006082849211461225
3565      0.0011325354302774992
3668      0.0035849578798376153
9267      0.0027076367936232065
11867     0.002179079174485568
10933     0.004377682699390515
6659      0.00508842197880621
2973      0.004353176638281445
1607      0.0016220522535400994
6161      0.0017325659804457332
3096      0.0020918321946461656
7207      0.0018215855806094144
3385      0.002075346848412275
2834      0.0021975832670352653
5387      0.0037190600160910627
3982      0.0028939490718179403
12177     0.005817271871880302
2253      0.015265265936418632
4864      0.004171234726550965
8755      0.0059690247714074465
368       0.002052774170306115
8143      0.008391290942260836
118       0.008471058607123837
11483     0.005716877084576526
1889      0.007756362495840402
8918      0.004987741568829912
5423      0.005039270173151986
7525      0.0020046615305396916
3888      0.002467589873655816
10740     0.0020122487636400964
2439      0.0021257303133741107
3643      0.008079600099123271
587       0.004911116580831927
12176     0.0027524128495387515
2662      0.005670867982465761
5075      0.004413957770925131
5107      0.001974932012555119
3981      0.0029143245150103332
4673      0.004358158348971136
3650      0.005870336799985597
1008      0.003357098862248747
5759      0.0008453796430384248
10673     0.0010524425869172579
7769      0.0013762064247693757
9163      0.003629194412342705
7490      0.005131353013378384
9500      0.003312332624026253
8318      0.0064636844481915
9448      0.004019771955885804
677       0.004092344202773512
11607     0.006345332190346841
6727      0.002459979168504284
2069      0.0019532576163260548
8769      0.001778483086304121
7887      0.003935298981912654
6196      0.004092344202773512
199       0.002027616403820408
3378      0.0060597000743424535
9312      0.004257649518113021
1560      0.0017495135591976733
2966      0.0024307992813871336
6521      0.0024069381920744366
9371      0.0005560739578536003
4518      0.004735571339076749
1508      0.0009812948007538438
569       0.0018911799808056776
12181     0.0017159293840547615
2164      0.002027616403820408
703       0.005716877084576526
11024     0.0014717335449378
9578      0.00323184222409575
6138      0.002328047668296984
10822     0.004544135065596975
5186      0.0023905908092777773
4960      0.002506398806761757
5753      0.00323184222409575
11059     0.004092344202773512
10054     0.0027455913352303716
3364      0.006345332190346841
449       0.0012932325066521487
671       0.002519635086575993
1904      0.003047245349810703
1322      0.005177760207609834
1562      0.003324125444329682
4848      0.003203056661495263
7256      0.0015506240687152525
488       0.0015598289098531545
2417      0.0029565027740672996
7790      0.0023498961728443016
10362     0.0034268770574198315
3692      0.0016073093422927366
10823     0.0029565027740672996
11864     0.0027120071600874596
4582      0.0031751569505182663
11903     0.0037247215325111292
9847      0.002372284200802074
10145     0.0016171112654835085
5720      0.0035427796207806485
773       0.0074494430650222584
7516      0.001918246738977635
8974      0.005560935044167852
6114      0.004157284970601722
115       0.002442969518674657
5308      0.0033913168501154885
9701      0.003147627599867905
338       0.0007534357831649755
8777      0.00508842197880621
7597      0.001662580522943304
3049      0.003629194412342705
3573      0.002245566371253824
11080     0.0028354339912328805
8396      0.003831511767265579
7907      0.0029351683999927986
8749      0.006192532853481628
1694      0.0026956703385593666
201       0.004677812220459554
3774      0.004118311798299446
944       0.0017667839683124748
1430      0.0031751569505182663
7425      0.0009985652098686453
1489      0.004886104623883337
8182      0.003023694179853106
11913     0.0025605443894222996
4029      0.0035849578798376153
3596      0.005633478242787571
2561      0.0035335679366249495
11240     0.003502476582794455
3653      0.010099717730471473
11549     0.004600111922135222
337       0.001721441067073986
947       0.00323184222409575
2135      0.00725838882468541
6696      0.0033460042423688586
68        0.002978351278614617
11927     0.0013464769067848034
5259      0.0017159293840547615
128       0.0029143245150103332
11651     0.0034638890970031962
1898      0.002978351278614617
1798      0.0015552148079635577
7135      0.0021001886507081152
4417      0.0010289591976993865
7342      0.003629194412342705
11739     0.0017726146576322454
2613      0.001510677104198931
217       0.0027455913352303716
10958     0.000723522337993543
11910     0.0016522773545184352
12111     0.000723522337993543
11989     0.002455305342496203
11835     0.0024281094882761785
4130      0.0037247215325111292
4152      0.004581035655870314
11621     0.006345332190346841
10772     0.0042003773014162304
7888      0.0014842045445704593
7990      0.004459966873035894
5395      0.0018845376868887897
7644      0.0034268770574198315
4158      0.006001478613144779
3694      0.0028939490718179403
7140      0.001414793910560635
11897     0.0024307992813871336
331       0.002019900024780818
3037      0.002533067466545534
8627      0.004092344202773512
9775      0.001760990536047815
2822      0.002134406638574857
11036     0.004459966873035894
9796      0.002978351278614617
485       0.0015738137999339525
4016      0.0009935971477697837
11334     0.0039525805500999975
11348     0.0035849578798376153
5303      0.004019771955885804
5004      0.00239523907408279
4896      0.0018911799808056776
6571      0.002506398806761757
7153      0.0020432490163309505
3791      0.007810161354976305
6989      0.001331969892264286
980       0.00323184222409575
10555     0.003324125444329682
1110      0.0020918321946461656
8311      0.002588880103804917
1649      0.001918246738977635
9600      0.004039430720354411
5015      0.004009323061079383
8181      0.006853754114839663
4838      0.0030119030656090835
2825      0.0032615717420803225
12044     0.0021520124163136103
1846      0.003776545298116624
9125      0.006345332190346841
4049      0.0012761572550049024
11425     0.00323184222409575
6362      0.004459966873035894
4911      0.00508842197880621
1779      0.005349254414314142
380       0.006345332190346841
7280      0.006345332190346841
7437      0.0028354339912328805
3406      0.0036757004555810187
11075     0.0024678113209704983
1682      0.0018330816637602552
12191     0.0022554754214092767
3785      0.0018779437009914417
1399      0.001688862625882804
7445      0.004019771955885804
1879      0.0014633770888758501
3167      0.003776545298116624
1778      0.004581035655870314
50        0.004257649518113021
11872     0.00410233514755601
3700      0.003502476582794455
8219      0.006345332190346841
580       0.001583258354756596
2120      0.00508842197880621
7949      0.006345332190346841
10982     0.004581035655870314
2061      0.003629194412342705
2122      0.0032615717420803225
4069      0.001391444919010502
6681      0.0019114039211044912
3266      0.0019461464499546319
2603      0.003203056661495263
758       0.000959562677576883
867       0.003121808089406809
956       0.004353176638281445
6026      0.004092344202773512
3250      0.001632015750118899
10317     0.0009812948007538438
9196      0.0015552148079635577
5802      0.0017667839683124748
3993      0.0014717335449378
7541      0.002328047668296984
1061      0.0022962314541910616
5897      0.0022654939660476246
9360      0.0022654939660476246
3625      0.0029351683999927986
1101      0.0026956703385593666
5724      0.003023694179853106
10712     0.003071424624444973
689       0.003203056661495263
