t_index   tf-idf
1110      0.00994035338527295
8187      0.004134128407128966
10982     0.00870760348873762
1382      0.007640757011386112
11552     0.0013521414130469908
2025      0.005724366282511716
2659      0.011079059068967854
11220     0.0015463149428394094
667       0.005492983062446003
1165      0.007708160773253774
2159      0.00847747671501664
9855      0.006513786152794045
7988      0.005354039837887394
8554      0.0031592382695117415
2441      0.0028518931108098703
2809      0.0040677872737084194
7426      0.006141650762248922
9264      0.003505686326550843
10522     0.002921500245062096
78        0.0018700478296985725
9668      0.004486632676175582
6108      0.002731460887886038
3448      0.0031905761012245037
2832      0.005063437006401586
1192      0.003726871161279079
2813      0.0021627462550222708
8390      0.0020797381815151634
9543      0.0037263633891213258
10143     0.002298810569236797
2150      0.0017847917316962314
448       0.002460463431989197
338       0.0014321259529207272
8558      0.0021435966802679433
8491      0.004220240153731823
6079      0.002012119551411442
9500      0.0062960608210657736
8143      0.007975056272505835
9525      0.0035399635199857755
5963      0.0006635042854023832
12171     0.0011011360347444766
5735      0.004667028805776513
8755      0.005672942193460648
8091      0.0015137942757993907
11859     0.004575092833347838
11115     0.002357451925510043
6585      0.004486632676175582
7920      0.0024074192787208546
4562      0.002115647352334203
2417      0.005619701701500939
1889      0.0018429055731684289
8918      0.00158011125097191
10933     0.0013868452466984501
485       0.0014957476392229432
10503     0.0018429055731684289
5759      0.0032137845159952816
9267      0.0038599941194807025
12113     0.0020623296015399545
7552      0.001482456444086629
8426      0.003889350938747048
4001      0.004008056910678284
1755      0.005433301832365388
5004      0.0022764276120747153
12177     0.009214527865842145
4016      0.0028329347248912287
2814      0.0030715325899640165
3137      0.0019494231504755247
7888      0.0021158749310989586
586       0.00198807067705459
443       0.0016360521252548397
8595      0.0028306156001119075
2627      0.0036414566200797865
10822     0.00431873154051776
6727      0.002337956392288794
9824      0.0010052772622691256
232       0.00158011125097191
867       0.00296695649767036
9360      0.002153118273287326
515       0.002357451925510043
3592      0.002919072212518139
953       0.0050540620297967
6954      0.0034933740440938653
25        0.002020287341480554
583       0.002896092306665331
10108     0.0027697647672419636
847       0.003292069201318514
1173      0.00827449051482862
356       0.005425858179525475
12176     0.0026158844343830596
9701      0.016453224031452374
10496     0.002097505726461446
11132     0.00423873835750832
1147      0.0032568930763970227
8657      0.00296695649767036
128       0.0027697647672419636
6458      0.0022023714155988976
3902      0.00870760348873762
2069      0.001856369837738453
10725     0.0055791494587164705
9550      0.0017662599335729308
6150      0.0041771523210710005
2433      0.010899553312012516
6607      0.0028875407068269156
4255      0.002153118273287326
8814      0.0031905761012245037
9583      0.0014522184152042147
7424      0.001849611407794184
8208      0.0034491748482384046
2625      0.0016308138392107754
9705      0.003820378505693056
10317     0.0027978583902445904
11909     0.006030583569793923
2250      0.006030583569793923
6649      0.006088349765302504
8034      0.001269326185902974
4047      0.0028098508507504697
6614      0.002531718503200793
2712      0.002991934924868813
12084     0.0010573592991493354
7256      0.0014737081922908848
2261      0.0015463149428394094
3954      0.005792184613330662
449       0.002458168137644362
1406      0.004836020094936854
4739      0.0014395771801725867
2032      0.002192292991929701
8036      0.0018700478296985725
1607      0.0015415933123922772
5274      0.0033254642653003396
5926      0.002609401288839976
7317      0.004814838557441709
7135      0.00399202525273487
10250     0.001898072914404141
9849      0.0016101734415921896
8822      0.0010361472643376248
4953      0.0021724830298134297
4316      0.002460463431989197
1171      0.004555096844717008
3903      0.0013559290912361398
587       0.0031116730717175834
758       0.0009119653225383472
11412     0.00184216775495427
10243     0.0010745080076528678
10003     0.00435380174436881
9359      0.001509247059966881
6570      0.002321790475089605
3643      0.003839413142341316
944       0.006716583498584726
9436      0.004836020094936854
8627      0.003889350938747048
9471      0.0035082463559963305
1970      0.0031905761012245037
6816      0.00338052935849077
3037      0.0024074192787208546
11872     0.005848269451426575
3852      0.007422752557606448
2098      0.002896092306665331
2527      0.00423873835750832
11138     0.001049343470177629
9899      0.003964328242099031
12124     0.003292069201318514
8640      0.0016152873758934012
11238     0.0021607797864599734
11737     0.002919072212518139
7904      0.0025619565320832076
11110     0.0023335144028882567
3957      0.002896092306665331
11827     0.0023335144028882567
992       0.003820378505693056
12000     0.004486632676175582
10821     0.0020285332934074536
3653      0.005484994096253781
2059      0.004046456585666939
9396      0.002115647352334203
2787      0.002254611373381336
11564     0.005083914413604116
12070     0.004046456585666939
2036      0.003044174882651252
384       0.0015463149428394094
5387      0.0011781942775844038
6210      0.001379011598196481
8903      0.00423873835750832
2339      0.0026621271534539898
5214      0.002265450452154158
11240     0.003328742625314572
7475      0.0005098045535909742
10501     0.004231294704668406
11927     0.0012796873776784142
7525      0.0019052239546200641
10543     0.0025774829954005817
4518      0.0030004479780658235
7408      0.0024074192787208546
9738      0.0027129290897627374
1426      0.00435380174436881
946       0.0017072166108789042
4673      0.004141979859438837
4165      0.0022228889420636173
8057      0.00423873835750832
3892      0.004046456585666939
11662     0.01024782612833283
6628      0.004486632676175582
10910     0.0010205740320224045
10544     0.001203263548217721
580       0.0015047237141436697
5186      0.0011360049579802135
8004      0.0031592382695117415
2392      0.0034933740440938653
4235      0.0035892166622973473
854       0.005083914413604116
2437      0.002896092306665331
263       0.0034933740440938653
8875      0.0031592382695117415
10343     0.0024203773484806914
672       0.002446893145222718
1323      0.003292069201318514
11875     0.003964328242099031
1955      0.0012422903870930263
2906      0.00423873835750832
539       0.0030551633926913526
3445      0.0037565200069402758
7425      0.0009490332054108752
4641      0.0016308138392107754
1454      0.002153118273287326
3867      0.002516988308599192
3063      0.005619701701500939
6777      0.0019494231504755247
5968      0.0014957476392229432
4978      0.003753938230213897
6645      0.0035892166622973473
12111     0.0013752666662655043
10237     0.001657329635952802
5107      0.0018769691151069485
7440      0.004836020094936854
2675      0.0025932943637959694
11918     0.0037565200069402758
5116      0.0030176590859092253
12125     0.00413724525741431
7488      0.0011906377487021318
4721      0.003292069201318514
7769      0.0013079422171915298
7447      0.0012523296703656499
11984     0.0018429055731684289
6854      0.003292069201318514
2229      0.003099787429477132
6535      0.0012128558038637862
4794      0.0010791067095827155
9371      0.0005284909242299098
182       0.007640757011386112
6232      0.0017129421827786822
4286      0.0013446156411875878
11549     0.002185965883633702
8424      0.004046456585666939
5710      0.005488945378097457
4818      0.00423873835750832
3312      0.0015322269658196892
11344     0.004486632676175582
9364      0.002369674760241826
7140      0.0026892312823751756
1107      0.00296695649767036
1914      0.004643738323095473
118       0.009661040649553138
10327     0.004643738323095473
4158      0.0057037862216197405
2281      0.0023454000451287077
8304      0.002531718503200793
2093      0.002298810569236797
7319      0.0023820734691247653
4966      0.0011538337746867953
149       0.0024203773484806914
7340      0.0034933740440938653
4348      0.0019418973786161217
5259      0.0032616276784215507
7790      0.002233333862683374
704       0.0025114045188181825
201       0.0022228889420636173
2915      0.0023820734691247653
5302      0.0021435966802679433
4417      0.0009779195549563613
10578     0.001760170188081509
6138      0.004425138226643871
5436      0.001651960799889459
8765      0.003044174882651252
4906      0.0010600478985242682
876       0.0030367312298113383
5423      0.0023946531874402795
6724      0.002896092306665331
4069      0.001322424833742124
1360      0.0023335144028882567
6509      0.0030176590859092253
7541      0.0022125691133219353
1061      0.002182331084439521
5897      0.002153118273287326
83        0.001829648459365819
3378      0.001919706571170658
5724      0.0028737093495032496
10712     0.002919072212518139
9930      0.0014312515559789197
2248      0.004836020094936854
8809      0.004046456585666939
6946      0.00275040001071586
10958     0.0006876333331327522
11863     0.001414837813982908
3243      0.0035399635199857755
10387     0.0031905761012245037
8800      0.0020285332934074536
4005      0.004486632676175582
513       0.0024882624685820835
12093     0.0012936989937250153
2990      0.003044174882651252
9047      0.0025467048879040588
7645      0.004046456585666939
8106      0.0013483703111830338
7384      0.002942681782557242
5646      0.0028306156001119075
7402      0.002731460887886038
2822      0.0020285332934074536
9256      0.0025774829954005817
2063      0.0024451120842830525
10101     0.0025774829954005817
2255      0.00435380174436881
8028      0.001394750764538904
6921      0.004643738323095473
10345     0.0015752012923848954
6871      0.001980201257972048
3857      0.0014693671483460922
2658      0.0015850493470109868
6311      0.0011272270002325366
1056      0.002516988308599192
4549      0.0032230967682645223
6817      0.0025774829954005817
11062     0.0035399635199857755
737       0.0016204318413264958
10674     0.001849611407794184
28        0.0021248634337742104
10099     0.001972403056328333
1608      0.0034491748482384046
6022      0.0014868641028047997
3250      0.0015510625879106203
11912     0.0009119653225383472
