t_index   tf-idf
12207     0.05292512980838351
704       0.02876699721555373
8034      0.029079108986140863
586       0.04554489187434152
3352      0.0891014942331142
1982      0.06973927912982869
6758      0.07901746015964346
11238     0.012375375140634396
7497      0.0347843759051117
8111      0.06437112858082894
10582     0.06741416447312955
9238      0.10278467585420424
2185      0.05485932756681368
10401     0.050223439451480424
104       0.04825865972214952
8259      0.013521592793042648
9913      0.04268379882084428
6743      0.041468605491424074
6151      0.07237527671972353
910       0.0716825509671446
7217      0.022403247986273005
12093     0.029637467856245804
