t_index   tf-idf
3857      0.051073175363202106
4073      0.041603549802440076
1171      0.07916444171508179
9267      0.04472269048777642
5759      0.027926679242441757
2025      0.019897107630247622
3653      0.023831353659585396
2063      0.021247180870321698
4906      0.018422901408835558
3321      0.034011575023886804
587       0.027039366002511413
3125      0.05721389232636314
232       0.027461243809994575
4016      0.01641148392350781
876       0.026388147238360596
2711      0.05660255553462412
10988     0.01861127712268046
8708      0.03191278506445863
12180     0.04183928677501072
3970      0.048136601472067234
10522     0.02538682971571201
7888      0.012257482359469829
12113     0.03584186617848748
