t_index   tf-idf
6942      0.019685983239408546
2366      0.0389925936293981
2749      0.03661001772025136
8888      0.0445250376610323
10122     0.019975871153368033
10578     0.015295271979191045
3299      0.02830127776731206
8133      0.04252531535145689
6580      0.018545280893630722
3596      0.023262379985303852
2803      0.016809588447400322
8605      0.02253483378195118
1202      0.02267479740647152
1537      0.023900027679324025
2150      0.015509224703015528
4395      0.020175558611123464
11499     0.04721351937089924
9824      0.008735512761786884
5476      0.022397438442791264
3903      0.011782556241086456
6900      0.010455945315547093
208       0.012473168512400335
9220      0.016014213946153245
83        0.015899014198627118
4049      0.01053929870943704
7135      0.017344661442917023
5330      0.017207266103757106
7425      0.008246771302191053
5090      0.024068300736033617
7400      0.021622142830437414
9492      0.019137848163135247
4838      0.01243708248643751
10744     0.03516231239958857
9221      0.029278704172615366
11037     0.021262657675728446
4137      0.012154489103882865
9575      0.025166043492402188
2686      0.014639352086307683
6953      0.03444864541410193
338       0.006222340347172815
5186      0.009871491359000477
10714     0.029972140060554413
8319      0.02860694616318157
8868      0.024068300736033617
11101     0.029606807317969275
12084     0.009188087702952845
9500      0.009118432913267673
11140     0.019406901151593457
7488      0.010346231471480595
11910     0.013645531945074663
10579     0.02830127776731206
6880      0.012473168512400335
