t_index   tf-idf
7140      0.020851885635647518
8976      0.02823529440800327
10959     0.037497755813048844
5963      0.005144710151427711
11912     0.0070712388086050315
667       0.008518349118377802
11552     0.010484296495010514
2025      0.02663151328971605
9371      0.012293511960548056
3653      0.021264900188553124
4664      0.013508401799094806
11238     0.004188588509137795
4966      0.008946649576032998
9701      0.011597797079513283
10943     0.03171735222812983
4158      0.04422628085686692
3063      0.04357430242394575
6914      0.02300532422809018
7490      0.01260470817132434
8277      0.024739236231033076
10902     0.031203330889580518
12066     0.02194815788394464
10822     0.011162259981645904
1165      0.044825919573691184
2339      0.006880574796619543
3520      0.01707684913018222
7340      0.027087084895743203
9824      0.007794765233594452
7150      0.012026700681645427
9267      0.00997660018573474
6535      0.009404297309959205
9930      0.011097704372513471
4794      0.008367227409687518
4111      0.014828725504363175
6132      0.012934723572641763
7426      0.005291268349014456
12176     0.020283165460447113
4069      0.02050775742172402
1198      0.037497755813048844
6514      0.021787151211972874
7151      0.01876723359437336
477       0.03694046241350406
3774      0.015174395010657192
201       0.01723593887384713
10674     0.014341602300434905
10587     0.046760217218094424
8903      0.032866525110526054
9550      0.013695307792627036
11863     0.010970434742267473
397       0.0320795632267202
