t_index   tf-idf
5458      0.010405030805298443
1985      0.007922720733682553
4417      0.0077011164952813455
2712      0.011780743766670952
8805      0.013355042005602162
8932      0.02050924836074297
10522     0.005751703607466002
8261      0.005429858167898644
3340      0.01703936016117795
6269      0.03338006456537802
8575      0.03656943929437685
8874      0.003408357394968397
22        0.057934047594095706
10544     0.01421355066332183
6349      0.0074457366289171
7497      0.005978564608691073
6011      0.00438162205923667
10205     0.010540765930840808
7368      0.0068597352886028305
10385     0.018549394987835872
2744      0.00855415192989038
9991      0.011493846836790172
5983      0.012320438447477978
4272      0.011403363457494741
6360      0.005802726007145359
1538      0.006883215836569433
324       0.007152831861008214
9202      0.004944327646423297
6727      0.004602851647318563
9197      0.011315230563669046
4286      0.010588848174352255
9081      0.008440411928555028
4543      0.011403363457494741
11024     0.005507502875196924
6880      0.011303808964362803
3173      0.009582037207291262
580       0.0059248496244407
1575      0.020017913003566208
4928      0.019041829123813865
4940      0.015314319321316503
2729      0.009096506685815915
8495      0.01810313323273978
3250      0.006107308939898068
8959      0.005221455132065632
9747      0.005960564960960101
757       0.047490845612127144
217       0.010274517574807407
4267      0.015042740366166409
5332      0.010540765930840808
8928      0.010027650496122233
1886      0.010339146683916703
9196      0.005819905414176127
11936     0.00736331332943813
187       0.010540765930840808
2357      0.003316538305804707
3993      0.005507502875196924
3888      0.003078061326773791
2361      0.010905948771015233
5963      0.0026125481237718844
2651      0.008920211155356997
4165      0.008752625209375494
2613      0.0028266184879347186
8113      0.009634641759314453
1955      0.014674555197536375
7123      0.004049031527125788
2079      0.01666072289963185
10317     0.003672189137196025
443       0.006441955243190932
3857      0.0057856331466127385
3341      0.008877532282689012
3104      0.010148839294389792
1399      0.012640081215591613
11784     0.0060700236675445916
10690     0.014557209844691062
3582      0.02139362596493872
5608      0.011493846836790172
7552      0.005837172248591102
9600      0.010077538099217513
4966      0.004543220487829257
10008     0.016447537264217067
3873      0.0072302403661664095
10743     0.019041829123813865
4518      0.00590713195681709
11138     0.004131789913824414
505       0.010540765930840808
1962      0.01714309436845219
2463      0.007922720733682553
2999      0.015042740366166409
8045      0.020017913003566208
1454      0.008477903201068846
3031      0.011403363457494741
8822      0.004079829853329398
845       0.019041829123813865
12026     0.014132540607795806
872       0.013938606359943992
564       0.007152831861008214
7816      0.013581125964938719
102       0.007501819321316503
1879      0.005476231449777596
11761     0.009968641606353124
7217      0.0038505582476406727
