t_index   tf-idf
4417      0.0031194395930253553
9264      0.0011182695623934335
10988     0.003415993902264135
4376      0.004253532899684292
2524      0.006194406827990667
758       0.002909053940248905
3448      0.010177533892513607
7368      0.0055572539046909
7888      0.004499582131957279
2785      0.011292035532106524
12176     0.008344340221070013
5387      0.015033162427912396
667       0.0070087682619564195
11552     0.008626319900958017
2025      0.01460800307030838
6403      0.0031746520512839433
9600      0.008164081498100264
199       0.006147014287531491
11835     0.003680583686342689
7773      0.007982676384762617
12177     0.011757270998441623
3790      0.006123620961202606
10034     0.013197288669220332
7663      0.010177533892513607
2357      0.002686815842677231
5388      0.01923679822263378
2063      0.0038997990205020838
449       0.003920622599280881
10860     0.009981114691627728
10822     0.009184137959582072
7490      0.005185481209722038
7         0.01707870935629903
5582      0.011507346211153556
6738      0.028623580617626498
4970      0.01449484807144374
11691     0.023811726914532344
4838      0.004565511292489719
4852      0.011292035532106524
9202      0.004005531257861911
9497      0.011143421001413342
118       0.015408748377768296
1150      0.017426028955627382
3104      0.016443688983315104
7900      0.011982823313277841
4673      0.006606195725180931
368       0.0031116418594197125
967       0.007266218578831884
2272      0.010177533892513607
6387      0.013617623248902873
11549     0.0034864772321246385
7097      0.005252525978693077
14        0.009097178024355536
8850      0.012406537171699445
11912     0.002909053940248905
1192      0.007925498165758042
3250      0.004947693318398435
10861     0.01542629194840617
5299      0.005987293886163937
5569      0.0064973221169048415
6989      0.0040380606227505885
3981      0.008835199004366771
3407      0.008483823511646319
6416      0.01923679822263378
9701      0.004771245633976983
2093      0.007332914727185733
2252      0.010281270703831134
7140      0.004289153690876862
8755      0.006031989167730309
11859     0.007296983506352248
12111     0.006580389871498236
149       0.007720697364773851
5259      0.005202089714950829
587       0.009925843216111785
3774      0.006242630858814667
7165      0.00453920774963429
6210      0.004398872439816623
12016     0.008898390275927535
8218      0.011143421001413342
3169      0.013521038811292364
11927     0.004082040749050132
8061      0.013888076450391647
10958     0.002193463290499412
9792      0.009543893684391657
11238     0.003446307001189325
1195      0.01624733244941324
11814     0.006606195725180931
1165      0.006147014287531491
102       0.006077423247648812
908       0.013888076450391647
9371      0.0033716383014161335
1970      0.010177533892513607
2036      0.009710532537064755
5963      0.0021164946825493747
2613      0.0022899187750357215
337       0.005218799184357211
8091      0.004828812120271474
6184      0.008539354678149515
7150      0.004947693318398435
3736      0.004947693318398435
7597      0.005040354876517991
8143      0.005087884001699925
1879      0.004436440668174255
12064     0.005071949468654062
5214      0.007226500176491744
8064      0.010389076648760123
4382      0.009625950501887656
1021      0.009311470855121151
1162      0.014812937435696952
6017      0.00802887409831641
11181     0.00938678239499272
5073      0.009797800160391546
5395      0.0057132503292388
4794      0.0034422138077828397
450       0.008429392044798738
8491      0.00448734396093004
10503     0.0058786354992208115
2877      0.004785524623244225
3653      0.004374109215999851
6166      0.004436440668174255
953       0.005373939373454719
9820      0.008713014477813691
11595     0.014311790308813249
7217      0.0031194395930253553
