t_index   tf-idf
4849      0.004689693558351175
9099      0.002527386804510942
1942      0.02354037226309863
83        0.00170451538543507
9013      0.0032544556713924363
6007      0.03788641674921445
9359      0.011248214687220823
3651      0.004056037114901812
8106      0.005024610993243986
4210      0.0021739209964060655
3759      0.003948843127882058
10822     0.0026822436185101064
667       0.0030703846175298916
2809      0.0012631945692846847
2025      0.007466012659778683
12176     0.0012184896071433108
10243     0.004004081595985548
8882      0.014199377051807946
7771      0.009783346087445681
89        0.002401204121408306
7837      0.002544651178363333
10768     0.021849937573842307
1527      0.025111494891115582
7207      0.005644895057101079
12192     0.009472432031262383
11001     0.0022067813312816585
11024     0.0013030690721353164
6882      0.007236349566155456
6682      0.006068296157131606
10821     0.007559192457503562
4518      0.005590483478540388
5764      0.007236349566155456
5759      0.001496993896544937
9267      0.00599333652562623
11552     0.002519331874956316
2257      0.002527386804510942
1520      0.0024639634610204453
4172      0.0021849937573842305
8559      0.0034442197044740404
10148     0.003136767908232774
368       0.005452562814657833
7048      0.007034540337526763
321       0.0037697118653902723
8959      0.0024707809867075816
2083      0.0021004142923922247
6011      0.0031100607592363795
8512      0.00768688505767538
2154      0.005061708176547423
11723     0.005623520816514049
5435      0.004347841992812131
149       0.0022548432229838604
902       0.0021207384777923413
7709      0.004861878926341398
5387      0.0021952307427080945
9264      0.003919111072639463
10419     0.0034442197044740404
967       0.0010610559477407001
953       0.0031389368613894478
7411      0.0018303070175710824
1192      0.001157327828271507
2877      0.001397620869635097
5214      0.0021105120663321548
3653      0.0012774662775008807
2185      0.0022308783853417762
7525      0.00532476639442798
4263      0.0037642322369914943
5445      0.005061708176547423
944       0.001564305953459659
10910     0.0009507750686493381
2613      0.0013375495987269649
1376      0.003297858806049595
11057     0.002544651178363333
102       0.0017749221314759932
12191     0.007987968405582578
3888      0.002184797688504872
5898      0.005671956158433387
10026     0.005061708176547423
2757      0.007118191374747875
11540     0.0019882186540306503
482       0.003297858806049595
3730      0.002628593403835118
9874      0.0037697118653902723
11930     0.0015490147779217847
6614      0.004717139096536783
9583      0.002705796973245561
6648      0.00209044195988445
8655      0.0018821161184957472
7204      0.001634155419059289
10902     0.003749013877676033
12111     0.0012812096114562185
9503      0.0014060268359026029
10659     0.006888439408948081
11549     0.0020364635958435968
1021      0.0027194314142498003
472       0.003941908560356519
3571      0.0018521028118955885
4758      0.004141722834750696
8272      0.002617679905320216
10814     0.002943172066236447
10747     0.004505275652214741
7797      0.001651175755079296
4873      0.0017884142548429053
6247      0.0023725309861435226
10769     0.0014953145985173073
2377      0.0032544556713924363
671       0.0022308783853417762
8259      0.0005498614444490541
7317      0.0022427713798064894
9747      0.00282052611831014
2437      0.002698023147059754
6989      0.0011793226957386193
10958     0.0006406048057281093
226       0.004662238625998417
2232      0.0032132793410575896
946       0.0031809137592715996
10343     0.0022548432229838604
630       0.010031230302021422
3712      0.005089302356726666
2749      0.0019624593602352853
5273      0.003948843127882058
7123      0.0019159927374199663
11080     0.005020971836600924
1955      0.002314655656543014
11867     0.0019293510620676288
9539      0.005169339091653986
8519      0.0038107724488510887
12171     0.0005129136428014937
10882     0.0012631945692846847
7165      0.002651367188326129
5319      0.0034442197044740404
6071      0.0034996045905691295
559       0.002943172066236447
6303      0.0031010837026960152
170       0.004179783491298509
8566      0.0017357552200713015
4838      0.001333365590043208
9411      0.0024159341208006813
6203      0.0012319817305102227
5427      0.0031010837026960152
157       0.004179783491298509
4696      0.0034996045905691295
5066      0.010123416353094846
9202      0.0023396448752021517
3524      0.0021629988899171185
7888      0.0019711662944064236
4016      0.0008797283434043003
635       0.0017816398480288472
6681      0.001692352085414143
3266      0.0017231130305513287
9543      0.0017357552200713015
158       0.002061247380987533
8874      0.0016128271591717368
1508      0.006950687017539241
4703      0.003392410603549376
3606      0.0062021674053920305
11238     0.0010065000114379175
1538      0.001628561233051548
3461      0.0022427713798064894
3857      0.00273774877177978
8113      0.004559091109768022
3674      0.003174112429652898
2244      0.005160670767800184
11056     0.005061708176547423
12181     0.0015192794361593915
9792      0.002787310909674458
9775      0.0015591764635247752
1088      0.0032132793410575896
10564     0.004505275652214741
8929      0.004505275652214741
8160      0.001979540056602961
7         0.002493933528923518
7217      0.0027331134327061336
11903     0.003297858806049595
7689      0.002677171002125024
8825      0.002677171002125024
7769      0.0024369792142866216
7475      0.0009498761368201515
6020      0.0013295154030777876
3859      0.002637024514706842
2918      0.0021522233933168895
5551      0.014493403867863307
11785     0.011335496881083934
7296      0.00659571761209919
10145     0.0028635722593959357
2569      0.003297858806049595
316       0.015683839541163872
2662      0.002510485918300462
9371      0.002954078659651104
6403      0.0009271627062899502
3312      0.0014274351030926496
3660      0.002787310909674458
338       0.0006670900926728711
7180      0.002698023147059754
2226      0.0018821161184957472
8449      0.0022427713798064894
8193      0.002677171002125024
12087     0.003290924238524056
8155      0.003034148078565803
8116      0.004505275652214741
621       0.0027621369605163072
8491      0.0013105366835987919
5332      0.002493933528923518
10164     0.002430939463170699
2561      0.001564305953459659
3724      0.0028877871801413577
5259      0.0015192794361593915
7494      0.0021522233933168895
6311      0.0010501338412517531
948       0.003948843127882058
1511      0.00865228877944591
3597      0.002656846816724907
5799      0.0011954106578862687
10237     0.0015439817680595422
9474      0.002131096846587163
10544     0.0033629103232998042
2876      0.0017231130305513287
6973      0.003954223243516002
3378      0.0017884142548429053
5542      0.0037697118653902723
67        0.0017485996931865103
7489      0.003392410603549376
1275      0.004505275652214741
1710      0.002401204121408306
12005     0.001634155419059289
8187      0.0009628469118267092
6132      0.0015540795419994723
8743      0.0023448467791755876
4629      0.007708582660764556
6696      0.0014812717487011863
10032     0.0036606140351421648
11527     0.002656846816724907
450       0.002461818748758227
1917      0.0023867395419037646
11691     0.0023180855529858968
6825      0.005061708176547423
2063      0.0011389431520135475
2447      0.0017682601642508078
10390     0.0028877871801413577
8495      0.002141590622727072
11220     0.004321678731188885
151       0.003174112429652898
4049      0.0011299063311411243
1879      0.0025913405751258126
6538      0.0028877871801413577
3305      0.004179783491298509
5805      0.0056181407008801055
2996      0.002861464741851875
4623      0.003136767908232774
4891      0.001645462119262028
2157      0.0022308783853417762
9550      0.001645462119262028
10246     0.003779596228751781
9538      0.0023448467791755876
5582      0.0016803703339762126
5731      0.005061708176547423
6499      0.002637024514706842
11666     0.002637024514706842
11689     0.002401204121408306
11836     0.0013769831663854792
9939      0.004736216015631191
7490      0.0015144288930426654
6570      0.0021629988899171185
672       0.002279545554884011
758       0.0008495943115699205
7337      0.0022076082794119786
3850      0.005313693633449814
3785      0.0016627264931144189
3340      0.0010078734291269766
2079      0.0019709542801782595
5075      0.0019540533939677797
15        0.0056181407008801055
261       0.011236281401760211
1161      0.002292187744403984
6607      0.002690056407099382
2342      0.010395162022895013
7044      0.008112074229803624
5363      0.0017749221314759932
6361      0.0011092078102511542
10637     0.003948843127882058
6724      0.002698023147059754
161       0.0035590956873739377
8805      0.0015798940635093131
8450      0.0014274351030926496
4414      0.002131096846587163
4305      0.0017952463168761101
7803      0.0056181407008801055
625       0.004505275652214741
4977      0.0034996045905691295
12061     0.004505275652214741
6826      0.0028359780792166934
11245     0.005061708176547423
3516      0.002527386804510942
2179      0.002617679905320216
729       0.0023448467791755876
10673     0.0009318299429452247
8918      0.0014720444925875097
7972      0.002305032217519193
