t_index   tf-idf
6073      0.007894381619022013
9220      0.011281268124010788
9029      0.002980639926136228
5576      0.01895096449263254
11757     0.004622619546095934
8452      0.04329312523932614
10317     0.003805993599684949
8822      0.0021142438106322384
10032     0.00400889107897148
3441      0.012305320320551164
8255      0.0060045004793880564
9221      0.020625483911073172
8106      0.008253991540521245
9396      0.00863389688725861
9824      0.002051254008840645
11024     0.002854090558806503
7425      0.001936488807801948
946       0.00348355130316991
12171     0.0022468524757539117
485       0.006104103726059623
9781      0.008441990322821103
12181     0.003327652530211461
8967      0.02594725666620478
6696      0.0064888098465371805
8159      0.0026983891344373703
25        0.0041223676927376485
8893      0.003977770315140342
11110     0.004761503073099925
9267      0.005250842203018284
5871      0.015777952587229475
10458     0.005020540768107511
3583      0.0037333717551432098
10571     0.008381317776465544
6727      0.0023852834447642755
10548     0.007795428205948585
5259      0.003327652530211461
4664      0.007109685157418318
3565      0.004392586810549977
3026      0.009154910399969608
9834      0.012305320320551164
9921      0.005819247481166699
10673     0.0020409716564103913
7424      0.003774105868535501
634       0.00469069039228885
7332      0.011303331519756678
1340      0.010455272001376007
4794      0.006605705849753304
5116      0.006157490604446355
10882     0.033201049165166696
7207      0.0035325485551089457
10254     0.009867830477118117
449       0.002507928626260645
10289     0.0036675109749227516
2900      0.012305320320551164
7368      0.003554842578709159
10881     0.0066129364212838375
670       0.00400889107897148
8928      0.005196515236856865
5099      0.006446380922404526
4468      0.004261710060363936
8187      0.002108907608494938
764       0.00947548224631627
4286      0.005487338325170399
8075      0.007795428205948585
6743      0.003693560003284735
6203      0.0026983891344373703
1913      0.006215162045665087
3867      0.005135878977870417
11138     0.004282340963315992
4046      0.004298342161487002
10375     0.007223245401104579
8801      0.005775831022090694
1807      0.006267418726080423
5211      0.004886255896639275
8749      0.0060045004793880564
6989      0.002583050924674466
3154      0.006157490604446355
11884     0.004506401097711606
11890     0.006446380922404526
4412      0.00738712000656947
8828      0.0052915804022395495
11930     0.003392781355691035
11572     0.007543817247451239
1094      0.00516593573122753
9459      0.004208154328648328
2876      0.003774105868535501
1239      0.008441990322821103
2063      0.002494608280321171
758       0.0037217046361079113
6942      0.004622619546095934
330       0.005863763207083554
4376      0.0027208833933203163
6638      0.012305320320551164
2939      0.0093813807845777
4787      0.003349095201506799
2613      0.002929612683851368
8888      0.005227636000688003
3643      0.003917134056153894
5764      0.007924828168603446
9545      0.005227636000688003
6535      0.002474815081568212
2257      0.005535693365345829
11008     0.005733460845256019
131       0.011887242252905167
7902      0.006446380922404526
3736      0.003164921232011954
2933      0.026582576688325497
10446     0.006157490604446355
2738      0.003098203521912783
8450      0.003126487412036937
6719      0.012305320320551164
6387      0.0058072455420422504
951       0.008441990322821103
6114      0.0020155258106459768
5739      0.00947548224631627
7490      0.0033170284661379838
8615      0.005020540768107511
2365      0.0100973476087278
12170     0.007795428205948585
6403      0.004061498170873385
4838      0.0029204485190824922
6079      0.004105701432839542
8259      0.0012043523945220172
2357      0.0017186919155587146
4454      0.010373655321686132
2737      0.004535773387854507
1942      0.0024552422198450665
4937      0.0027901461572549567
1222      0.008883870765837572
12175     0.019735660954236234
10902     0.004105701432839542
8821      0.01108657539883464
2339      0.0018106775780577745
1454      0.004393407326869685
2018      0.010373655321686132
4049      0.002474815081568212
8287      0.003932098208218524
6766      0.003264850237991835
1339      0.00595632548627183
6441      0.009867830477118117
10851     0.012305320320551164
7977      0.009154910399969608
6707      0.008649085555401594
4402      0.012305320320551164
11412     0.0018794586001962593
10243     0.001096259181896853
4417      0.003990861989457539
12064     0.0032444049232685903
9371      0.0010783782421533382
11220     0.003155233729518471
212       0.004667706048597794
5969      0.005106327404018193
9600      0.0026111839609308535
10859     0.010373655321686132
9364      0.0048352877698861554
4413      0.008089155603311386
2897      0.012305320320551164
621       0.0030249313676909357
10044     0.00947548224631627
2832      0.00516593573122753
2610      0.005135878977870417
5142      0.0036418422379550634
11691     0.005077264308361822
4210      0.004761503073099925
4751      0.012305320320551164
11766     0.006054032691602679
1432      0.017767741531675145
9202      0.0025622426669723967
1720      0.0042258256055813246
11946     0.006510325323956073
8673      0.006870410681594862
3282      0.004761503073099925
10194     0.005692087706868626
2249      0.0027436691625851994
2662      0.00549867563482004
488       0.0030249313676909357
1577      0.006952205766972542
6012      0.006105000818355797
