t_index   tf-idf
7207      0.004406765116726817
10821     0.010327078584619766
2137      0.010285099192991911
8874      0.008813530233453633
7920      0.012255952691669807
4562      0.010770568339155946
11022     0.02065415716923953
8769      0.00860498382161287
4840      0.014410406691478805
10243     0.0027351112922073
283       0.012596186158362459
5330      0.010081024586039516
7981      0.012667518021872427
9577      0.014629793052016546
5199      0.017784449679023318
10907     0.020570198385983823
2063      0.006223921669084134
2025      0.029142228347332377
1607      0.015696222817085007
4906      0.016189822450188823
2809      0.006902911737202168
2659      0.028201241266463634
5954      0.015362628073719695
9701      0.015229430508451786
4896      0.009150254654605249
1148      0.02018203468704962
9775      0.008520348149160641
7148      0.02464384209362159
7217      0.009956999105010226
7887      0.01904048699329456
2316      0.01640849263843757
5559      0.026905938244004057
6711      0.038248203707028264
6721      0.009086212452271725
9459      0.010499132516930678
2441      0.014518728564122979
6174      0.013539839543839579
4770      0.01238889659124527
6107      0.021922658782561867
1150      0.013905619065601648
6465      0.05646432909455927
11682     0.014518728564122979
10459     0.023640849644849683
11197     0.02461973866513308
8449      0.012255952691669807
8157      0.01000198077278743
9045      0.012456910557497475
11016     0.013811275366064846
11859     0.01164569084852177
11872     0.00992433603878449
10673     0.010184242406734679
6203      0.006732344608141723
11884     0.005621621571387711
580       0.007660411635640502
10071     0.012255952691669807
10971     0.012813758661959527
186       0.01238889659124527
729       0.012813758661959527
10495     0.01802163246538213
1534      0.01734540226709311
4376      0.006788466647980992
10822     0.007328756553605897
3467      0.014100620633231817
11158     0.011316525523232963
2613      0.0036546178429863034
12176     0.006658614923884153
704       0.006392666047900829
10317     0.009495761809314975
4167      0.01486073126372871
2281      0.011940218411564332
5387      0.005998079958611512
3885      0.015497617584406377
3583      0.009314573974953262
2919      0.014518728564122979
6138      0.011263988213275308
10578     0.00896086641205132
667       0.005592855481763204
