t_index   tf-idf
11863     0.0013132196284482243
5330      0.003675953716456398
199       0.0017886339915837487
7981      0.002309547484650774
2417      0.010432153434830473
10907     0.011251102984598886
5259      0.0030273671269327104
368       0.005432479710368117
10718     0.01117255355870452
9360      0.009992372097024055
515       0.010940660869770366
5877      0.017157669061882652
4016      0.0035059523667162174
7920      0.004469021423481808
4562      0.00981847390033553
2357      0.0015635981699558103
8028      0.003883725885787887
4840      0.005254623434461885
10243     0.0024933334984210192
283       0.006889626683303222
7426      0.006967323884982203
9264      0.006507793401773941
4782      0.002904265416716724
2019      0.004164388340317668
2164      0.0017886339915837487
11196     0.0045556368570632
9824      0.0037323001118500137
1192      0.005765325553359902
11552     0.0037650788517993557
2025      0.015939671858485664
12176     0.0012140016159567792
7411      0.0036471311105191733
11859     0.0021232475027691627
11549     0.0040579256182371485
10495     0.019714271978705313
1534      0.028461792670313003
6721      0.0016566022703036845
6203      0.00245488808915665
11878     0.015129194052553347
8390      0.0019303647209643507
3757      0.005043064684184449
7319      0.0022109853194086223
3993      0.002596539108748458
7791      0.004041097751679338
3267      0.0026470610089284986
11412     0.004274643409286152
233       0.005922837403378085
1608      0.006402888116066873
10544     0.001116841304423078
9701      0.006941591253852334
6354      0.0025012391930028543
7913      0.0034315338123765303
8255      0.0027313289473459485
6727      0.0032550553086009727
2069      0.001723039407403647
967       0.0021142956454059626
8401      0.004164388340317668
729       0.004672420285576402
9500      0.00389590503844954
8659      0.0019142064809873612
7887      0.006942940008604646
10145     0.002853025031921181
5720      0.009375643305822821
773       0.01642855998225443
2658      0.0014712060237450045
6311      0.002092531889934433
10345     0.001462065287959461
6138      0.004107310619205361
6585      0.004164388340317668
8718      0.0020632339351750704
9459      0.0019142064809873612
3319      0.005701850553745357
704       0.0023310273986820703
5197      0.0026080383587076183
9543      0.0017293620148408366
10375     0.003285711996450886
11910     0.004372601396764257
8760      0.0018164561246643046
3044      0.004488681635079512
2813      0.0020074108886394557
10067     0.0019722489330058967
6166      0.0012908980213103727
7150      0.0014396603025910732
9069      0.002309547484650774
9202      0.0011655136993410351
7743      0.004164388340317668
1955      0.0011530651106719805
1886      0.004874441162214873
11078     0.0030229725791972367
10094     0.0033843100846051096
2150      0.006626409081214738
448       0.0045674901278915485
10822     0.004008546402248529
8800      0.0037656750640049975
10101     0.004784719814666274
3565      0.0009990505913497648
11958     0.0013558343678741222
3449      0.0016682784729390786
10901     0.001674181124642967
10673     0.002785193365377716
3668      0.003162421407812556
8212      0.002777044571148954
2441      0.0026470610089284986
4001      0.003720185419856087
4896      0.0016682784729390786
6033      0.0011845575913082887
9775      0.0015534336404547026
10273     0.002932331653469462
5004      0.0063387818590367765
6107      0.001998474419404811
7484      0.004937179060184598
2659      0.005141662772338674
10099     0.0018307387484152483
11108     0.002392359907333137
1150      0.012676393070852332
6465      0.017157669061882652
1607      0.0014308711407839921
2809      0.002517083837874823
758       0.0016929301015076502
7140      0.006240205185621956
28        0.0019722489330058967
947       0.0028509252768726787
11787     0.008620420312486625
12111     0.0019147359110436857
9371      0.0004905330125448887
9162      0.0022711494386597605
2686      0.0031273753996532067
3251      0.0014093117309621683
11912     0.002539395152261475
8311      0.0045674901278915485
11884     0.0010249365295900246
4906      0.003935647446454742
4376      0.0012376762396871421
580       0.0013966496352272738
1559      0.005043064684184449
4397      0.0013361821340828431
4937      0.0012691825061546488
186       0.0022587491022712366
10071     0.004469021423481808
10971     0.002336210142788201
6607      0.001340074140184867
2433      0.0016861187443997262
8822      0.0009617278475619943
3970      0.002570831386169337
876       0.0028186234619243366
7317      0.002234510711740904
7135      0.0018526526034791666
10250     0.001761747235469037
11729     0.002309547484650774
4137      0.001298269554374229
2803      0.0017954993185068484
487       0.0019552311489637007
8259      0.0005478361720938089
1942      0.001116841304423078
4296      0.004310210156243313
5588      0.0028509252768726787
5387      0.0032807177674173457
12177     0.006842168757840797
4417      0.0018153644777090464
2249      0.001248041037124391
8491      0.0026114193216462116
10578     0.004901247374547407
12045     0.001639401485305262
7773      0.002322767714166655
3774      0.0036329122493286093
201       0.0020632339351750704
9550      0.003278802970610524
516       0.002570831386169337
7880      0.002589218533326981
3653      0.0012727610610091648
11097     0.004164388340317668
5355      0.0033799155368696363
8155      0.0030229725791972367
7         0.002484747770069288
7217      0.0027230467165635696
8874      0.0016068867276462424
7256      0.001367861747540711
3501      0.0036795974843792123
2447      0.001761747235469037
7769      0.0024280032319135584
11684     0.0028771507632715924
10674     0.0017167663895548229
4673      0.0019222447966456486
10569     0.0033314276202538917
1522      0.0029916036302123743
2613      0.0006663115404339668
4873      0.001781827093683263
10147     0.002932331653469462
11072     0.005597447733289388
9800      0.005597447733289388
5799      0.0011910076720377007
10714     0.0032014440580334365
2339      0.0008236415502399085
2074      0.0020729286681260045
9158      0.0033799155368696363
11165     0.004469021423481808
6880      0.0013323089755418406
6079      0.001867602677553162
2724      0.0076801900911116485
3204      0.002688085676904838
5395      0.0016624190644930579
11477     0.004164388340317668
5963      0.0012316985629569105
786       0.005507720349266525
8463      0.0034315338123765303
10967     0.003089661663275404
4139      0.003242468726009776
8918      0.0014666225975871873
11420     0.002688085676904838
5186      0.003163240324983578
235       0.005597447733289388
563       0.003934298585974574
7123      0.000954467836965195
1677      0.003934298585974574
7475      0.00047318875692421914
9874      0.0037558271071383743
9267      0.001194252324259223
1361      0.0017954993185068484
1436      0.0020441900432078166
6355      0.003242468726009776
10746     0.0034315338123765303
1902      0.0025180778291720436
1950      0.008977363270159024
6575      0.004718771389422605
384       0.001435253648602325
11679     0.0018828375320024987
12064     0.004427447602471502
4044      0.012930630468729935
3762      0.0021337026277999005
5582      0.001674181124642967
4176      0.003242468726009776
1322      0.0022837450639457742
3001      0.002904265416716724
7976      0.0030229725791972367
6397      0.0029614187016890423
7299      0.0025528574685097487
9747      0.002810137440157985
8558      0.0019896366977072625
11872     0.0018094093330380562
4165      0.0020632339351750704
2898      0.005043064684184449
2403      0.004164388340317668
7975      0.003055622242107792
6696      0.0014758158674905006
8408      0.0015136835634663552
9399      0.0041853559196471215
11100     0.0025528574685097487
3093      0.0027538601746332626
2277      0.0032014440580334365
5313      0.0021769458982410107
72        0.0028009211405124307
6521      0.0021232475027691627
2749      0.0019552311489637007
8749      0.0027313289473459485
1726      0.0016225628491360728
8034      0.001178159111777346
6569      0.0034867147025744
2232      0.0032014440580334365
7670      0.003162421407812556
7490      0.0015088508860701328
583       0.002688085676904838
341       0.0020632339351750704
8769      0.0015688644536642248
4286      0.001248041037124391
2210      0.001698237244052252
2579      0.001890565183187781
6403      0.0009237477423625471
12093     0.001200781386440898
12100     0.0024372205811074364
3519      0.0038400950455558243
667       0.0010196918834153906
12084     0.0009814163660612615
8159      0.001227444044578325
10821     0.0018828375320024987
6509      0.0028009211405124307
7541      0.0020536553096026804
1061      0.002025589072849942
5897      0.001998474419404811
331       0.001781827093683263
902       0.0021129272863455923
4518      0.001392473094792979
4046      0.0019552311489637007
1406      0.004488681635079512
3312      0.0014221775152359548
2236      0.0025352786141704664
5402      0.0059832072604247485
232       0.004399867792761562
2248      0.004488681635079512
8289      0.003934298585974574
10510     0.004164388340317668
1686      0.0020441900432078166
4794      0.001001601807789482
7816      0.0032014440580334365
3944      0.002468589530092299
12244     0.002932331653469462
6352      0.0033314276202538917
569       0.0016682784729390786
1526      0.002484747770069288
3077      0.005597447733289388
7815      0.004488681635079512
6817      0.002392359907333137
7199      0.002082742357822261
4982      0.0046997647352235725
12140     0.004619094969301548
1809      0.004488681635079512
6713      0.003242468726009776
7143      0.004488681635079512
10353     0.0018983682272821724
4981      0.00361000529121273
7435      0.005043064684184449
