t_index   tf-idf
2433      0.032698659936037544
6607      0.025987866361442243
1192      0.022361226967674473
2809      0.012203361821125257
11552     0.012169272717422916
2025      0.02060771861704218
4412      0.016291237871630882
4817      0.033273622502151
11922     0.024093179270493273
8959      0.011934754587578585
10988     0.00963798279567381
9267      0.011579982358442107
4348      0.017477076407545096
6022      0.013381776925243196
45        0.04037969408558024
8715      0.04575522972243704
10118     0.02292034399113653
10958     0.00618869999819477
4138      0.020291502360432024
3730      0.012697044923882132
5759      0.007231015160989384
5274      0.014964589193851527
667       0.009887369512402806
7412      0.020689295123131175
2561      0.015112312871815633
11662     0.02305760878874887
8822      0.009325325379038622
4562      0.01904082617100783
118       0.014491560974329706
6174      0.023936502050716395
662       0.034383406551237505
4770      0.021901799330951457
6107      0.019378064459585932
9701      0.026923457506012976
1150      0.02458314799097434
6465      0.033273622502151
7887      0.016830430467287154
10067     0.019123770903967892
9371      0.004756418318069188
7995      0.0488997164912885
2762      0.014002528822729125
11015     0.02547554040100717
9266      0.03277310958071808
580       0.027085026854586056
10071     0.021666773508487693
10971     0.02265289477739273
186       0.021901799330951457
587       0.014002528822729125
7317      0.021666773508487693
2651      0.02038905406938742
