t_index   tf-idf
4305      0.0015715667595954297
1451      0.0152006639501736
4406      0.023686799682218804
1527      0.009617438425632556
3857      0.005991594197139405
4966      0.0018819813024017634
9202      0.003072203586127097
11970     0.0026346434868940918
4970      0.005558703872058521
6880      0.0011706209930731706
9505      0.0017404956178488382
5963      0.0005411102910077689
6777      0.00158982082174703
6873      0.003171897852958758
2330      0.007574252798835336
3621      0.0026285449372254357
8519      0.0100079024020798
931       0.0015836832990655753
7123      0.0016772687232106825
8259      0.0038508095980186183
10833     0.0016960971577405217
4419      0.0037130081439665265
9264      0.0031449069570223098
11187     0.0026285449372254357
368       0.0007955330320199266
4758      0.0018128414673140184
6646      0.0022588372859060676
2100      0.004146104958667435
2208      0.004918145823909608
6068      0.0034358916307032023
5377      0.004918145823909608
4417      0.000797526627343052
11675     0.010489055600534402
11540     0.0017404956178488382
2738      0.008667951277325569
11784     0.011314995574452055
6354      0.002197690747250081
3281      0.0036256829346280367
8375      0.0025279819813211566
460       0.002927128151776478
6203      0.0021569647773657945
2346      0.0018387121880003132
3340      0.003529187865098346
7256      0.0012018591082760615
5590      0.0029697316124922533
3888      0.0012750545301846127
6565      0.007318002811626192
12111     0.003364730096105894
8311      0.002006591536767889
1299      0.003659001405813096
4376      0.004349891250162577
6361      0.0019420110852617297
4665      0.0023998569877165857
6553      0.004431042271055269
11001     0.003863652751531965
5397      0.012687591411835031
682       0.0029697316124922533
3962      0.006874586547467168
2160      0.00405852519147369
8959      0.0021629328702407794
8882      0.0062150995024499184
6232      0.0013969625568292167
3762      0.001874758134134864
5905      0.002927128151776478
4517      0.004146104958667435
11681     0.00433634021115485
4322      0.0028451251414033955
7888      0.0023007572066318775
8113      0.005986573520350727
1538      0.007128249410039542
2177      0.0016022590558348797
11930     0.0013560145547826627
7679      0.006600045693126658
3982      0.002243044668933323
3429      0.002551806021484112
6882      0.0015836832990655753
4073      0.0019522701363604567
3903      0.002211612498326908
3137      0.00158982082174703
4842      0.0023806025810827543
2244      0.0022588372859060676
6114      0.001611116101066525
2822      0.0016543378315167585
2261      0.002522144761136124
9539      0.009050525723575424
4263      0.0016476129775181217
9930      0.0011672342786624202
3289      0.00218320071059486
8136      0.001725382306757991
8157      0.0016022590558348797
4210      0.0038061205794682248
7651      0.004431042271055269
8408      0.0013299841018806326
7493      0.002714702723557515
10570     0.0052570898744508715
7412      0.001874758134134864
2658      0.001292661603387601
3341      0.0055161365640009384
2038      0.0024196538427602938
9507      0.0014658174932134622
8226      0.002102024967122805
10673     0.0008157281539374864
6360      0.0012018591082760615
12012     0.005532185685168533
5735      0.0019030602897341124
10615     0.007574252798835336
10243     0.004381488963244703
5186      0.0009264506453430869
7883      0.0026020232281830907
6672      0.005773921081141848
205       0.0026847943001044195
1043      0.0021690034220713888
11927     0.0010436285410192895
10418     0.0026020232281830907
1505      0.004965256119275829
10796     0.009699133174844233
226       0.0013604482722034215
12100     0.002141441384371097
4475      0.005773921081141848
7771      0.0024469672830828076
8567      0.003300022846563329
7075      0.006343795705917516
2561      0.001369400519128925
1720      0.0016889626611304
10484     0.0024826280596379146
1052      0.005858763138203401
1942      0.003925209244671401
2896      0.004918145823909608
7522      0.0032330443916147446
12027     0.009045256602526483
8264      0.001893499028228416
6088      0.002551806021484112
758       0.000743738709642924
2347      0.002745940838760406
11865     0.003787126399417668
10030     0.00218320071059486
967       0.0018577063680508701
3656      0.001874758134134864
2137      0.0016476129775181217
9371      0.0012930069214168666
10882     0.002211612498326908
11015     0.002308463207858255
7775      0.002308463207858255
1955      0.003039390073276142
11835     0.0009409906512008817
7773      0.0020408784284668183
6349      0.0015421590428825063
1822      0.002308463207858255
5447      0.00394393871820093
10353     0.0016679837336799669
2613      0.0029272424470521354
3376      0.00394393871820093
7311      0.00394393871820093
5609      0.002848965239843541
946       0.0013922931583866794
4739      0.002348048216203831
6821      0.003926664454612656
3944      0.0043380068441427775
4906      0.0025935152468749083
3250      0.0025298884929027595
11196     0.002668512204299156
6930      0.0029009686696506217
7114      0.0035506732672522336
10795     0.0034568351653465916
5395      0.0014606691780254537
11958     0.001191291362064156
8104      0.001725382306757991
5710      0.0044764214733998674
4397      0.002348048216203831
10958     0.0011215766987019648
9113      0.0026020232281830907
3659      0.0023618616869892023
12181     0.0013299841018806326
9645      0.004687215249675204
5363      0.0015537748756124796
7148      0.001973899973518234
10988     0.0008733447193490831
7794      0.003300022846563329
9029      0.001191291362064156
3730      0.0011505412876009699
5968      0.002439666052324801
3949      0.004918145823909608
6667      0.003374064093425263
11050     0.0023806025810827543
5436      0.0013472301669001415
8592      0.0022275991707031767
4754      0.0019030602897341124
1580      0.001796108727284538
3859      0.00461692641571651
8751      0.002197690747250081
10718     0.001963332227306328
10732     0.002308463207858255
2524      0.0015836832990655753
9399      0.0018387121880003132
8340      0.0026285449372254357
3940      0.0024610035263725725
559       0.0025764661615435567
1607      0.0025144434609893455
11234     0.002291528849155723
8901      0.0016889626611304
697       0.002886960540570924
10832     0.004918145823909608
7494      0.003768132219367111
11786     0.002243044668933323
1757      0.004918145823909608
6535      0.000989125121597651
11863     0.003461544942948474
908       0.0035506732672522336
11985     0.003787126399417668
5015      0.0015537748756124796
10345     0.002569260360394781
7797      0.0014454467370516168
12171     0.0008980138535780198
6566      0.0033779253222608
4130      0.002886960540570924
10237     0.0013516086351459747
9473      0.0028129192937089904
2534      0.003374064093425263
7475      0.000831525873818288
10501     0.001725382306757991
10544     0.003925209244671401
3465      0.0035506732672522336
763       0.003063569714397895
8174      0.0021690034220713888
151       0.0027786324020100616
7952      0.004431042271055269
8895      0.0027786324020100616
1682      0.0014207865969921721
4069      0.0010784823886828972
7892      0.003406609659902564
11785     0.003969258131175668
10419     0.0030150855341754953
2096      0.002504939199582305
980       0.002504939199582305
8261      0.0022492616358932896
6132      0.0013604482722034215
815       0.0038255068697244945
6612      0.00394393871820093
2178      0.002343607624837602
7150      0.0012649442464513798
3419      0.0019318263757659826
7165      0.0011605094246637832
3321      0.0015960124202147531
9474      0.007462287339829484
12126     0.003787126399417668
4849      0.0020526894943915745
9099      0.00221248585961233
11138     0.0017115505144644824
4871      0.0034358916307032023
5898      0.0024826280596379146
7207      0.002117814303669683
12191     0.0034963518668448016
2065      0.004918145823909608
2322      0.004918145823909608
1395      0.00829220991733487
8479      0.004918145823909608
3119      0.009836291647819215
3979      0.01475443747172882
5799      0.0020929358120274156
3846      0.001865571834957371
4677      0.0017797651562419395
2720      0.0023998569877165857
8855      0.006977447222563955
9013      0.002848965239843541
6007      0.0030150855341754953
10059     0.0021690034220713888
1879      0.0011342356400833857
10478     0.0026285449372254357
7227      0.0010725520422647657
3104      0.006306074901368414
5540      0.002848965239843541
5385      0.002440024598922139
836       0.003300022846563329
5592      0.003063569714397895
2321      0.003115648490079774
10823     0.002291528849155723
6122      0.0023618616869892023
9527      0.002308463207858255
2913      0.004431042271055269
8083      0.004918145823909608
8706      0.0018044252963013844
6740      0.004893934566165615
3692      0.0012457947814857944
10563     0.002141441384371097
1713      0.0018044252963013844
1168      0.0026847943001044195
4095      0.0025764661615435567
4620      0.0015364223426160828
2246      0.003659001405813096
737       0.0013215172298196667
6311      0.0009192919225197387
8019      0.003374064093425263
5965      0.0027032172702919494
4414      0.001865571834957371
6596      0.003926664454612656
1597      0.005921699920554701
11984     0.0015029521179237674
7097      0.0013428788100865797
8822      0.0008450133029549562
3873      0.0014975255127334958
1444      0.00221248585961233
6241      0.001984629065587834
9541      0.0038651005798119105
7780      0.002308463207858255
4937      0.001115155502980541
11590     0.0027786324020100616
11412     0.0007511752010493141
11993     0.002243044668933323
5517      0.0020893626086892184
67        0.001530732093873628
497       0.0019529210460678009
5033      0.001893499028228416
9538      0.0061580684831747225
5582      0.0014710038036911505
612       0.0020893626086892184
384       0.001261072380568062
5559      0.0021550872865343054
9104      0.00829220991733487
4067      0.002197690747250081
4891      0.0014404449943701573
10071     0.001963332227306328
902       0.0018565040719832632
111       0.0034568351653465916
9403      0.004431042271055269
2331      0.004146104958667435
8932      0.0014159567368797737
11867     0.0016889626611304
6011      0.0009075204265085661
10485     0.0019325502899059553
3312      0.0012495831565908146
5120      0.0027786324020100616
8106      0.0010996418071783965
629       0.002848965239843541
6505      0.001984629065587834
7490      0.0026514758289193593
5689      0.004431042271055269
9164      0.004431042271055269
1798      0.0012054173026125312
10378     0.0035506732672522336
8028      0.0022749332858498627
7972      0.004035671293455933
1508      0.001521165726734923
7988      0.00218320071059486
6347      0.002745940838760406
2769      0.002745940838760406
11780     0.005152932323087113
4275      0.003300022846563329
1466      0.003787126399417668
320       0.001787889430311601
7525      0.0015537748756124796
5885      0.002714702723557515
1668      0.0018128414673140184
11238     0.0004405473351034898
107       0.00394393871820093
5562      0.003300022846563329
9943      0.004918145823909608
108       0.004431042271055269
5492      0.004918145823909608
6382      0.004431042271055269
11936     0.0015250875504337876
12018     0.0035506732672522336
10910     0.0008323128028143883
580       0.0012271533202725074
5093      0.003787126399417668
12084     0.0008623124381412056
835       0.0019426618583153429
2866      0.0023998569877165857
1781      0.002504939199582305
7203      0.0035506732672522336
5601      0.0022749929831659397
6099      0.005204046456366181
6513      0.002886960540570924
6770      0.004431042271055269
4826      0.003787126399417668
6444      0.0026020232281830907
5576      0.003787126399417668
9857      0.003300022846563329
