t_index   tf-idf
1955      0.0061686143359102
8113      0.02430018020083251
6241      0.01812562703251155
2712      0.007428252227260502
6777      0.004839947132215096
10243     0.013338720095001118
5626      0.012217473593325668
9196      0.007339388108517677
11224     0.007921430320281527
4770      0.00604187567750385
7663      0.007921430320281527
8028      0.003462829484372451
1869      0.010523764197951693
3564      0.013489576963114069
797       0.01152928135389221
4451      0.006690506806899261
8888      0.012721439331723516
3850      0.021241686618445933
2738      0.030157882558126396
7516      0.009052612689362435
10259     0.004281538934882659
7488      0.005912132269417483
10910     0.0025338389760556253
4966      0.0028646907509465263
6204      0.00604187567750385
8920      0.005322033137216964
6821      0.01793112290357602
487       0.02092001012585792
2366      0.007427160691313925
7662      0.009040857815370505
8882      0.023651055988387005
11675     0.005322033137216964
8259      0.0014653942928420604
4406      0.01802763818178722
7295      0.018653064862048267
10343     0.0060092127272624064
4210      0.005793553000274293
11784     0.030619232687515575
3660      0.04456951336356301
9824      0.0049917215781639344
9202      0.003117605609567399
3736      0.003850914011364299
217       0.006478513544706148
4414      0.011358851172449804
4305      0.004784375652364411
1451      0.0102835362027447
10833     0.005163487898934199
384       0.0038391267546357753
11537     0.010523764197951693
11785     0.0120837513550077
9538      0.018747223264049158
12005     0.004355064441926479
5891      0.014972483345695257
1909      0.024013341161065762
9505      0.010597303367788984
2178      0.0071347266608356545
9474      0.005679425586224902
6033      0.00633709135054582
8949      0.005252641702346988
3762      0.0057073917581051525
1052      0.005945345844679315
5996      0.01164612436201841
5587      0.004784375652364411
621       0.0036805815163530103
4067      0.006690506806899261
10485     0.005883330439221086
5261      0.012622132337224014
9264      0.0026111318846033862
12111     0.005121682757126706
11379     0.012006670580532881
226       0.004141660257249825
9539      0.01836855467050776
1527      0.004182672024659338
5965      0.0041147494409862675
6596      0.005977040967858674
1597      0.024036850909049626
11984     0.004575489698900927
7097      0.004088172929229095
8822      0.0025725035528382408
815       0.005823062181009205
5759      0.001994762803031554
8036      0.004642877370286112
2402      0.005467956618038642
7411      0.004877813283280569
12012     0.004210456592899204
8519      0.0050779012187892585
5582      0.004478228328478478
612       0.006360719665861758
7207      0.002149112051999777
4419      0.0056518202782544665
9105      0.006690506806899261
12010     0.0076258740164623865
497       0.01189069168935863
1538      0.004340155798428017
11993     0.006828579336949722
5517      0.006360719665861758
67        0.00466006125130001
9581      0.0037697353197657995
1846      0.00891115860984169
1200      0.00891115860984169
3340      0.0053720150261841815
324       0.004510159991177593
7916      0.010523764197951693
4102      0.005945345844679315
6570      0.005764445317463848
545       0.006828579336949722
9029      0.00362668995938743
7888      0.0017510689084956899
2749      0.00523000253146448
9730      0.009040857815370505
1217      0.010523764197951693
6403      0.0024709114487825768
10223     0.004575489698900927
6203      0.0032832616561873423
6132      0.004141660257249825
11266     0.00817341318948045
957       0.012622132337224014
2277      0.008563468588729833
9493      0.0040231411232933695
3251      0.0037697353197657995
8226      0.00639926812651179
3672      0.013489576963114069
4838      0.003553452138982146
8613      0.00891115860984169
7904      0.006360719665861758
6989      0.0031429240315004586
7892      0.005185430467536415
