t_index   tf-idf
8259      0.02833095632827983
1942      0.057756650314450604
5420      0.14473400567505415
618       0.1461203943672601
3888      0.03752303331686145
1367      0.08080911611209195
6588      0.03840085756114206
7680      0.07735432243834853
7123      0.024679811212957183
10996     0.14473400567505415
10933     0.0332842859207628
11739     0.0404324962383736
2357      0.02021509062585726
9824      0.024126654294459017
11689     0.061859591889613964
11836     0.03547370919116877
3419      0.02842544524341374
