t_index   tf-idf
6570      0.0012542147904021019
9846      0.0046570723863332405
8259      0.00510139406554235
1052      0.0025871494243727778
1942      0.012349894681385741
2249      0.001452703715238037
4870      0.003348966483293622
11739     0.008190505668866678
11689     0.03480845202791783
10988     0.004627884557836942
3888      0.0012668548225950008
9824      0.0016291309973750462
11836     0.01756575953517682
341       0.0012007888818864557
10345     0.0008509125952432876
3736      0.000837873037842393
9729      0.0011282340674275372
482       0.0019122632519537309
8347      0.0033008903359195018
7207      0.0032731920963469277
3500      0.002819160234888206
8800      0.0021915986706910113
7447      0.0027059985160312436
3426      0.0014755158494046765
12093     0.0027953881793672357
7419      0.0065153571686519555
2519      0.0058700624298224134
8874      0.0028055932254402237
10353     0.0022096762002448435
4659      0.017075932083221883
6203      0.0014287290808275037
6930      0.0009607709741929711
6588      0.0008643279836913004
9847      0.0012179251148812364
9507      0.000970927342771618
1011      0.0011094241644088903
10143     0.0012418012078192345
7888      0.004952916237427787
8605      0.0014008792704749932
4321      0.0018405089222317448
116       0.0013217943678373526
10433     0.0028017585409499863
7123      0.0022219765722276564
11414     0.005258309807216641
1343      0.0027193185584865874
6166      0.0007512943468076445
11978     0.0012935747121863889
2357      0.0027300122388617524
4930      0.001367616426166345
368       0.004742502383810109
9503      0.004076422927241737
2200      0.002612383845496436
4871      0.003413795864589355
11238     0.0005836189776933691
2679      0.0017981632188194471
5359      0.00274629460284724
11884     0.002982532344948464
10067     0.0022956723914731017
7694      0.0016592201772152888
4286      0.0036317592880950925
1520      0.0007143645404137518
12181     0.0017619081992759503
2063      0.0013208322513168901
10901     0.0019487252962082121
6623      0.003153724319633745
7797      0.0009574341730952831
9387      0.002423647233432469
1649      0.0009848233525940914
3419      0.0006398010183405022
12171     0.0011896517931644507
208       0.0007753952558619715
6946      0.001485746629582844
10684     0.0036163535552707544
4193      0.0035206798939741756
8863      0.001723526639889764
3731      0.0019388694510159305
1508      0.0020151777473144316
4363      0.0018870959466487762
2834      0.0022564681348550743
5352      0.0019122632519537309
5801      0.0019670891066668945
3282      0.0025210959465287917
3472      0.00274629460284724
5186      0.0018409855267589315
9600      0.0006912780689709762
1476      0.0016444417372521235
6607      0.0015598290634949257
9539      0.0029974409952677455
2177      0.0021226068521027984
11075     0.002533937026248379
8876      0.001280081542510054
9708      0.0032576785843259778
1004      0.0032576785843259778
9327      0.0029350312149112067
8200      0.0017065981648809409
1050      0.002289736476081665
2631      0.0011234598536802168
9791      0.0009813102660332811
10515     0.0017981632188194471
10317     0.0030227666209716474
733       0.001723526639889764
507       0.0035187012015093235
6500      0.00250851459254032
5582      0.0019487252962082121
1583      0.0032576785843259778
2665      0.0029350312149112067
11666     0.0015290785235331206
338       0.0007736243089732546
72        0.001630118091423633
9264      0.0007574987818142015
2281      0.005067874052496758
11690     0.019314706184576973
4417      0.0026413261291425836
8708      0.0009919300823893894
8822      0.0016791582676082407
10008     0.0022564681348550743
6816      0.0027392070686163153
2466      0.0018405089222317448
3700      0.0017981632188194471
5157      0.0013596592792432937
131       0.0010489992270337892
2447      0.0030759766844362926
8091      0.0008177409592742689
6566      0.003356202329834685
1683      0.0029350312149112067
1334      0.004025910285352944
10416     0.0019388694510159305
8801      0.0061163140941324825
11934     0.0035567049892058543
25        0.002182689860892174
6233      0.0009848233525940914
4681      0.0021415020729023708
10881     0.001750691635645346
83        0.0009883631548985774
12084     0.0028558900684419347
8878      0.002234910621368502
9500      0.0005668479195814844
159       0.002185867223125549
9319      0.0017783524946029272
1000      0.0017593506007546617
11115     0.0012734788536517274
9371      0.0005709741174959798
2858      0.002289736476081665
11863     0.0007642853786145613
4711      0.0018188547034876
2127      0.0019670891066668945
5342      0.0010869327480293321
2078      0.0032576785843259778
3312      0.0008276981680312148
11349     0.002234910621368502
3321      0.001057165783164756
8673      0.0018188547034876
7319      0.0012867792373407094
11181     0.0015896158825389603
11590     0.0018405089222317448
11046     0.001247966619275924
3832      0.00250851459254032
9581      0.0008202103643220335
7775      0.0015290785235331206
3730      0.0007620948721729897
11268     0.002100999864017698
10769     0.0017341161796310038
10110     0.005346291231202072
5219      0.002612383845496436
8931      0.0020292455342957117
8815      0.002289736476081665
8262      0.0010253255614787642
8106      0.002913520415160768
3016      0.00752554377762096
4891      0.0009541211216728373
11412     0.0024878149745363133
10243     0.0017413248741384095
3597      0.0015405724842960072
3641      0.007377579247023382
4534      0.0018405089222317448
9029      0.003156347531642651
8814      0.003447053279779528
12105     0.0019971306110615817
10909     0.0014755158494046765
10194     0.001506908535473259
9992      0.0048486662448034784
5313      0.0012669685131241894
1399      0.0017341161796310038
2160      0.0013441417836713506
3712      0.0014755158494046765
5316      0.001247966619275924
3404      0.00250851459254032
2749      0.0011379319548631183
11138     0.0005668479195814844
5144      0.0015523574621110802
11738     0.0021415020729023708
8338      0.0016027289119248248
487       0.0011379319548631183
8160      0.0011478361957365508
6361      0.0006431740893310552
4620      0.001017694542054383
11063     0.0011187341099448951
4118      0.0058700624298224134
7488      0.0019295222679931656
2656      0.0022005935572796675
6459      0.001630118091423633
10387     0.001723526639889764
9196      0.00079844361523531
5989      0.0009813102660332811
11902     0.0032576785843259778
5223      0.0016027289119248248
6090      0.002289736476081665
5005      0.0027036717444640806
9006      0.0016162220816011595
10415     0.0011330577557733857
3690      0.00250851459254032
5073      0.0016592201772152888
4641      0.0035238163985519006
10903     0.0009070627232815386
11814     0.0011187341099448951
7597      0.0017071298402783338
6132      0.0009011329391443885
9069      0.0013441417836713506
6009      0.0008430451106069067
2876      0.0009991469984225818
1580      0.003569116377690818
5197      0.001517861552816974
5385      0.003232444163202319
1361      0.0010449690567515741
5569      0.00880237422911867
6114      0.0037350955269098538
1454      0.0011630992601680732
4937      0.0007386560566366284
8390      0.0011234598536802168
7495      0.003348966483293622
3475      0.0058700624298224134
2235      0.0015644485772340051
2411      0.001436703231339891
11946     0.001723526639889764
10882     0.00659216972973969
758       0.0009852744320671533
381       0.0018188547034876
3565      0.002907205097014588
2762      0.0008404518907533023
9747      0.0008177409592742689
5353      0.002289736476081665
8615      0.0013291249407530068
6718      0.0023518929037104827
4113      0.0015405724842960072
10029     0.0019670891066668945
6232      0.0009253192498611531
11101     0.0018405089222317448
508       0.002100999864017698
2877      0.005672872704510303
6740      0.003241641545434459
7910      0.002234910621368502
7475      0.0016523568810922892
10252     0.0019971306110615817
7222      0.001367616426166345
2376      0.0012935747121863889
2166      0.002951031698809353
2605      0.004177014243350139
4984      0.0065153571686519555
3993      0.001511169063290903
6950      0.0066089718391867626
4008      0.0065153571686519555
5608      0.01261489727853498
910       0.003380527591162232
9583      0.0023534343448968625
6201      0.001630118091423633
6571      0.0012867792373407094
8701      0.0018870959466487762
8700      0.0032576785843259778
6614      0.00547046570466538
6102      0.003911293979898519
11936     0.0010101866089690039
10848     0.0010409734806323425
6989      0.002735320807693861
5587      0.0010409734806323425
7402      0.0014755158494046765
3398      0.005862020412606301
2116      0.0033184403544305775
2613      0.0015511561262835755
12066     0.004587235570599362
2339      0.0019174163420376004
10054     0.001409580117444103
6161      0.002668485866988766
1083      0.004426547548214029
12169     0.0017410940741750475
3801      0.0012121426584110263
5799      0.013170017312339717
3607      0.002234910621368502
10958     0.0007429093245421375
4686      0.002423647233432469
11549     0.0011808433069146686
4771      0.0029350312149112067
232       0.0017071298402783338
10401     0.001184261166058488
4016      0.0010202208655556838
4446      0.0065153571686519555
7754      0.0013518358722320403
2316      0.0017410940741750475
11339     0.001392338081116713
2637      0.0007664862420990831
8828      0.005603517081899973
11750     0.0029350312149112067
7256      0.002388260221590373
4835      0.001392338081116713
9683      0.0036377094069752
10967     0.0017981632188194471
4447      0.00250851459254032
10080     0.001863219853710778
12100     0.0014184467047602765
6536      0.0046570723863332405
12111     0.002600182635897481
6841      0.0017410940741750475
4350      0.0042830041458047415
4322      0.000628184114822186
1017      0.002066167540800871
927       0.0010957993353455057
7779      0.002185867223125549
1834      0.002063741443589818
1581      0.002873406462679782
3762      0.0012418012078192345
1835      0.0020292455342957117
2541      0.0021415020729023708
11864     0.001392338081116713
4665      0.0015896158825389603
10902     0.0021738654960586643
3802      0.002063741443589818
8655      0.002182689860892174
2883      0.001195214183402203
11001     0.0012796020366810045
449       0.000663942519492368
2882      0.006495371971002749
6696      0.0008589153441021884
7322      0.0024594201853926187
3661      0.001723526639889764
7049      0.001017694542054383
1693      0.0031792317650779205
8264      0.0012542147904021019
1694      0.0013839507954661703
1045      0.002483602415638469
2365      0.001336572807800518
4468      0.0011282340674275372
3400      0.0032576785843259778
6869      0.00250851459254032
8294      0.00250851459254032
7325      0.0013518358722320403
6033      0.0006894049004077179
2863      0.0065153571686519555
12137     0.0015290785235331206
2340      0.0014008792704749932
9370      0.0011094241644088903
8356      0.0018870959466487762
10032     0.0010613034260513992
7170      0.002100999864017698
6229      0.0012237803085591594
4817      0.0019971306110615817
8651      0.0012542147904021019
9509      0.0009813102660332811
6403      0.002150460982220206
10496     0.0011330577557733857
5019      0.002612383845496436
2966      0.001247966619275924
5759      0.00043401591534341424
6826      0.0016444417372521235
10772     0.0021564638021204447
4664      0.001882199607590916
8932      0.00187580120769925
11984     0.000995524553994521
109       0.0026149414440177245
7204      0.0009475649321662115
8491      0.0007599146257523541
1720      0.0011187341099448951
8157      0.0010613034260513992
12031     0.0015644485772340051
3482      0.002289736476081665
307       0.001195214183402203
11749     0.00250851459254032
12196     0.002368522332116976
7922      0.0010613034260513992
12198     0.001863219853710778
1229      0.0014655051031515751
2359      0.002289736476081665
10094     0.0009848233525940914
2918      0.001247966619275924
6360      0.0007960867405301243
3696      0.0010696907117019423
8135      0.0014557051251881563
7478      0.0020292455342957117
5436      0.0008923775382039522
4146      0.0012007888818864557
367       0.0009991469984225818
5926      0.001409580117444103
4165      0.0024015777637729115
10749     0.001506908535473259
11835     0.0018698785287528774
2112      0.0010957993353455057
4978      0.0010139254383857471
621       0.000800812484265446
450       0.0014274854695371926
8325      0.0016027289119248248
9775      0.0009040883888176886
7680      0.0017410940741750475
3524      0.0012542147904021019
384       0.0008353083935595523
8299      0.004754157421184783
5244      0.0029350312149112067
5043      0.009773035752977933
8185      0.002234910621368502
7245      0.00250851459254032
4853      0.014675156074556035
6545      0.00250851459254032
2508      0.0014184467047602765
356       0.0029310102063031503
7946      0.004371734446251098
3137      0.0010530645957552674
7552      0.001601624968530892
11927     0.0006912780689709762
2146      0.0031288971544680103
1672      0.0017981632188194471
10062     0.0013839507954661703
10713     0.002234910621368502
11827     0.0012605479732643958
6036      0.0015523574621110802
5406      0.0016444417372521235
8678      0.0019388694510159305
10223     0.001991049107989042
3873      0.0009919300823893894
10177     0.0017981632188194471
9739      0.001235716392286876
1106      0.00274629460284724
5789      0.0029350312149112067
3957      0.0015644485772340051
731       0.002185867223125549
9848      0.00120643115411835
3251      0.0008202103643220335
11912     0.0004926372160335766
774       0.0015523574621110802
10572     0.0011528684799899055
2911      0.002185867223125549
4955      0.0018188547034876
1436      0.0011897054592302726
1088      0.001863219853710778
7769      0.0007065411334024984
1131      0.0012007888818864557
11220     0.0008353083935595523
7044      0.0023518929037104827
1280      0.002423647233432469
9132      0.001367616426166345
3080      0.0014655051031515751
4960      0.002573558474681419
5351      0.0007491639917856579
7670      0.0018405089222317448
10210     0.0017410940741750475
11640     0.0019971306110615817
4124      0.001280081542510054
2093      0.0012418012078192345
10138     0.0017981632188194471
4547      0.0020292455342957117
6535      0.0006551761255598588
7337      0.001280081542510054
5407      0.0032576785843259778
11970     0.0008725668139874322
4970      0.0006136618422529772
6578      0.0012935747121863889
1682      0.000941099803795458
