t_index   tf-idf
3007      0.007819538196906168
5387      0.016791540038375154
8318      0.003979569216817132
8683      0.006265691845368058
12177     0.03342812782590343
3774      0.03549794205577903
6311      0.0014604689154683766
6989      0.001640137733662193
8338      0.015376309252708087
8313      0.003944123755414476
667       0.008540247188090854
11552     0.001751874735670137
2025      0.004449995793911422
1430      0.007819538196906168
1334      0.00482798752729344
4906      0.002746859336021754
201       0.017280247200000976
9396      0.0027410957983970137
2069      0.0048103362376358885
9543      0.00482798752729344
7426      0.006189015678153156
9264      0.0049962789188683476
4137      0.0036244748998725254
443       0.0021197179206386614
634       0.0029784075241525597
2920      0.0026499073198308983
2555      0.007039547875352586
11880     0.021118643626057757
4739      0.0018651591228971303
2354      0.005242709817933514
3042      0.008351880571749713
2813      0.005604237082422747
4978      0.002431857156848077
8287      0.009986922955578154
6766      0.008292216028627076
13        0.004717979785399003
5685      0.005039159056885636
5417      0.020545207547742025
5363      0.007405394908446111
11238     0.000699892681475467
6616      0.003614161364152224
1607      0.0039946685318545385
10503     0.0023877234161359595
1192      0.004828645412042818
5963      0.0008596559378992318
6900      0.0015589841344517516
5075      0.0027175909669320533
11666     0.007334859961215432
758       0.0011815694667334884
4545      0.00458648229838774
11836     0.0019150331439962574
3173      0.003152958258440312
10077     0.003944123755414476
4016      0.0012234782359427415
176       0.007077924357298524
338       0.002783257636010462
11001     0.0046036068132006835
11863     0.0018331060623326108
8160      0.008259109285004129
7475      0.0013210359640609304
10276     0.00549183581538353
9930      0.001854372195921274
1165      0.007490192216683616
8043      0.004054026018707406
3653      0.0017766304784780885
9701      0.005813805733946247
1229      0.0035149518283815414
3267      0.003694997757964459
8392      0.004016177029451091
4598      0.014079095750705171
341       0.0028800412000001625
2662      0.00349144699691658
2074      0.0028935739506231887
8825      0.0037232635273769608
704       0.0032538505847927095
10583     0.004949796315859383
2281      0.0030387702384186855
3312      0.0019851989480028876
2249      0.0017421241212301909
8932      0.0022495148159169666
9355      0.007039547875352586
7679      0.005242709817933514
3412      0.005242709817933514
8732      0.0041338055398898454
2357      0.004365212371650411
8255      0.01143787880520964
2112      0.0026282282259058013
6403      0.002578894725464591
622       0.005136301886935506
110       0.0024967307388945384
10246     0.0052564564518116025
8805      0.002197230561333003
87        0.003944123755414476
2603      0.003944123755414476
10043     0.005482191596794027
25        0.007852633574083799
7482      0.007813403905337113
5582      0.0023369674824707735
7179      0.01976061335056407
1798      0.0019150331439962574
7123      0.0013323291400311075
9500      0.0013595606914383674
7207      0.0011215160579844596
12191     0.0027773077811183637
7425      0.0012295957211493087
1743      0.003875870489297498
12176     0.005083826818492528
5395      0.0046410979538289475
3583      0.007111641312496448
10746     0.004790033059435619
3179      0.003402084255890329
5965      0.002147285697995404
7412      0.0029784075241525597
3825      0.004650296138297848
8276      0.003979569216817132
12038     0.004526119584121614
1520      0.001713373049372829
7979      0.004016177029451091
8957      0.0042197277904989705
9600      0.0016580011268635497
4970      0.002943683798570836
8143      0.002066544144649327
118       0.008344754905526617
485       0.001937935244648749
8247      0.002396411695445421
12111     0.00534550951000885
8822      0.0013424632936405215
8959      0.00171811377096247
8226      0.003339463829516435
7150      0.0020096029416631174
9791      0.004707262098761189
213       0.006936853671710146
8907      0.009580066118871237
11958     0.0018925914183949826
2339      0.00229942088318905
12036     0.005956815048305119
10578     0.002280528984043909
2520      0.00441438258211367
4047      0.003640526552129143
12133     0.0035885898269664516
12181     0.0021129310410340123
488       0.0019207147758860182
7393      0.007127000541906393
10461     0.0042197277904989705
8491      0.007290491987937751
7773      0.003242320999466564
2919      0.003694997757964459
8257      0.004867059340611565
10076     0.00549183581538353
6073      0.0025063139587383513
4255      0.002789644240968669
136       0.003694997757964459
2366      0.005813805733946247
10825     0.0042197277904989705
11042     0.004867059340611565
3406      0.004526119584121614
7400      0.0032238670544096916
2685      0.0024591998685338998
4377      0.004526119584121614
10919     0.0030702212831924943
2493      0.005360338328372268
2966      0.0029931950020165477
6017      0.006522170218683768
7411      0.002545491250657983
5759      0.0010409687635357468
9267      0.001667041162140766
8755      0.002450011024425164
10013     0.004790033059435619
6009      0.002022007938807825
5073      0.007959138433634263
9488      0.002053637200240456
6387      0.005531065484130215
10902     0.0026069620923171383
7127      0.00458648229838774
3888      0.0010128325188355919
3535      0.003423763349815426
3724      0.008032354058902182
5074      0.0043128182086337894
2958      0.0037820370054219587
8850      0.005039159056885636
580       0.0019495649149830578
8034      0.0016445768578280176
7097      0.002133416721422895
4046      0.002729281526702543
5186      0.001471841899285418
6095      0.004526119584121614
7975      0.004265303026901108
4296      0.006016565847918042
6233      0.0023620570384840288
8799      0.0029931950020165477
7987      0.0038440773131770216
5299      0.002431857156848077
1913      0.001973194119896242
7597      0.0040944785115159
3982      0.0035635002709531963
7048      0.003261085109341884
3675      0.004650296138297848
423       0.003538962178649262
6727      0.0015145630099145913
516       0.0035885898269664516
7880      0.003614256204618382
3524      0.003008180975437432
9360      0.005579288481937338
515       0.003054385014028436
918       0.0043128182086337894
3253      0.00549183581538353
3993      0.0018122374499362627
7541      0.0028666705221446153
1061      0.005654986460449966
5897      0.005579288481937338
3625      0.003614256204618382
6741      0.004790033059435619
9371      0.0006847286010588034
7516      0.0023620570384840288
3378      0.0024872290793573567
7088      0.0058130150868701625
5724      0.0037232635273769608
2588      0.006016565847918042
9273      0.006265691845368058
10712     0.0037820370054219587
6138      0.0028666705221446153
1882      0.005242709817933514
3762      0.0029784075241525597
1077      0.005360338328372268
8769      0.002189957322209959
11991     0.005360338328372268
2220      0.00458648229838774
9507      0.002328728048344266
7401      0.005039159056885636
967       0.001475658785932439
3001      0.004054026018707406
10745     0.004265303026901108
9369      0.006265691845368058
11420     0.003752263554137087
