t_index   tf-idf
11414     0.00335109497959913
10958     0.0037876196710263073
6151      0.0021752132347457893
11761     0.0052294513344803275
7217      0.0006733216607896259
11863     0.0019483012520420374
8633      0.0027295374781665465
5857      0.003740961917366333
5458      0.02183350726357706
1985      0.016624725473956836
7207      0.0017879907645735854
1886      0.005423814653857943
4417      0.004713251625527381
1508      0.0012842628676532548
8701      0.012026369659995274
384       0.002129351724565744
3546      0.01236012460765477
8106      0.007427088927172121
3698      0.002630424544903416
3993      0.0028891818361688783
12107     0.0017230367060006744
1251      0.003197328025737867
11723     0.004156181368489209
2357      0.00405958787158609
4871      0.002900793753790408
6403      0.0034261955198282993
5351      0.0038195082204154035
7393      0.0018937180401650184
6210      0.0009494833954795443
7763      0.006178313849159818
3340      0.011173350925362589
9880      0.003089156924579909
3250      0.0010679447326597715
2651      0.007799091720530707
10823     0.0019346514054347495
8259      0.0032510933491468664
5957      0.008304410161683436
4272      0.019940307685236705
8908      0.002042822506592707
1399      0.003315431138515833
5187      0.003329718753890949
10988     0.0022119960514661204
2604      0.005995399123393115
3596      0.001843194042551398
9136      0.0027860848622624826
11219     0.002507232426940181
5802      0.0034683996754986705
5549      0.004152205080841718
11936     0.0025751478310603298
186       0.00335109497959913
1600      0.006178313849159818
1625      0.008304410161683436
9824      0.0013843162300099436
5209      0.0028760720899177385
4088      0.002026108768318101
12093     0.0008907435694500105
11027     0.0021163833228595645
2001      0.0025864563982211735
8325      0.002042822506592707
9509      0.0012507684128538954
6852      0.002677913761104525
3281      0.003061027395628588
8375      0.002134279869476058
10194     0.0038413815945260946
5099      0.0021752132347457893
9656      0.0020777324853801225
5963      0.0018273560647147607
7056      0.0029976995616965577
10008     0.0014380360449588693
3519      0.0028485950952688694
2361      0.007628204604863114
2772      0.0029976995616965577
4806      0.008171290026370829
5819      0.0107116550444181
934       0.029457051372149774
2316      0.0022191813814280317
6241      0.005026642469398695
8575      0.009591984077213601
3646      0.004085645013185414
10673     0.0006886885234062385
6648      0.0015449851096960212
6161      0.001133741946220637
8136      0.004370025678591961
7497      0.0010454320627219362
2803      0.003995721844054175
8886      0.00215439360830216
5459      0.017574320819859563
11922     0.001843194042551398
131       0.001337044096752084
967       0.0015683914418790131
1361      0.0013319072813513916
11992     0.002437351931793485
2320      0.003134752777283215
8600      0.0028485950952688694
2662      0.0018554274341537566
6989      0.0008716032491729414
1101      0.0017639700712704055
11611     0.0022919211518559347
8135      0.003710854868307513
5110      0.006463180824906481
12087     0.0012161133968862804
7175      0.003061027395628588
7123      0.009204355821225835
4286      0.006480606532936899
9081      0.004427757077274769
4543      0.009970153842618353
637       0.003988061537047341
8187      0.0035580613340044378
6114      0.0006801022885649675
10059     0.003662415614317263
11549     0.0007525456320706187
151       0.0023458945689101337
1527      0.0011599486625762918
2961      0.0027860848622624826
6349      0.0013019867329253946
7494      0.0015906459778475917
4049      0.0008350810452832627
8287      0.0026536291186611354
6766      0.0022033278928524132
267       0.013180740614894671
7556      0.036282757781092995
1889      0.00380665741342987
4167      0.004019705997565961
10549     0.005603755169018114
2366      0.0030895770908539485
6900      0.0016569530827916159
843       0.003571093878014122
9202      0.0017291637670551422
1878      0.0019940307685236704
3117      0.003615876435905295
7475      0.000702025942649866
7754      0.0017230367060006744
1440      0.008755426771246695
3754      0.008755426771246695
3443      0.002405273931999055
10544     0.0041423827069790396
5634      0.008304410161683436
10094     0.002510492316858708
7048      0.006932033374502694
7325      0.006892146824002698
2109      0.0019635985353117142
9768      0.0021967901024824454
10071     0.0016575673722340311
1842      0.004393580204964891
1441      0.004152205080841718
2785      0.002437351931793485
10799     0.002242450970634016
6607      0.0009940713908748399
11238     0.0007438750084534336
4518      0.0030988233216089657
1448      0.0027860848622624826
11024     0.0009630606120562927
10385     0.0010812033508392493
7412      0.0031655752100965733
8261      0.002848450186438633
902       0.0015673763886416075
6221      0.006178313849159818
6946      0.0018937180401650184
4016      0.0006501817401389706
11138     0.0007224987827452527
2660      0.0014259274925936983
12020     0.0015094476337876631
11681     0.0012203361796419385
7888      0.0038848851193948094
5759      0.0005531924166877124
10910     0.0007026903171301803
2613      0.000494272085321918
8160      0.0014630207248937186
5186      0.0015643346962350483
1444      0.0018679183896727046
1856      0.0019206907972630473
6943      0.0025864563982211735
11912     0.0006279105499444358
7769      0.0009005503790499059
3173      0.001675547489799565
8410      0.0021967901024824454
9720      0.0018806779883805507
4641      0.0011228554302762717
1520      0.000910522016674905
4835      0.001774660423062696
3888      0.0016147206960124808
7562      0.0028485950952688694
9371      0.0021832739820645455
5142      0.0012288729955941267
4739      0.0009911842879876827
10243     0.0007398251855970565
338       0.0004930269673989389
3461      0.0016575673722340311
8320      0.0014199646436832472
8639      0.012789312102951467
83        0.0012597579556289245
9825      0.003197328025737867
11413     0.006875763455567804
12171     0.0003790796185185903
7447      0.0008622597730386442
10739     0.002507232426940181
1549      0.0017035825542047586
7408      0.0016575673722340311
11423     0.0025864563982211735
7322      0.00626950555456643
7773      0.0017230367060006744
10647     0.0030754105650066133
2150      0.0012288729955941267
11183     0.002507232426940181
7847      0.0013527269077950213
6073      0.0013319072813513916
8695      0.005603755169018114
7049      0.0012971434531922667
3356      0.0027860848622624826
3312      0.0021099518873582608
8027      0.003740961917366333
7097      0.001133741946220637
7368      0.001199516553198309
8157      0.0013527269077950213
8795      0.0017132298964007788
2729      0.0015906459778475917
8347      0.001402427451463067
11106     0.005260849089806832
6042      0.004052217536636202
8519      0.0014082157751560377
7488      0.000819783367958845
4027      0.0010360392785907235
2786      0.0028485950952688694
8874      0.001191993843049057
2077      0.0019940307685236704
1560      0.0011448319601853629
22        0.002026108768318101
8330      0.012466394912280736
4706      0.003740961917366333
5519      0.003740961917366333
6316      0.004152205080841718
11207     0.024913230485050307
7501      0.002677913761104525
24        0.0020959892634647968
11401     0.002677913761104525
5953      0.001337044096752084
8315      0.0028518549851873965
8311      0.0016940895761237095
4028      0.0035004000880552934
5436      0.0034122468981323253
200       0.0025864563982211735
2526      0.004152205080841718
2119      0.004152205080841718
2882      0.0013798228708892452
5799      0.0008834933960607534
4069      0.000910522016674905
3762      0.00474836281514486
11251     0.01660882032336687
1392      0.008304410161683436
11341     0.0027295374781665465
2884      0.0023458945689101337
4891      0.0012161133968862804
10992     0.0014140611275867412
10415     0.0014441842706783728
5073      0.00845930287072057
8769      0.004655155182184011
346       0.0014630207248937186
8091      0.0010422845833372855
3796      0.0028485950952688694
4965      0.003089156924579909
1182      0.003089156924579909
2716      0.0025455230329514424
10548     0.002630424544903416
4048      0.0028485950952688694
9600      0.0008810962272539902
7771      0.004131764428811954
12111     0.0014203573766348654
5240      0.0025455230329514424
3041      0.0020777324853801225
331       0.0013217651801502894
6132      0.0011485751806307575
11891     0.0029184755904155648
2216      0.002630424544903416
2738      0.0010454320627219362
7846      0.006178313849159818
11521     0.002134279869476058
2637      0.0009769558249705526
6360      0.0010146843291183143
3385      0.0013580480059965571
8566      0.0012828464126483255
8882      0.00131179354252529
7427      0.004152205080841718
4146      0.001530513697814294
4077      0.003740961917366333
2877      0.0010329411072029886
9196      0.0020353767568703396
927       0.0027933901089545266
10643     0.004152205080841718
6809      0.0035004000880552934
3805      0.003740961917366333
9056      0.0019489484459786907
10321     0.0025864563982211735
12147     0.003740961917366333
230       0.002042822506592707
5373      0.0025864563982211735
3613      0.004152205080841718
2136      0.0029976995616965577
2334      0.004152205080841718
5272      0.0014630207248937186
2822      0.0027933901089545266
11958     0.001005762379447607
8901      0.0014259274925936983
12044     0.004224647325468113
324       0.0012507684128538954
1577      0.007037683706730402
7160      0.002134279869476058
3696      0.002726834519174623
11784     0.0010614249036143548
10068     0.0012923393907293744
3610      0.0023748416987870984
668       0.004152205080841718
931       0.001337044096752084
6973      0.0009741506260210187
1957      0.00430878721660432
5790      0.001785546939007061
8959      0.0009130413345688536
6881      0.002630424544903416
4172      0.0016148656048427168
9581      0.0031362961881658087
497       0.0016487776044670777
8506      0.0016940895761237095
9112      0.0017330083436256736
109       0.0016664893219047383
947       0.0021148257176801426
2214      0.004152205080841718
7653      0.003197328025737867
1141      0.003740961917366333
7917      0.004152205080841718
7343      0.003329718753890949
7127      0.002437351931793485
4978      0.002584678781458749
630       0.0024712639314178456
3251      0.0010454320627219362
8761      0.0035004000880552934
1913      0.0010485963287426752
5387      0.0008112157321072946
6950      0.0016847460999894126
1229      0.003735836779345409
7432      0.004152205080841718
2171      0.004152205080841718
4124      0.004894738029351969
1885      0.005139689689202337
9583      0.0019997761783140007
11077     0.0018937180401650184
9541      0.001631579343117323
9582      0.003089156924579909
2049      0.0023748416987870984
11522     0.0058369511808311295
11778     0.008304410161683436
102       0.00131179354252529
1219      0.001796636952971787
10465     0.0028485950952688694
736       0.0028485950952688694
9410      0.004152205080841718
11412     0.000634188899246552
11115     0.0016231636208429805
3068      0.0019070511512157785
946       0.0011754606173264587
9261      0.003740961917366333
2810      0.0021967901024824454
1739      0.002630424544903416
8686      0.00241551388445649
3351      0.003329718753890949
8034      0.0008739622919331952
2244      0.0019070511512157785
11513     0.0027860848622624826
948       0.0029184755904155648
2466      0.0023458945689101337
2417      0.0019346514054347495
1558      0.0025455230329514424
3458      0.0020600207679424614
4111      0.0013167584122726862
3712      0.0018806779883805507
2918      0.0015906459778475917
11937     0.0013068698754913758
674       0.0027860848622624826
11063     0.0014259274925936983
8768      0.0016847460999894126
8814      0.0021967901024824454
2249      0.0009258009332766998
8524      0.003740961917366333
11387     0.002677913761104525
12045     0.0012161133968862804
5181      0.0018679183896727046
10455     0.0019786195521169915
