t_index   tf-idf
8259      0.002557092046821819
1942      0.0069506570578995
4870      0.0044764838523108155
10910     0.0029476751411993806
2613      0.0010366967520219026
11739     0.004865801839575046
2090      0.007028657664947172
9196      0.0021345211834227626
11689     0.048388735203050474
7779      0.005843593464688072
230       0.004284659240188715
5390      0.008708922977582054
3281      0.012840527527794422
2281      0.003387053360300483
11238     0.0007801096077190736
4049      0.0017515166909666138
3426      0.003944573889669236
619       0.010678067966306336
7217      0.002824478256149032
1682      0.0025158914525534736
9921      0.004118493203003366
7679      0.005843593464688072
8751      0.015566451367341545
2249      0.0058253835228528165
4999      0.0033035054269445704
7396      0.005424888491397992
1957      0.004518670834605104
1454      0.012437496959734238
10943     0.002953621625828709
11075     0.033870533603004835
3888      0.0022578329502982537
9581      0.0021927113751073275
8160      0.006137141378923794
11836     0.004269042366845525
10673     0.0014444699115569242
2418      0.004981043333845719
9955      0.005974703752827543
7808      0.0051832813690483185
8701      0.005044872545052459
6107      0.0031093742399335594
8431      0.007846372846739702
3375      0.004435680301839153
8028      0.002014195946497443
9824      0.0014517471065433791
3419      0.0017104136106352108
11681     0.0025595589785040087
7642      0.006706143595530426
3535      0.0038161717566710623
2915      0.003440014408134332
8800      0.002929457821998157
3251      0.0021927113751073275
12171     0.007155806667050066
7926      0.004607594140450286
2357      0.006081904056490008
9791      0.007870164569132247
1050      0.01224254517010999
213       0.023195725601391808
2631      0.006006808272112563
1508      0.001346820084702267
7488      0.003438862036366043
6459      0.00871576033981805
4027      0.006519032251533607
4397      0.0020789309421403545
11412     0.002660322488529949
10243     0.002327587546663519
8889      0.0033035054269445704
8390      0.0030034041360562816
5385      0.025924387429235793
11084     0.0036777629326752025
11927     0.001848029909312094
10745     0.00475416297267774
634       0.0033197722833677532
7180      0.004182322414210106
9775      0.002416946896180239
12181     0.002355100787857395
8618      0.006983822715897349
7683      0.012574877244480689
11675     0.003095623859183506
1710      0.0037222104002346515
368       0.0014087089220295548
1714      0.005258722454212643
2076      0.005724989782286281
4659      0.008299997204295919
11020     0.004320731238205965
4066      0.013967645431794698
9371      0.0038160376190812975
10051     0.006121272585054995
7165      0.0020549994969691057
7337      0.003422109109346362
6403      0.001437235026082702
3885      0.00879234464674058
9216      0.0036997882297132856
9849      0.002325293451468377
208       0.0020729047957570757
6033      0.001843022269571349
4155      0.004118493203003366
2113      0.004087765795004016
1431      0.006983822715897349
4838      0.002066907691155804
2326      0.004087765795004016
2320      0.003287448471305606
10882     0.005874397667475769
10317     0.004040460254106802
10472     0.0051832813690483185
9857      0.005843593464688072
11958     0.0021095073402740637
8985      0.004182322414210106
7400      0.003593364711075559
12103     0.004562338360555638
3583      0.002642243047336312
9047      0.0036777629326752025
2063      0.0035310501159846945
4286      0.003883589015235211
3464      0.006121272585054995
3250      0.002239929926380953
6678      0.00856931848037743
1694      0.0036997882297132856
3626      0.004920329009863089
2803      0.0027935705729203973
8659      0.002978263951794089
8709      0.003891612841835386
3860      0.003553219397485832
2443      0.003745044009607933
3634      0.00439869634750509
11027     0.002219473627984529
6740      0.0043330251603013615
6247      0.0036777629326752025
5351      0.00200277938205163
3101      0.005724989782286281
2447      0.0027410565869905074
10215     0.006983822715897349
8276      0.004435680301839153
8060      0.0034581811073636126
2407      0.008708922977582054
3282      0.013479555977715545
7153      0.0028043446384599584
4620      0.00816196854788028
7591      0.007846372846739702
7670      0.004920329009863089
9600      0.001848029909312094
6122      0.004182322414210106
2105      0.004862439651443928
2339      0.0012814824119778518
8174      0.003840814082636442
6361      0.0017194310181830215
2883      0.003195228748178382
4167      0.004215508295441667
2114      0.006706143595530426
3660      0.004320731238205965
8393      0.0062874386222403445
2236      0.003944573889669236
4891      0.0025507020244147772
8347      0.0029414810729827077
5197      0.004057778879020735
7790      0.003225215664161663
12111     0.000993029226071367
9503      0.004359086064316952
5142      0.0025774642772919787
10719     0.007846372846739702
3179      0.00379200795284051
9797      0.005974703752827543
8340      0.004654558083682863
3654      0.004862439651443928
6352      0.0051832813690483185
4009      0.008708922977582054
4242      0.008708922977582054
9461      0.008708922977582054
4520      0.003593364711075559
6020      0.0020609393497566853
7892      0.012064669168021687
8617      0.01741784595516411
6570      0.003352958164599315
9747      0.0021861097851085757
8708      0.002651778701631233
10854     0.008708922977582054
9927      0.006479263234362445
4417      0.001412239128074516
4488      0.005044872545052459
329       0.0027722983148137873
9596      0.002541907664163555
6068      0.003042093163000829
3903      0.0019581325558252565
2093      0.00995931685010326
2508      0.00379200795284051
7490      0.0023475817511062523
6114      0.002852921921086282
4019      0.005724989782286281
6956      0.005044872545052459
1017      0.008285391041119826
9488      0.002289011091385494
3254      0.0048071240205115875
2920      0.002953621625828709
2642      0.007846372846739702
3506      0.008708922977582054
2160      0.003593364711075559
488       0.0021408540052139284
8738      0.008708922977582054
3482      0.006121272585054995
6989      0.0036562382716022524
11690     0.0039719243707759125
2088      0.0028261767211825712
3790      0.0027722983148137873
10237     0.00239339294131866
10118     0.0036777629326752025
6882      0.0028043446384599584
9364      0.003422109109346362
12196     0.0031659474725861587
7888      0.001018530052792622
8135      0.003891612841835386
7447      0.0018085219308432308
12198     0.004981043333845719
5188      0.005339033983153168
6079      0.005811508618403248
4376      0.0038513363790837712
3406      0.005044872545052459
1752      0.007846372846739702
4664      0.005031782905106947
4193      0.003137339389759222
7426      0.000985479778469741
8876      0.003422109109346362
10434     0.004182322414210106
7495      0.0044764838523108155
338       0.001034085215289465
11867     0.002990770557531768
8261      0.0019914666059914795
11158     0.0032101318819486055
10174     0.006706143595530426
8320      0.002978263951794089
217       0.003768304440043977
7227      0.0018992468828642555
306       0.008708922977582054
9186      0.008708922977582054
11761     0.0036561207037627504
4927      0.008708922977582054
5821      0.008708922977582054
