t_index   tf-idf
6607      0.013475189965192274
2177      0.036673929500220574
7929      0.06927902387099352
2639      0.02271297708394966
10223     0.017200452016238668
5346      0.030397668713038877
8259      0.01101759412766438
273       0.022590188585819786
4163      0.06927902387099352
8904      0.061951935173014186
11913     0.02271297708394966
5502      0.027465029970534256
7529      0.02549363495360302
2164      0.017985708470925472
2658      0.014793793905435877
6076      0.02135043322228991
9550      0.016485092713347357
11000     0.030397668713038877
482       0.03303965951986724
7932      0.04964607832741179
2660      0.01932923934404791
5335      0.027465029970534256
3790      0.03583452266185228
6989      0.011815066266566537
8881      0.022590188585819786
4641      0.015220929165967238
5501      0.022837669355412035
10052     0.04513618755274398
2170      0.031425767376924645
11291     0.03630060876163912
5217      0.04063548294744222
1649      0.0170155590364868
8135      0.025151349662973145
6387      0.01328138563781885
6114      0.009219164356102892
10484     0.02841229890474502
10095     0.03260482441154274
11582     0.027244673983502627
7725      0.027691593978256695
398       0.027030194862209755
9371      0.004932581959479158
6853      0.029204002245873724
11989     0.021779467760290393
487       0.01966093544235721
