t_index   tf-idf
7929      0.01696629156024331
7207      0.011871285620570198
5346      0.022332981095293872
8259      0.009106378819804231
11582     0.010008247585776476
7725      0.025431055694317375
7097      0.0028227860701819938
1476      0.005218585513116433
9850      0.00871528185189277
6766      0.002742918397224433
6946      0.004714971446941474
6853      0.005364000412507419
3848      0.0036426230293272175
3634      0.0026107908593184974
758       0.0015633691243514523
102       0.0032660982079201098
8106      0.009245967848112232
10107     0.010338143262503869
2177      0.006736027867387452
497       0.004105119749897621
11910     0.010767902759378646
2990      0.005218585513116433
8276      0.005265484439938314
6011      0.0019076449781710672
273       0.004149218311681185
4163      0.04241572890060828
1334      0.0031940257621039937
3419      0.004060777891916249
12171     0.0037753235476953484
707       0.005469559030670578
9196      0.0025338363707977695
11761     0.008680177725259863
1052      0.008210239499795243
9105      0.009239271304765645
8874      0.0029678214051425495
7888      0.0036272141675982145
4937      0.004688204767632478
6361      0.004082186566978738
2738      0.002602912482695433
8751      0.009239271304765645
2320      0.0039024473349852265
56        0.005364000412507419
8187      0.005315307952022956
4966      0.0019780007566059347
5170      0.011050617491192648
10317     0.0015987762229969088
4255      0.0036910598970639873
4146      0.007621333515646689
8261      0.0023640198826225386
7704      0.00564354720226031
11867     0.003550268450947575
2890      0.007960694268163667
4376      0.002285912238605844
1399      0.005503164610869818
7837      0.004682504379233208
8913      0.0043657798078355296
2463      0.003449347802419615
9930      0.0024535740959638628
2592      0.005364000412507419
3797      0.004149218311681185
8255      0.005044597341526701
10633     0.005265484439938314
6900      0.002062737511230379
539       0.002618711479449731
580       0.005159052734206868
8028      0.004782002621276242
9396      0.00362682403257292
8382      0.0031478597512561235
6435      0.0043148371004557585
2729      0.003960383863212371
8904      0.007585951245675206
1900      0.004445647480793091
7405      0.006439748583326187
1349      0.0036747371661736174
9039      0.005129031299775108
8101      0.0024254362525421283
8383      0.007092420441281675
1150      0.004682504379233208
1964      0.005772079722292282
1824      0.007463660133203674
10743     0.008290320162748893
12111     0.0011787999996561466
3852      0.004241572890060828
10181     0.005706415929110694
3565      0.0018451852758602796
7847      0.003368013933693726
1934      0.008290320162748893
2339      0.0015212155162594226
3801      0.0038466976200594812
75        0.002986551418167219
7481      0.007092420441281675
9167      0.007463660133203674
8422      0.010338143262503869
2787      0.0038650480686537193
5212      0.004589177003903481
411       0.007691370302015284
4841      0.00871528185189277
9264      0.0012019495976745747
6033      0.0021878053472122474
6403      0.003412211048318796
7170      0.006667458752137797
10881     0.005555766313119414
9617      0.012305885699305191
359       0.007266408612871406
2800      0.004926358884862714
10611     0.004926358884862714
737       0.002777883156559707
7552      0.002541353904148507
11691     0.004265592803283572
1726      0.005993548483543452
10674     0.0031707624133614585
8193      0.004926358884862714
10805     0.00958207728631198
11592     0.005840798722592578
7542      0.015921388536327335
9371      0.0009059844415369883
4417      0.0033528670455646673
946       0.0029266570472209785
11220     0.0026508256162961303
2357      0.0014439350447040902
3281      0.007621333515646689
12169     0.005525308745596324
9820      0.004682504379233208
7488      0.002041093283489369
4834      0.007960694268163667
7447      0.002146850863483971
6989      0.002170114212226507
6882      0.0033289669347704946
10336     0.00654922029547381
8743      0.0043148371004557585
1056      0.0043148371004557585
3080      0.004650735582450407
3254      0.005706415929110694
9283      0.006439748583326187
10243     0.0009210068637024581
2093      0.0039408181186916524
131       0.0033289669347704946
485       0.005128277620192948
1549      0.004241572890060828
4167      0.005004123792888238
78        0.0032057962794832676
5502      0.005044597341526701
2786      0.007092420441281675
11420     0.004964729668569139
3340      0.009273121176151266
10485     0.004062299588985988
10194     0.00478212810747126
3282      0.004000310404951297
8450      0.0026266747985480387
11238     0.0009260484799114172
11724     0.005173129861558672
6034      0.005912871168408693
5324      0.0061529428496525955
4210      0.004000310404951297
11992     0.006068508891404187
10544     0.002062737511230379
3888      0.0013401083327450518
3903      0.0023244498706905255
338       0.001227536531074909
705       0.005469559030670578
10381     0.00624249706299392
10785     0.006936782718286181
30        0.008290320162748893
7344      0.007691370302015284
10122     0.0039408181186916524
1798      0.0025338363707977695
11752     0.010338143262503869
6893      0.015921388536327335
11331     0.006439748583326187
7497      0.002602912482695433
1343      0.0043148371004557585
11682     0.004888959618531206
10714     0.005912871168408693
6678      0.005086211138863475
9557      0.004149218311681185
9747      0.0025950759013703842
1315      0.004888959618531206
8111      0.00481688717271509
11154     0.0054158370334487
3883      0.010338143262503869
3570      0.004714971446941474
1361      0.003316177312752444
6009      0.0026753778510076325
6076      0.003921508142869575
9550      0.00302787417183931
3251      0.002602912482695433
11912     0.0015633691243514523
5501      0.0041946739632389455
11817     0.005218585513116433
2763      0.005912871168408693
6349      0.0032416812534060845
10725     0.00478212810747126
7525      0.0032660982079201098
7227      0.004509096340949831
509       0.004127004477807179
4641      0.0027956808672184724
10486     0.004926358884862714
5640      0.004290009757797597
7797      0.0030383880391085002
6535      0.002079181378052205
10885     0.00302787417183931
7425      0.0016269140664186433
6424      0.005912871168408693
5409      0.0061529428496525955
1743      0.002564138810096474
11784     0.002642731392672475
4102      0.004105119749897621
10110     0.004241572890060828
8060      0.004105119749897621
3413      0.008290320162748893
4111      0.0032784597203524024
3712      0.004682504379233208
7217      0.0016764335227823337
6119      0.005173129861558672
