t_index   tf-idf
3915      0.0057247161235253
9492      0.005620228827654909
9583      0.003705914335508477
201       0.0028362937387343373
8447      0.0037547129579970887
10918     0.0057247161235253
8874      0.0033134411130832007
9538      0.01605774819663282
3340      0.006902019305793599
4849      0.0032115496393265645
9099      0.0034615601550390374
1942      0.01381773026510274
6311      0.001438284577511895
9729      0.002664917430151626
11158     0.0028362937387343373
11196     0.004175039347485769
11970     0.0020610249049374035
4970      0.004348454421433122
1562      0.01612411228186246
4848      0.003884213014825902
7528      0.0114494322470506
3196      0.006486817378370822
9539      0.04248018909242744
9411      0.006617824604319841
3888      0.0039897908843245095
5898      0.011652639044477706
5587      0.0024588057150125965
4132      0.017775524922836343
11964     0.007694719289053512
2613      0.005495805060085731
9536      0.015389438578107024
11057     0.0034852057911254762
1902      0.010384680465117112
7975      0.008401027227668513
1556      0.004457368400565338
4047      0.0035852274146284473
2911      0.010326147438866519
10549     0.0034615601550390374
2366      0.0019084982535907933
1399      0.0020480131589819322
2603      0.003884213014825902
8259      0.0015062027415034848
3732      0.006170516779362468
7207      0.0033134411130832007
3692      0.0038982337972568145
5727      0.0062788535175825584
2657      0.007694719289053512
6247      0.003249466489882648
8332      0.003919120064156619
9508      0.006486817378370822
5335      0.0037547129579970887
3458      0.003817557473756663
12112     0.0034384123589887338
7645      0.005163073719433259
4133      0.015389438578107024
8101      0.0018052614132845208
737       0.0020675889823507693
6973      0.0018052614132845208
6588      0.0020415645791999576
4468      0.002664917430151626
12111     0.0017547706323995298
9371      0.0013486553205664534
9216      0.0032689268156200933
6274      0.004962614868679778
4999      0.0029187934025408993
9942      0.0037547129579970887
7475      0.0019514543924798807
8091      0.0019315248481085899
7976      0.00415563065950405
7872      0.006170516779362468
953       0.0021495757493818876
9137      0.0057247161235253
6132      0.002128498815751176
2399      0.00451681421284261
11691     0.003174896921937646
6022      0.0018971633109205546
7447      0.0015979092502893355
1714      0.004646314269671424
2813      0.0027595547152689226
3201      0.006170516779362468
6403      0.0012698608205135773
758       0.001163621576099562
2317      0.00693261803420799
3096      0.002536677522115224
4397      0.0018368275919164146
5569      0.005197857693523874
11138     0.0013389091366317089
9832      0.003350407026686932
103       0.0023014692422307116
11884     0.001408963381183249
488       0.0018915393615687624
9527      0.003611722183433928
8348      0.003992445876651092
9264      0.004025770424616361
5540      0.004457368400565338
5592      0.004793129325311137
2321      0.004874609536377975
2738      0.005812072936043979
10119     0.005924974174405879
8706      0.00564625231956585
6740      0.0019142098492976902
12012     0.002163854907236806
9474      0.0029187934025408993
2640      0.005925174974278781
10193     0.011850349948557562
6667      0.005278915467688133
212       0.0029187934025408993
8655      0.005155568709398477
9549      0.005058282111437752
3696      0.002526636541817499
6233      0.002326177691064018
3981      0.0035340796017467083
2063      0.003119839216401667
10882     0.008650484328898917
12084     0.002698273857069696
4677      0.005569087931936803
6607      0.007368711474636788
10740     0.0024401700197053326
1682      0.0022229015618763603
672       0.0031221117599803797
384       0.0019730195726356007
4073      0.0015272189167984333
12063     0.0025673626681300427
12171     0.000702496913305337
5186      0.001449484807144374
7272      0.006923120310078075
11238     0.000689261400237865
8882      0.007292907897178575
10910     0.002604401580452111
6741      0.004717273063596091
4419      0.0029046063708497638
11993     0.0035093711529134014
5188      0.018869092254384365
5517      0.0032689268156200933
1597      0.012353115783638163
497       0.006110912437822283
6880      0.0018315032246056188
6821      0.006143490210001574
4414      0.005837586805081799
9105      0.0034384123589887338
12010     0.003919120064156619
8868      0.0035340796017467083
5033      0.0029624870872029395
6596      0.003071745105000787
5759      0.0010251565797858367
7411      0.002506825560774571
8036      0.0023860863447293184
2402      0.0028101144138274544
921       0.002890600070596698
5203      0.003955171808750569
5582      0.0023014692422307116
612       0.0032689268156200933
474       0.004874609536377975
10673     0.0012762531623629534
3310      0.0029331658908742933
5488      0.0035852274146284473
6114      0.00504136582510943
7204      0.002238172358762216
4787      0.002094244341195391
8408      0.0020808358859803313
7425      0.004843673271160315
1756      0.005925174974278781
6210      0.0017595489759266493
11001     0.0015112262028144016
3461      0.003071745105000787
9543      0.0023773255039457575
5777      0.004962614868679778
1200      0.004579658728602185
944       0.002142505116004242
2008      0.008225016563064907
6774      0.003666707625695286
6011      0.002839734802948323
11008     0.0035852274146284473
2599      0.010116564222875504
11082     0.0035093711529134014
6360      0.0018803770352268506
11137     0.005555230580156659
6234      0.0171741483705759
6816      0.002156692147695377
10424     0.007018742305826803
2143      0.006486817378370822
11017     0.004646314269671424
11063     0.0026424782900723726
9738      0.0034615601550390374
4322      0.004451360347815945
11549     0.0013945908928498555
8558      0.0027351208274811233
4641      0.0020808358859803313
11123     0.003666707625695286
76        0.007694719289053512
10553     0.0025777843546992384
4376      0.0034028263197474337
2895      0.007694719289053512
2083      0.005753539909793385
633       0.004200513613834256
8651      0.0029624870872029395
5342      0.0051347253362600855
5142      0.0022773038804427864
7769      0.001668868044214003
1171      0.0019373576453479932
3573      0.002723104536279954
3656      0.0029331658908742933
9581      0.0019373576453479932
3859      0.003611722183433928
506       0.00451681421284261
3304      0.0036388712097422146
11300     0.004071013557005443
6696      0.0020287797874616246
671       0.0030554562189111416
6102      0.002309643850155265
116       0.0031221117599803797
5436      0.00421563667414829
10200     0.006486817378370822
9399      0.0028767699548966925
3250      0.001979077327359374
4155      0.0036388712097422146
2085      0.003666707625695286
6826      0.003884213014825902
8685      0.0023429639667577225
11228     0.007694719289053512
11434     0.005925174974278781
4872      0.005555230580156659
9081      0.0027351208274811233
1472      0.0057247161235253
4048      0.005278915467688133
4871      0.002687824085790606
9588      0.003666707625695286
10684     0.0021354796627010213
6324      0.004874609536377975
7408      0.003071745105000787
9865      0.005408415524516945
6275      0.006486817378370822
10158     0.005555230580156659
5953      0.002477762731196267
5108      0.006486817378370822
9500      0.0013389091366317089
7165      0.0018156830998537162
6983      0.004071013557005443
10145     0.001961003281434432
4977      0.004793129325311137
12061     0.006170516779362468
6989      0.0016152242491002356
738       0.006170516779362468
3607      0.005278915467688133
10062     0.0032689268156200933
5702      0.005925174974278781
790       0.0057247161235253
5042      0.011850349948557562
10833     0.0026536406164142847
5626      0.0031394267587912792
7797      0.004522967511381768
9202      0.0016022125031447646
5161      0.007694719289053512
4400      0.0042961808565922304
1694      0.0032689268156200933
735       0.00451681421284261
7345      0.007694719289053512
67        0.002394917554465575
2656      0.002598928846761937
2882      0.002557038839217538
4065      0.003249466489882648
1106      0.006486817378370822
9880      0.0057247161235253
6361      0.00151919348188829
1581      0.0033935294046585273
