t_index   tf-idf
8259      0.004721826054713305
1942      0.028878325157225302
8875      0.02527390615609393
2210      0.014637187674926552
7753      0.03429754688428709
4955      0.02693637203736398
7888      0.005642333149597223
11972     0.055893984705501845
3848      0.016998907470193683
5650      0.03237165268533551
1200      0.028713733298378778
5767      0.028713733298378778
6668      0.04400640017145376
6734      0.08614119989513634
7207      0.006924916611999282
12191     0.017148773442143547
10958     0.011002133330124035
9371      0.004227927393839278
10574     0.02373565198136288
3120      0.06619592411862896
7475      0.004078436428727793
10910     0.008164592256179236
4049      0.01940569286182058
635       0.015299478694977877
559       0.02527390615609393
2211      0.02527390615609393
2270      0.015071571551376811
4102      0.03831445099904447
2185      0.019157225499522236
5387      0.00942555422067523
3859      0.02264492480089526
2834      0.016708609284284002
2093      0.018390484553894377
11827     0.018668115223106053
10385     0.012562553219275087
3860      0.019683707455913576
8059      0.043466414658923105
4555      0.02264492480089526
3800      0.03056302804554445
1743      0.011965981113783546
9581      0.012146924919245353
6900      0.009626108385741768
9500      0.008394747761421031
11970     0.01292229900714721
4970      0.009088039663841708
7426      0.005459245121999042
10772     0.01596810101093948
5978      0.02114038004886033
205       0.02633655361054811
11927     0.010237499021427314
4172      0.018763200361029662
1527      0.013477498746124533
