t_index   tf-idf
9221      0.025729770333510475
8259      0.004507197597680883
11757     0.01729980345281357
8452      0.03600472031688066
9371      0.008071497751874986
7753      0.016369283740227933
8805      0.025900687526016316
368       0.007449082027095676
1457      0.019803338778078314
3298      0.023246426376609564
8133      0.09342682918123106
2366      0.011422072881338839
2270      0.014386500117223321
11910     0.011991528072944402
3527      0.022847503062634576
1743      0.034266218644016515
9551      0.016086219907383174
12171     0.004204337587206184
8299      0.01344129961807698
2749      0.016086219907383174
487       0.016086219907383174
1920      0.023455339777907036
7165      0.010866588249124514
11542     0.029700498077704734
6580      0.01629736805803912
226       0.01273874291245022
10496     0.01601731645661468
8605      0.019803338778078314
11240     0.02541948913876582
1202      0.019926337114778002
1537      0.021003054627284752
7883      0.024364399318441664
6387      0.010866588249124514
5476      0.019682597419422628
9220      0.014073097104195277
9824      0.007676662730055142
509       0.018383929037504708
11138     0.008013168317720075
7400      0.019001277032808638
9492      0.016818108991846128
8034      0.019386072657427242
4838      0.010929557336566297
10111     0.019682597419422628
11037     0.01868536583624621
9202      0.009588999071851243
10749     0.02130220702419016
5259      0.012453487499427741
2093      0.017554553437808273
5302      0.016369283740227933
4115      0.028686152780271198
717       0.021150930949847727
1942      0.009188558004571688
131       0.014829034527614022
8200      0.024125092239907848
2658      0.012104013195356627
