t_index   tf-idf
8259      0.0017362356504685113
11757     0.0022213755406336492
8452      0.020804283918508863
9220      0.0054211541374137445
9264      0.004468727006140296
9359      0.0029597685533980862
12111     0.003371276263608046
67        0.0018404522062527278
8698      0.008326635773091838
8261      0.002704365157552632
7753      0.016815139717588228
2079      0.01244692138805181
9589      0.0012966967241362462
4111      0.0037504558668622814
3298      0.0029849496903817728
8133      0.05518362906502286
4049      0.001189259387446203
7135      0.0019571796958933606
5330      0.0019416759416690896
7425      0.0009305695243717532
9551      0.004131091493724861
5963      0.0019517869251525362
11912     0.0026826684196069673
12171     0.0005398565773455411
313       0.004599539388112329
3527      0.008801178222571295
8805      0.0049886538231043095
3634      0.0014933317366529926
3250      0.0015208862729707252
10933     0.0027197276433308126
3888      0.0007665211086129286
8408      0.0015990859435062858
2074      0.004379767575067784
9824      0.0019714386777573514
6942      0.013328253243801895
5626      0.0024125944936236486
5144      0.0028178006072950156
6534      0.002933726074190432
368       0.0028694907419551437
11910     0.0015397681961368298
9221      0.013215290599312772
6011      0.0010911432365414277
1920      0.006023550293159006
6311      0.004421186055386759
8913      0.0024971581002016453
7888      0.0013831400327806423
1549      0.0024261136764161155
4776      0.004056754104546327
7493      0.003263981095639191
6607      0.007078407180159366
1161      0.0024125944936236486
60        0.0043993441027091315
12132     0.007774402466995767
11927     0.00125479073608934
5802      0.0016464776669682403
5329      0.004553393219533305
11784     0.0015116012246025442
11270     0.0043993441027091315
4137      0.005486072902919893
11540     0.002092658155312416
5006      0.006023550293159006
4513      0.003978135330262088
2270      0.0036945875787421758
3993      0.0013715182257299733
9596      0.001725925631893153
1955      0.001218121313414174
11140     0.01094941893766946
7498      0.0043993441027091315
9505      0.002092658155312416
5313      0.0022997696940561647
8262      0.0018611454257970565
487       0.0020655457468624306
3762      0.002254086628201062
10807     0.0036251417512071127
5089      0.003011775146579503
12031     0.0028397480983644494
11739     0.003303822649828193
7475      0.0014996585311859007
10958     0.0020227657581648275
12137     0.0027755452576972792
402       0.008312545261417096
8301      0.0047419341008719355
10077     0.0059698993807635456
3500      0.002558634726800288
1710      0.0025273374118324776
10769     0.0015738622525250257
7256      0.0014450368266821128
9747      0.0014843430252974572
6329      0.004985005572872519
341       0.0021796420754865045
6039      0.004553393219533305
1870      0.004156272630708548
12093     0.002537059505203921
2471      0.004985005572872519
10501     0.0020744868980086353
10122     0.006762259884603186
6404      0.009970011145745038
4395      0.002276619454173465
3736      0.0015208862729707252
1617      0.012630776880349628
6458      0.004319047445376827
9147      0.005327595571035323
8051      0.005327595571035323
10853     0.004269097430276032
2920      0.0020054746058642404
579       0.004553393219533305
49        0.002735302847464106
2882      0.001965039574885073
4870      0.003039480281043725
2245      0.003967731749369917
3732      0.0047419341008719355
2024      0.0026968902828809213
11836     0.0014493149669543661
10988     0.0010500526003068742
11339     0.0025273374118324776
2136      0.004269097430276032
1726      0.0017141082238927771
2239      0.005327595571035323
2150      0.0017500681571496121
6449      0.004985005572872519
1854      0.004985005572872519
11024     0.0013715182257299733
2447      0.0018611454257970565
10289     0.0017624031338636568
9371      0.0005182089996339971
5387      0.00115527220992712
7525      0.0018681573407169502
2357      0.0008259083718735457
10317     0.0009144751158776094
918       0.003263981095639191
10647     0.006569651362601676
9992      0.002933726074190432
4286      0.0013184558038103974
4937      0.002681580158918188
10673     0.0009807782084306743
8091      0.0014843430252974572
5996      0.011498848470280824
6038      0.004721164655545957
10740     0.0037504558668622814
1323      0.0032280211623823564
2814      0.003011775146579503
7150      0.0030417725459414503
2368      0.0047419341008719355
7408      0.0023605823277729784
3174      0.0035193875443538195
102       0.0018681573407169502
1879      0.0013637307890496738
6057      0.005327595571035323
8553      0.0043993441027091315
10250     0.0018611454257970565
7832      0.003746052075621207
641       0.0076273652650914875
6009      0.003060548981308342
7384      0.0028854311642195524
10569     0.0035193875443538195
4671      0.004553393219533305
11376     0.0047419341008719355
2818      0.007935463498739834
6028      0.0018404522062527278
5107      0.0018404522062527278
8382      0.0018005267837924133
635       0.0037504558668622814
8825      0.0028178006072950156
6334      0.005327595571035323
4999      0.002243041622575205
6650      0.005327595571035323
1682      0.001708260927901094
11536     0.005327595571035323
6965      0.0028622809243368523
10470     0.0043993441027091315
1743      0.0014666474905999287
5395      0.0035124262724503127
8684      0.004269097430276032
9492      0.0064785711680652395
5259      0.007995429717531428
4838      0.0014034061949676569
10111     0.0025273374118324776
9712      0.008538194860552064
10179     0.004985005572872519
11037     0.002399288220218385
8876      0.002323572138447238
1301      0.0038136826325457437
11348     0.0033408459619498404
8370      0.004269097430276032
10749     0.005470605694928212
5965      0.0016250858687163665
545       0.0026968902828809213
8685      0.0018005267837924133
717       0.005431756586342217
7488      0.001167473590167071
10067     0.0020835236782533115
8373      0.002439852692928736
4978      0.0036809044125054556
7424      0.0036272535001099955
3583      0.0017940521858373012
1904      0.0028397480983644494
8558      0.0021018924646985285
8491      0.0027587562094433713
5764      0.001904117273973785
8410      0.003128502636220136
8889      0.002243041622575205
11098     0.003128502636220136
9424      0.0038136826325457437
2631      0.008157105396759862
338       0.003510658950739526
586       0.0038987845184261225
509       0.0023605823277729784
756       0.017597376410836526
4739      0.0014115698420369333
9091      0.0035706111605451605
3433      0.0025428411660567483
2762      0.0015255673425541459
905       0.0043993441027091315
10243     0.0015804047739018834
10745     0.0032280211623823564
11414     0.004772376507911602
10496     0.004113396444111163
11238     0.0005296853173034177
4762      0.002735302847464106
667       0.0010772231375380489
12181     0.0015990859435062858
3692      0.001497862208089924
2439      0.0019809821402844343
8319      0.0032280211623823564
630       0.0035193875443538195
8680      0.004156272630708548
5272      0.004167047356506623
10827     0.003425409568527837
8390      0.0020392763491899656
5186      0.0011139036942062796
6514      0.005510368983572905
9423      0.0043993441027091315
12036     0.002254086628201062
10825     0.003193529397867898
2127      0.0035706111605451605
8247      0.0018136267500549978
9283      0.003683435960112644
7883      0.003128502636220136
10144     0.003263981095639191
1942      0.0035395612546793662
639       0.0029092336086106257
7165      0.0013953206701210466
6580      0.002092658155312416
1580      0.0021595237226884135
3065      0.002574729135294432
3857      0.002881560477690391
2658      0.0031084236221538422
8605      0.0025428411660567483
4046      0.0020655457468624306
1202      0.002558634726800288
1537      0.0026968902828809213
11863     0.002774623572947026
500       0.0035706111605451605
6973      0.001387311786473513
8388      0.0026783196254758037
8157      0.0019264515496224817
6203      0.0012966967241362462
10805     0.001826933023460261
8800      0.005967202995393133
621       0.001453614879026578
8874      0.0008487738259843479
2966      0.0022652779295417066
5142      0.0035001363142992243
8659      0.0020222064575411225
2211      0.0030977744899492563
324       0.0017812499576051583
12104     0.0043993441027091315
7368      0.001708260927901094
2177      0.0019264515496224817
2757      0.003746052075621207
11851     0.0019493922592130613
8095      0.004269097430276032
7227      0.0012895664632677534
11331     0.003683435960112644
200       0.003683435960112644
564       0.0017812499576051583
2261      0.0015162309945351408
5351      0.0013598638216654063
9500      0.0010289282275671692
7877      0.0038872012334978836
758       0.0008942228065356557
3084      0.0035706111605451605
2349      0.004985005572872519
9583      0.0014239651386438216
156       0.0038136826325457437
8822      0.0010159887572493442
8187      0.0010134244733428983
10901     0.0017686388145547296
2706      0.0047419341008719355
4673      0.0020306982968455
4468      0.0020479423830931757
593       0.0038872012334978836
9422      0.0036251417512071127
3524      0.002276619454173465
7979      0.003039480281043725
7499      0.005327595571035323
10080     0.003382070279206529
5961      0.005327595571035323
6459      0.0029589497651716923
11590     0.0033408459619498404
2712      0.002933726074190432
103       0.003537277629109459
8888      0.0025121130197858694
6521      0.002243041622575205
5989      0.0017812499576051583
7426      0.0006691292659259527
3646      0.0029092336086106257
11647     0.0032280211623823564
2063      0.0011987709051348818
4016      0.0009259397544391565
4641      0.0015990859435062858
2339      0.0008701115987943002
4451      0.0026423596922189687
6566      0.0020306982968455
8311      0.0024125944936236486
9399      0.002210747338879754
2485      0.004056754104546327
11995     0.0017940521858373012
1782      0.0038136826325457437
5727      0.0024125944936236486
11694     0.003263981095639191
547       0.0034710926343829397
3656      0.002254086628201062
5033      0.002276619454173465
25        0.0019809821402844343
8959      0.0013002845465066165
11412     0.00090316395768186
1845      0.0024261136764161155
