t_index   tf-idf
6435      0.012529008469471536
11238     0.004033455601391951
11899     0.003549022537896728
1150      0.0033991513271470694
6614      0.0031505830262054317
9001      0.006326649048040678
5015      0.002370945365749413
3774      0.029224760761265702
201       0.04149392691852086
10205     0.0033314025657966008
11439     0.003970494703746049
2744      0.008110603311303472
11970     0.01206081240667073
4970      0.011309560470558571
4137      0.0034812857680257096
8382      0.011425565023077781
8261      0.00343220664440013
1920      0.015289406670043105
368       0.0024278489569793315
5212      0.009994207697389804
106       0.004347309921539032
2270      0.004688933371539453
5759      0.0029995322149289298
6616      0.0017356898403150804
3398      0.003376089533926962
8320      0.002566454615249721
2508      0.006535361854525126
4049      0.003018663334060979
3407      0.006619477110321572
3730      0.001755640779598517
6607      0.00359338399071794
6213      0.0075047262201879935
580       0.0018725450664899002
6028      0.002335783787688647
1607      0.0019184272331992784
839       0.005148571875893364
8718      0.0027662617945680575
6076      0.0028467244296386546
9915      0.004840081168218549
7204      0.00218290884373105
4040      0.004840081168218549
1124      0.006326649048040678
758       0.001134890179158832
10742     0.0029187200561601695
3001      0.0038938669661164964
7987      0.003692212530434226
9874      0.005035590417718857
2035      0.004142435267058133
9123      0.0042923064778077925
12005     0.0043658176874621
5463      0.0042923064778077925
5810      0.012653298096081357
4725      0.005583365108129613
1408      0.0075047262201879935
7948      0.009063180921087469
8259      0.0036725313758881263
1942      0.0044921839133461585
9791      0.0022606480943433366
3260      0.003970494703746049
8430      0.0033535132883964194
6061      0.009680162336437098
7870      0.06292105518684114
9581      0.001889521654104833
2202      0.003970494703746049
6102      0.0022526156069415542
9551      0.005242916117961923
3785      0.006663222464999265
8299      0.006571302035504301
6023      0.006761442280276928
5674      0.006018158340365863
9492      0.002740728872745295
9583      0.0018072051389208005
8760      0.002435396730105475
10673     0.001244740738600905
4978      0.002335783787688647
10772     0.0024839268239239196
3798      0.0035761716349373774
7425      0.004724076400267468
9500      0.001305849651776605
4014      0.0075047262201879935
67        0.002335783787688647
3068      0.0034468183770122217
7682      0.006018158340365863
8034      0.0031592118404696243
6347      0.004190102316923286
9848      0.0027792599180059764
6629      0.011166730216259226
11855     0.0045315904605437345
1917      0.003188212573259103
6387      0.00531255425512754
3096      0.0024740435092234898
8450      0.00190677133524228
7597      0.001966360667876155
8640      0.0020101354011117884
7753      0.005335173959777993
9264      0.004798895060345154
5582      0.0022446428411879776
9544      0.0075047262201879935
7207      0.001077209250755444
12191     0.0026675869798889963
876       0.003779043308209666
635       0.0047598378162153395
105       0.005358872146848456
8949      0.0026328055940158974
10544     0.007486973188910264
2920      0.0025452196232449865
6241      0.003028396944526621
4114      0.004053022495071851
8698      0.0035225438579170407
4347      0.0020101354011117884
9371      0.0006576775945972211
103       0.0022446428411879776
12111     0.0017114429624637388
9792      0.0037232967953923007
3012      0.006761442280276928
5989      0.0022606480943433366
3430      0.0033991513271470694
2662      0.0033535132883964194
2074      0.0027792599180059764
8974      0.0032885035631560512
7877      0.00493338625683435
8888      0.006376425146518206
3616      0.0029337179517458316
5186      0.0014136950588198214
6022      0.0018503197723793064
5500      0.004190102316923286
10415     0.002610229348485355
7794      0.010071180835437715
9775      0.0020827517697948232
5436      0.004111546879724876
10145     0.0038251668946498794
3362      0.006761442280276928
2922      0.0075047262201879935
2658      0.003945011708116234
3696      0.002464250454365215
5646      0.0035225438579170407
8007      0.005148571875893364
9021      0.005274874400454798
8898      0.01738923968615613
10068     0.002335783787688647
2551      0.004347309921539032
9471      0.00218290884373105
9078      0.0032075343942762798
10578     0.002190434011834767
9739      0.0028467244296386546
4739      0.0017914738242147746
8091      0.001883832876550353
1106      0.006326649048040678
8592      0.0033991513271470694
5274      0.002069177765075767
1171      0.001889521654104833
6033      0.0015881846224207426
2924      0.003692212530434226
9069      0.0030965044053465926
10353     0.0025452196232449865
931       0.0024165834045000627
11927     0.0015924998477775823
5802      0.0020896037551152483
102       0.002370945365749413
2357      0.0010481898843037098
3934      0.0036620039960712342
1533      0.004674780453081232
3670      0.003755309084687036
11412     0.001146237714193768
10243     0.0006685827603173399
2803      0.002407299086294367
2686      0.00419299960990541
1889      0.004586787204330312
3583      0.0022768958605441304
3726      0.005778874357629922
7786      0.005035590417718857
10833     0.0025881186258855365
449       0.0015295268412009366
10223     0.002293393602165156
953       0.002096499804952705
1879      0.0017307595693124254
11027     0.0019125834473249397
3300      0.0075047262201879935
4548      0.0075047262201879935
331       0.002388968177456819
9071      0.006761442280276928
4146      0.0027662617945680575
199       0.002398094462790063
6182      0.002566454615249721
4749      0.006454421527669969
8646      0.0033991513271470694
10246     0.0025243969873514982
6403      0.0012385062323527483
967       0.002834722309766513
3846      0.0028467244296386546
7475      0.0006344234444687678
5285      0.003857513245571542
902       0.0028328876950263126
7067      0.006761442280276928
10622     0.006761442280276928
8365      0.006326649048040678
12133     0.0034468183770122217
1211      0.004010964867173628
8063      0.006326649048040678
7127      0.0044052879359822985
11805     0.004674780453081232
7123      0.001279693914745928
1527      0.002096499804952705
8805      0.0021104263910087366
4641      0.002029457222128965
4255      0.002679436073424228
9744      0.0038938669661164964
7517      0.005583365108129613
6132      0.002075943289436332
7790      0.0027792599180059764
8106      0.0016779719428055534
5075      0.002610229348485355
9944      0.004239987220844983
11863     0.0017606870574009522
2933      0.004053022495071851
8918      0.001966360667876155
5532      0.0034468183770122217
4676      0.006326649048040678
675       0.0031505830262054317
7217      0.0012169665572790275
2157      0.0029800128554812364
10882     0.003374756849298837
5169      0.005148571875893364
9245      0.004190102316923286
2613      0.0017867020565710814
2737      0.0027662617945680575
564       0.0022606480943433366
4016      0.0011751432932882134
10385     0.0019541749452205693
5255      0.0033535132883964194
5659      0.0025452196232449865
1886      0.003267680927262563
10718     0.002995899546852619
11763     0.006326649048040678
713       0.006326649048040678
10574     0.003692212530434226
6172      0.006326649048040678
3837      0.0033314025657966008
10147     0.003931496513170167
5587      0.002398094462790063
11611     0.004142435267058133
6360      0.0018339479726286567
495       0.0044052879359822985
7299      0.0034227200133352927
4417      0.0012169665572790275
10958     0.0008557214812318694
6706      0.004190102316923286
5829      0.0075047262201879935
6114      0.0012292219141470523
12087     0.0021980123617796475
1880      0.002903929034705386
9029      0.0018178223747053045
3656      0.0028607420417169033
11691     0.0030965044053465926
3790      0.002388968177456819
7199      0.0027924175315987344
5632      0.009680162336437098
2083      0.005611477195971326
4982      0.009451749078616296
12140     0.009289513216039779
4414      0.0028467244296386546
4117      0.006761442280276928
7524      0.004754248807084692
7768      0.0045315904605437345
7315      0.006761442280276928
2057      0.003692212530434226
