t_index   tf-idf
1001      0.010789515819112088
1457      0.006601112926026105
3298      0.007748808792203189
8133      0.056056097508738634
2946      0.025881746105620957
9359      0.0038417197890066074
6727      0.002975580862913011
4953      0.016589870409484373
11326     0.011082404440211517
10823     0.021457042860276315
9824      0.0025588875766850475
8805      0.012950343763008158
6900      0.003062852668190563
9221      0.012864885166755238
8299      0.00896086641205132
3527      0.015231668708423051
1743      0.007614715254225893
10147     0.016083394826605233
9264      0.008923565194856691
3888      0.003979715654818639
368       0.0024830273423652256
2270      0.004795500039074441
9220      0.004691032368065093
12171     0.0028028917248041226
4739      0.0036643782768029484
4906      0.002698303741698138
10522     0.0037182730391699414
6880      0.0036537564329253507
7753      0.0054564279134093115
10933     0.0035301515370506006
8259      0.001502399199226961
11757     0.005766601150937857
8452      0.00600078671948011
5107      0.004777739565726778
3940      0.0076813140368598475
8583      0.01755943559103188
232       0.008044202732220633
876       0.007729861312247044
4316      0.006262997826881593
4397      0.0036643782768029484
2150      0.0045431062261358625
6444      0.008121466439480555
9660      0.06470436526405239
5933      0.008672701133546555
7150      0.00394815931468158
4097      0.010531169746145519
10496     0.005339105485538227
7797      0.004511545876252016
8605      0.006601112926026105
4046      0.005362073302461058
1202      0.006642112371592668
1537      0.014002036418189834
3065      0.006683892805764334
4137      0.007120811798234407
11300     0.008121466439480555
8935      0.011820424822424841
338       0.001822705758262744
8584      0.007314896526008273
10910     0.002597824808784303
6065      0.015350576359475442
8159      0.0033661723040708615
9864      0.010789515819112088
5799      0.003266248312709452
8932      0.004419501330261112
2339      0.00225877455444581
5259      0.008302324999618494
12045     0.0044959343763674615
2204      0.01383022284602099
4787      0.004177911690768583
2613      0.0018273089214931517
6022      0.0037847449889576723
11412     0.002344577142669071
10243     0.0027351112922073
8776      0.009562050926757066
3946      0.006814232520947593
2806      0.01030007130897039
7522      0.01009101734352481
6950      0.0062284552787487376
1580      0.011212072661230752
228       0.011820424822424841
3762      0.011703035625205515
2137      0.005142549596495956
5332      0.006814232520947593
758       0.0023213662755521567
4916      0.009269162305657639
2038      0.007552252903160917
7882      0.012940873052810479
1845      0.0062980930791812295
2763      0.00877971779551594
10259     0.004389658604955454
11995     0.009314573974953262
1782      0.009900166025901578
4960      0.006063459739590313
6184      0.006814232520947593
3470      0.011420519539356027
11549     0.0027821383973519846
8949      0.005385284169577973
7140      0.003422657995750224
7425      0.00241572088650041
4665      0.007490462719236616
3268      0.00941072151575988
11927     0.0032573860522723277
8802      0.009900166025901578
9551      0.005362073302461058
5476      0.006560865806474209
6942      0.01729980345281357
2366      0.0038073576271129466
2646      0.0068594589989926765
2749      0.005362073302461058
7400      0.006333759010936213
9492      0.005606036330615376
11037     0.0062284552787487376
10749     0.014201471349460109
9371      0.001345249625312498
8411      0.007615834354211526
1454      0.005480664695640467
6588      0.0040728182261817346
2093      0.005851517812602757
1691      0.010531169746145519
5351      0.0035301515370506006
5963      0.0016889199992060667
509       0.0061279763458349035
3137      0.004962168019392245
9500      0.005342112211813384
201       0.0056582627616164815
10354     0.006952809532800824
586       0.0050605435415935025
9132      0.006444374371783838
6828      0.01230986933256654
4838      0.0036431857788554326
6031      0.009562050926757066
5893      0.006952809532800824
11746     0.015350576359475442
1104      0.015350576359475442
2881      0.012940873052810479
8142      0.015350576359475442
8172      0.01383022284602099
3892      0.01030007130897039
10065     0.01230986933256654
11024     0.0035604058991172034
11005     0.005739010768607038
4754      0.005939854843715563
7979      0.007890368002305428
56        0.00796472788523829
3674      0.008672701133546555
1913      0.003876628851715345
8106      0.003432215337556814
8659      0.005249566258465339
