t_index   tf-idf
12177     0.03642448662262307
7426      0.013487546771997632
8805      0.016759268399187028
7975      0.03253338975420649
7475      0.005038068529604921
10503     0.018212243311311535
1195      0.025167436539287172
5759      0.015879876431976685
667       0.021713438929198317
11552     0.013362338670111438
2025      0.011314041593670216
8143      0.015762464162129182
118       0.015912302246322816
7412      0.022717657390104822
9267      0.012715274746524667
7552      0.014650157800385512
5030      0.028847301864885138
9371      0.010445467678897041
7123      0.010162275205335311
5037      0.059596355277963475
9255      0.04589106107529644
732       0.05369380634337561
5745      0.059596355277963475
2787      0.02228086533694497
1261      0.029320511271095324
5978      0.026114587119180407
1165      0.019043691322156383
11549     0.010801243189719468
9849      0.015912302246322816
8159      0.013068668945216284
10578     0.03478924607031689
10317     0.018432949394552596
4787      0.016220127740630967
12176     0.01292554661695159
7877      0.039176890863096316
11140     0.02207059346651805
2339      0.00876936003490726
10237     0.016378316402357103
3250      0.015328147927587308
7227      0.012996807100384807
6900      0.01189107506473983
5387      0.011643331684363522
6210      0.01362787932335346
5735      0.023060612922660418
