t_index   tf-idf
9596      0.00836911108295359
3520      0.01570747915276195
2270      0.013436448222689705
6535      0.002883393043147869
1607      0.007329839900431205
10907     0.004802947264651883
6311      0.002679822679798106
1349      0.005096097768184168
8299      0.025107333248860775
7153      0.004616586220860969
11238     0.002568474085792044
11912     0.002168068502638335
208       0.0034124706307510346
8101      0.013454306759384634
9264      0.005833991207580837
4729      0.006364236033715205
4758      0.005284603900000298
5963      0.0015773875464283075
12181     0.003877029127180334
8646      0.00649366173346492
7337      0.005633566411140945
6616      0.006631645144600071
6033      0.0030340319437754753
3934      0.006995809520796462
2184      0.007826428667285524
11412     0.002189746576643755
5718      0.008305002444449566
2646      0.006406475857549763
5582      0.004288114861703448
6543      0.011496953433246106
5304      0.009082409277685378
4286      0.003196633411125209
10833     0.014832849671938335
2762      0.014795124793826999
2439      0.019211789058607532
5659      0.014586989821899333
10578     0.012553666624430387
9721      0.008099975586991593
2637      0.003373262565464361
7425      0.011280960743563235
681       0.011039830730377917
4735      0.01548560481607641
670       0.004670736304273375
1295      0.00937821830556113
1845      0.011764362544130975
3563      0.00584940363076677
9078      0.006127601083405157
7544      0.010666334286757045
10153     0.011967567052207482
4397      0.003422391032108414
1694      0.006090689114009135
8828      0.0061651903743073985
12135     0.006322849598302444
8659      0.004902896788566684
5562      0.009619877920642157
7897      0.012086287096492804
5415      0.023479286001856572
634       0.005465096824978046
1798      0.007027810311457964
5387      0.002800990169351602
3850      0.006779972301170635
1560      0.003952910353092857
7030      0.006242503658213858
11855     0.008657047813774587
8822      0.00492658699269965
5953      0.004616586220860969
11196     0.003889482410983204
3137      0.0046344776784889834
3407      0.006322849598302444
4812      0.011039830730377917
758       0.002168068502638335
10351     0.01716989598785817
4895      0.009835715140267983
4794      0.0025654234982532484
5075      0.004986523047814003
6248      0.012086287096492804
1546      0.012086287096492804
6363      0.008657047813774587
6614      0.006018802479307546
10674     0.004397189384567305
9640      0.007585143184043159
1955      0.002953369599504176
4930      0.006018802479307546
3721      0.007585143184043159
11897     0.010984460903626765
4069      0.003143877906632219
10145     0.007307512227986798
2610      0.005983783526103741
11199     0.010350547543216416
2876      0.004397189384567305
5799      0.003050552669417318
9077      0.008305002444449566
11024     0.0066505695096717565
381       0.016009353192018214
1503      0.011496953433246106
6337      0.011496953433246106
8017      0.010077000623510347
9160      0.0046525267721354594
6174      0.012645699196604888
710       0.008415762330532222
9025      0.008199925110906395
9740      0.008415762330532222
11503     0.007438755289043307
10992     0.004882512949969314
9824      0.0023899044348284874
5958      0.007112901896857933
3902      0.020701095086432832
2800      0.0068318373214605555
2579      0.004842343841844174
7888      0.0016767310774746464
6721      0.004243089777240097
10069     0.007053519220876705
9311      0.005547600278564534
464       0.007662456467949619
1558      0.008789258774153094
6370      0.012916906242981868
7488      0.0028305727610654454
5640      0.005949353154681573
9500      0.0024946656083468157
7924      0.005949353154681573
4074      0.006054430488224744
5281      0.020188164091364175
11523     0.006584723786273348
12171     0.0013088975507340003
509       0.005723298662619391
3321      0.0046525267721354594
628       0.007510641923744895
10910     0.002426270340279679
5254      0.008532854706593694
6774      0.013663674642921111
5275      0.01169880726153354
5646      0.013458776060909448
9600      0.003042275652593966
921       0.005385787867385357
2313      0.007742802408038205
338       0.0017023383968680342
449       0.0029219734466338645
10496     0.004986523047814003
10192     0.009835715140267983
9849      0.0038279595026531298
10958     0.0016347509429193731
9652      0.012916906242981868
6649      0.007237095004038826
9095      0.007742802408038205
7199      0.005334571227818337
4982      0.012037604958615092
12140     0.01183098381288085
5416      0.009246381477021285
2057      0.007053519220876705
10736     0.008930594733480656
10243     0.0012772453675873711
