t_index   tf-idf
12093     0.008359285805607792
11020     0.006444167530486675
5665      0.010416043281402457
217       0.005620248929809181
3862      0.006008314801694661
7046      0.008228507550723506
5435      0.005026031021605476
3888      0.0033674517079234642
450       0.01707492234715642
10988     0.002306525797255271
4297      0.02000379585333435
8508      0.02340499250865091
6210      0.0029701788268847286
7929      0.0319749340943047
9488      0.003413952439715972
5956      0.0047877607982908695
1879      0.002995545408425352
3293      0.01298894922724845
11434     0.010001897926667174
1560      0.0035812692087849817
10071     0.005185210754167995
7932      0.011456787306325798
4841      0.021899939012448504
8835      0.007843137335556465
9199      0.026462434621228454
8028      0.009012235709328301
2971      0.008377063560378258
10122     0.009902568605943128
1798      0.006367076008671319
11757     0.01463829522930379
6897      0.07316052627981547
3931      0.010103261732862127
5963      0.0028581723063487285
7412      0.009902568605943128
8259      0.0012712608608843516
273       0.00521312044288149
4163      0.010658311364768235
9029      0.0031462310331437965
4641      0.003512522115223209
6387      0.003064935147188966
1648      0.005883146527754544
11684     0.006676465232719978
1315      0.006142539007898184
7497      0.0032703259397968264
2179      0.006051986447770243
3456      0.008910989785200054
9379      0.005185210754167995
6028      0.0040427027094611205
3720      0.005157714557563679
2365      0.010658311364768235
12111     0.002962112819648779
10816     0.011702496254325455
8315      0.004460593694780288
7475      0.0010980405769651753
7922      0.008463214500050904
25        0.004351388120111963
10684     0.0036047626784910408
11955     0.00716959950067754
10455     0.012379055659398615
5351      0.0029870513005812774
10108     0.0059656471909826925
8874      0.005593201878922497
8502      0.0259778984544969
5993      0.017430889907488353
7204      0.007556222920607483
6114      0.0021274994667929755
10156     0.008090966168794442
3696      0.0042650488633244115
12171     0.002371677613295796
208       0.0030916400586291433
9832      0.005655601604877513
7976      0.007014846626085896
3571      0.004281998381348348
8411      0.006444167530486675
7049      0.004057730802293757
8773      0.008228507550723506
3565      0.004636619411136088
7975      0.007090610587455262
11138     0.0022601243973056624
3371      0.008377063560378258
586       0.004281998381348348
11855     0.007843137335556465
7529      0.005883146527754544
7718      0.007090610587455262
3769      0.008090966168794442
5972      0.015249073624554113
368       0.004202046271694997
2870      0.006739385133663168
12190     0.01298894922724845
1889      0.0039693350806704625
647       0.006739385133663168
10259     0.007428653023770768
6900      0.002591644565392015
9493      0.0034901608890109148
6829      0.009663516533301254
8959      0.0028561805850615424
2932      0.007090610587455262
3286      0.01298894922724845
7734      0.007090610587455262
10155     0.006499573415804487
9266      0.007843137335556465
12152     0.010949969506224252
1744      0.011702496254325455
4213      0.02340499250865091
5427      0.021508798502032616
384       0.0033305244922694974
2433      0.003912660163286545
12196     0.004721861828771664
6502      0.01298894922724845
313       0.005051630866431064
2973      0.008910989785200054
3326      0.005390012259796982
6229      0.004879431743101264
11918     0.008090966168794442
4520      0.005359334547715257
919       0.007428991980821181
3163      0.007090610587455262
12062     0.010718669095430514
8267      0.006390367841136161
1150      0.005883146527754544
11945     0.011702496254325455
4960      0.005130619779653341
11912     0.0019642330023902864
2327      0.010416043281402457
9002      0.011702496254325455
8262      0.0040881570464089195
7981      0.005359334547715257
9264      0.0007550709011032586
3461      0.005185210754167995
1686      0.004743569202828395
7123      0.0022148548524448756
11670     0.009663516533301254
2000      0.011702496254325455
11635     0.035107488762976355
7796      0.008910989785200054
12181     0.003512522115223209
2882      0.00431636898073046
9775      0.0036047626784910408
3944      0.005728393653162899
1585      0.011702496254325455
8910      0.007090610587455262
603       0.011702496254325455
704       0.002704589481804197
1454      0.00463748551169578
2749      0.00453713894823628
587       0.0033510325387727823
1573      0.011702496254325455
298       0.011702496254325455
6419      0.02000379585333435
287       0.017821979570400107
9101      0.01568627467111293
7899      0.016181932337588883
11347     0.010001897926667174
8043      0.006739385133663168
10558     0.008228507550723506
1726      0.0037651778935080663
488       0.0031929831103404325
11930     0.0035812692087849817
3736      0.003340750189345952
8325      0.006390367841136161
7097      0.0035465773702286593
7738      0.00733843942069324
6578      0.005157714557563679
6033      0.00274878107726667
337       0.003523804577471963
2625      0.003512522115223209
10317     0.002008718844278168
10553     0.004351388120111963
7207      0.0037288012526149987
9789      0.007014846626085896
367       0.003983778416787474
