t_index   tf-idf
3888      0.010648428373703927
7987      0.08082951755815468
10988     0.014587217204263064
7140      0.01831584549077147
11552     0.018418358707450903
2025      0.015595030304788678
2659      0.03772868764026892
2613      0.009778572066368757
667       0.014964667370123166
7412      0.03131352775392827
9267      0.01752645978575022
8920      0.029199262887974153
7357      0.05773849005903226
3368      0.04075500546307789
9892      0.04008409779483379
6403      0.013556622273050354
10393     0.05036007730055286
5030      0.039762497165111946
9705      0.052039750455927035
5759      0.010944239162578527
10901     0.024569739207598137
9509      0.024744931843487875
4896      0.024483113805565396
1649      0.024833518593791546
1192      0.016922009597159064
11606     0.0448433210125549
424       0.05297926684131115
7475      0.006944364729995972
4322      0.015840426462948635
449       0.016742118126658902
9545      0.034898002491079376
8187      0.01407838322427702
1743      0.02037450838292874
10503     0.025103362402078062
1195      0.0346902503649634
9589      0.018013570708271094
