t_index   tf-idf
12093     0.002608097171349631
6148      0.0018089651977978632
7008      0.0020851716097368125
3565      0.0021699378844116887
9913      0.003756174296234297
6743      0.0246323516619059
9507      0.0009058752108059196
11339     0.0012990514296818934
1236      0.002039414119176137
12208     0.005572946453261329
10988     0.0032383622193464003
6387      0.004303168946653307
8259      0.0020823252901285678
2982      0.002039414119176137
2357      0.00169806761257201
12171     0.0013874314037780405
6648      0.002261858200594975
11705     0.002437354127848175
9220      0.0018576488177537765
4027      0.0030335230077136385
6766      0.0024192540263519497
8347      0.001026576894470965
11549     0.0011017268053513858
4016      0.000951866067563453
11138     0.002644345544847625
8940      0.0018089651977978632
8187      0.0026045008964912485
3761      0.0015209001792982498
3103      0.0020851716097368125
12180     0.0024266786329506214
5015      0.0009602328731285124
10903     0.0016925790416433511
9561      0.013404441148401183
10354     0.002753312574989126
7762      0.006379930628066
9600      0.0012899248766998416
10250     0.0009566287488596871
2613      0.001085421499366932
3419      0.002984671750558443
1913      0.002302717537918915
3500      0.0026302764991506964
11770     0.004192752173934569
5839      0.01847838410047737
946       0.002581311515648903
7186      0.004078828238352274
9667      0.003039414119176137
3850      0.0014373541278481748
8874      0.0004362697465559548
12207     0.0034930585673533113
1560      0.0025140509845670567
963       0.012472969430113645
4842      0.001471212395109142
5368      0.0022612628687924932
7256      0.000742748928914606
4620      0.0009495090077367392
1668      0.0011203360268000632
10385     0.0007914408528143306
6930      0.0008963993189220421
10902     0.0020282165078227337
9809      0.002039414119176137
8959      0.0006683462569044009
8653      0.003568283228145662
12056     0.0023404441148401184
7997      0.0016592028774645312
4235      0.0018089651977978632
2643      0.0013673162612404199
11927     0.0019348873150497625
1350      0.0013492180391476234
12016     0.0014059456635965506
6218      0.0019980214340179123
9723      0.0013151382495753482
12044     0.002061627894828439
4966      0.0017445966673264347
884       0.004217836990789652
9583      0.0007319180812629243
8933      0.001577016121277181
10786     0.0022946390329713134
7888      0.0039101368726708755
10237     0.0008352941365202123
2266      0.001893286083497899
1879      0.0014019152511430646
1682      0.002634138350823487
1399      0.0016179303955957266
10243     0.002978536197213749
2342      0.0014059456635965506
6588      0.0016128360175679667
4049      0.0030563966257367414
7497      0.0038262813495622866
6011      0.002804238117911469
11220     0.0015586854623821248
1454      0.0010851716097368123
9202      0.001265747877484364
7475      0.001027765980039404
8535      0.003039414119176137
2292      0.003039414119176137
11851     0.0010019876212355135
6403      0.000501595024102863
10881     0.00408348824014277
10317     0.0009400804191221824
12135     0.0013404441148401182
12084     0.000532909086771265
11573     0.0023404441148401184
10647     0.004502401067169683
3626      0.001717194824442218
470       0.004170343219473625
2032      0.003314747003797708
1171      0.0007652562699124574
580       0.0007583807519284096
3861      0.0021209269777815957
5799      0.0032335858295823574
8642      0.0020851716097368125
2579      0.001026576894470965
9029      0.0007362180617556483
7287      0.001448349512149638
8101      0.0007130782582473857
7552      0.0014943160956393223
6068      0.0010616905138872894
467       0.0019980214340179123
3573      0.001075626291830582
6566      0.005218894622892936
1957      0.001577016121277181
3857      0.002962244171065722
11681     0.002679858250493697
8228      0.003039414119176137
1403      0.00219431607916188
2779      0.001376656287494563
7771      0.0015122257809451751
9371      0.002397234832306871
9462      0.0018089651977978632
10043     0.0010662862655764385
6361      0.0018002442760376236
7426      0.00034393244268593964
2263      0.0021363241321841935
4069      0.0006665021162060305
9588      0.001448349512149638
5569      0.001026576894470965
7395      0.002738384123512156
2839      0.001863322860120456
5989      0.004577812391045257
2226      0.005091124100530996
6076      0.0011529233940036551
12111     0.0027725375991912568
7204      0.0017681561634221507
67        0.0018919848680278041
4046      0.002123381027774579
5170      0.0016244407712053192
9562      0.007734409675527985
7207      0.002617618479335729
11100     0.0013862016054007936
11984     0.0009288244088768883
2884      0.005151584473326654
346       0.001070931170622202
500       0.0018352941365202126
3369      0.0012990514296818934
3267      0.0014373541278481748
3554      0.0013404441148401182
7496      0.0028323296575564734
4417      0.0024643572784900304
11760     0.003039414119176137
10299     0.006078828238352274
159       0.002039414119176137
3340      0.0054525952515769435
12100     0.001323410775541338
2738      0.0030610250796498295
337       0.0016491405422568786
2443      0.0013070203593531686
10740     0.0019277343155672127
3837      0.0013492180391476234
7174      0.0012400735697225553
109       0.002439740367268537
338       0.0007217914802720466
4047      0.0014161648287782367
10673     0.0005041199991333666
8822      0.0005222182212261629
6252      0.0018089651977978632
8160      0.001070931170622202
10907     0.0020364496402123984
7769      0.0006592028774645312
2365      0.0012470224296778833
3250      0.0007817355443069527
4739      0.0007255468988069838
9563      0.0023641632454897373
7538      0.0018089651977978632
1856      0.0014059456635965506
4787      0.0016544530295443587
7488      0.0006000814253458745
10849     0.002738384123512156
6499      0.0014266302624564016
487       0.0010616905138872894
569       0.0036235008432236784
321       0.002039414119176137
6894      0.003039414119176137
997       0.009118242357528412
1798      0.0007449478930145443
10201     0.0011943160791618803
11050     0.002942424790218284
11027     0.0007745962961666007
1284      0.002437354127848175
12064     0.003205472064189367
11170     0.0012332341451922499
6727      0.0011783300217135522
4286      0.002033058849475633
971       0.0015480524253418644
75        0.0017560922338823246
11165     0.0036400179494259326
8760      0.0009863356756927173
3993      0.0007049603680252063
7516      0.0027565205639108617
11412     0.0027853576454908565
3465      0.00219431607916188
3720      0.001206905206469901
1651      0.0017606605182233083
10486     0.001448349512149638
1527      0.002547247263017537
2447      0.0019132574977193742
11863     0.002852313032989543
8104      0.0031988587967293155
11063     0.002087557849157174
807       0.0016414741105040995
10419     0.003726645720240912
2757      0.0038509415337386007
7128      0.005469265044961679
104       0.0010616905138872894
5832      0.012305846351163777
8392      0.0015622928644564746
130       0.0020851716097368125
7123      0.0010365520709442017
7797      0.0017865721669957982
8864      0.0015922560878339179
10059     0.0013404441148401182
11331     0.001893286083497899
6818      0.00389715428904568
320       0.0011049156679325694
6905      0.003039414119176137
11148     0.003039414119176137
8876      0.0011943160791618803
1726      0.001762103254161775
4397      0.0021766406964209514
7847      0.0009901960965059556
6349      0.0019061085770027777
2882      0.0020200606829818553
11835     0.0034891933346528695
10484     0.0015342641408562312
3708      0.001957432557645051
9264      0.0007067463634326499
11152     0.003039414119176137
11884     0.0022261621422695337
9509      0.0009155624782090513
10259     0.0008691524037811798
8106      0.0020387359105087472
5107      0.0009459924340139021
8795      0.0012540842841653702
10501     0.0010662862655764385
5302      0.0010803727268550436
10223     0.0009288244088768883
11140     0.0011256002667924207
11836     0.0022348436790436328
2438      0.0011203360268000632
1743      0.0007538568101683634
9482      0.002437354127848175
8506      0.0024801471394451107
3404      0.0023404441148401184
9503      0.0015213210364466163
191       0.0012332341451922499
9493      0.0016333952960571078
6312      0.0014161648287782367
274       0.0027346325224808397
6311      0.001136244816234397
10553     0.0010182248201061992
2339      0.0008944747235605406
6831      0.0025622928644564746
8157      0.002970588289517867
967       0.0011480625354554376
5142      0.0062967452294243045
78        0.0009425041061680807
3096      0.0010019876212355135
3888      0.0011819755494811358
4322      0.001172191558258199
5764      0.003914865115290102
8091      0.0015259046300057858
6232      0.0008633228601204559
10958     0.0006931343997978142
7049      0.0009495090077367392
492       0.002039414119176137
674       0.002039414119176137
9221      0.0016981648420116913
5083      0.0016244407712053192
5452      0.0052151523705364685
89        0.0012990514296818934
4906      0.0010685282817124624
10574     0.0029906921496517234
12078     0.006078828238352274
2684      0.005124585728912949
10434     0.002919261045118654
5767      0.0036179303955957264
2038      0.0029906921496517234
6201      0.004562700537894749
10415     0.001057142886136569
9747      0.0015259046300057858
443       0.0008245702711284393
2063      0.0006161682452393292
758       0.0013788915676779812
7319      0.004802260113755528
3603      0.0032161007100343
3789      0.001893286083497899
3341      0.0011363241321841935
2249      0.0006776862831585443
5953      0.001957432557645051
7368      0.0017560922338823246
6360      0.000742748928914606
9474      0.0011529233940036551
3785      0.0017990700655498013
10882     0.00615049435784713
354       0.002039414119176137
10353     0.0010308139474142196
9545      0.0012912260921699367
8966      0.0015079352021338819
3736      0.0007817355443069527
737       0.0008166976480285539
8379      0.0010803727268550436
10772     0.0010059903636891875
8615      0.0012400735697225553
8651      0.002340364798890322
7502      0.001448349512149638
2876      0.0009322041495282688
3846      0.0034587701820109657
5332      0.0013492180391476234
7097      0.0008298991046335062
5099      0.004776768263501753
11936     0.0009425041061680807
7772      0.0019980214340179123
6114      0.0014935046256886687
6989      0.0031900678919729655
2411      0.0013404441148401182
11954     0.0025622928644564746
6044      0.0019602328731285123
8320      0.003118242357528411
6397      0.00160805035501715
12003     0.00160805035501715
10265     0.00160805035501715
11784     0.0007769630294457078
1828      0.001784141614072831
4067      0.0013581728818005498
6408      0.0032161007100343
2079      0.002132572531152877
4758      0.0022406720536001265
11970     0.0016282096749005487
4970      0.0011450929976440554
3790      0.0029025963356100353
10901     0.000909080350681131
11267     0.00219431607916188
4891      0.0008901950065207572
5186      0.0011450929976440554
4350      0.0019980214340179123
621       0.0007471580478196611
8491      0.0007090003458269464
10032     0.0009901960965059556
1476      0.0015342641408562312
2656      0.00205315378894193
9589      0.001333004232412061
2150      0.0008995350327749007
8315      0.001043778924578587
6535      0.0012225586502946967
3417      0.001863322860120456
7227      0.0006628371621196252
11912     0.001838522090237308
9541      0.0011943160791618803
4603      0.0015209001792982498
6521      0.0011529233940036551
8908      0.0044860382244775844
5996      0.0011820816227448687
3403      0.00219431607916188
10919     0.0011943160791618803
9824      0.0005066597401836393
9196      0.002979791572058177
8928      0.0012835392635036458
8226      0.0012990514296818934
8311      0.0024801471394451107
5631      0.0016592028774645312
4757      0.0011099951934618443
6696      0.0008013680160473417
5100      0.0015922560878339179
11189     0.001717194824442218
8701      0.0017606605182233083
11024     0.0007049603680252063
8028      0.0007029543853276076
10485     0.0011943160791618803
10068     0.0009459924340139021
186       0.0012265007625332817
6233      0.0018376803759405744
2631      0.0020963760869672846
6038      0.0012133393164753107
488       0.0007471580478196611
7125      0.003726645720240912
1192      0.0006261143550948853
4138      0.0011363241321841935
6853      0.001577016121277181
6855      0.00219431607916188
2918      0.0011643528557844372
5431      0.0018352941365202126
472       0.0010662862655764385
4834      0.0023404441148401184
4871      0.0010616905138872894
2495      0.0019602328731285123
2749      0.0010616905138872894
5963      0.0006688123196856024
10544     0.0006064448283017314
9344      0.002437354127848175
12215     0.003039414119176137
8302      0.0023404441148401184
5205      0.00160805035501715
3656      0.0011586005268953458
8386      0.001863322860120456
10725     0.0014059456635965506
4686      0.0022612628687924932
3425      0.001784141614072831
1334      0.0009390435740585742
3282      0.0011760912590556814
8710      0.0020851716097368125
3524      0.001170182399445161
2737      0.0011203360268000632
5316      0.0011643528557844372
3634      0.0015351450252792764
4193      0.0010949314470259685
9069      0.0012540842841653702
8705      0.00438863215832376
8340      0.0016244407712053192
6623      0.001471212395109142
7165      0.00358597412221109
11937     0.0019132574977193742
6882      0.003914865115290102
10101     0.0012990514296818934
368       0.0009832788275766292
74        0.002039414119176137
3860      0.0012400735697225553
9314      0.002646821551082676
2883      0.0011151348331142554
622       0.0019980214340179123
6107      0.0010851716097368123
8797      0.002738384123512156
5351      0.0013979400086720378
6881      0.0019254707668693004
4172      0.0011820816227448687
5587      0.0009712282574299755
5104      0.002738384123512156
7773      0.0012612628687924936
3281      0.0011203360268000632
105       0.0010851716097368123
1232      0.002738384123512156
835       0.001200565028438882
6176      0.001696991438353931
2418      0.001738384123512156
8889      0.0023058467880073103
2644      0.001893286083497899
585       0.003039414119176137
115       0.001170182399445161
4468      0.0010526423849098923
6854      0.0016592028774645312
3555      0.001323410775541338
11409     0.0012612628687924936
8410      0.00160805035501715
8648      0.0012759861256132
8390      0.0010481880434836423
634       0.0011586005268953458
637       0.001459630522559327
2216      0.0019254707668693004
1234      0.00734117654608085
3730      0.0007110345157373994
9584      0.0016592028774645312
12063     0.0010141082539113669
10044     0.0023404441148401184
1045      0.0011586005268953458
8769      0.001703786796679348
1694      0.0012912260921699367
8732      0.00160805035501715
7891      0.002039414119176137
8659      0.001039414119176137
8654      0.0015342641408562312
8932      0.0008750612633917002
2412      0.0023404441148401184
10194     0.0014059456635965506
6203      0.0006665021162060305
10253     0.001784141614072831
4821      0.002437354127848175
10033     0.0013404441148401182
9543      0.0009390435740585742
8895      0.001717194824442218
3798      0.001448349512149638
11340     0.003039414119176137
6871      0.000998021434017912
6880      0.0007234437737192194
10769     0.0008089651977978633
5895      0.003039414119176137
6009      0.0007865610881962439
8184      0.001738384123512156
8768      0.0012332341451922499
1973      0.002738384123512156
7343      0.002437354127848175
8261      0.0006950218454910265
9557      0.0012198701836342685
5194      0.0025622928644564746
7595      0.001717194824442218
7299      0.0013862016054007936
1508      0.0004700402095610912
10401     0.0011049156679325694
2682      0.0008840780817110754
2744      0.0010949314470259685
3251      0.0007652562699124574
8136      0.0010662862655764385
11523     0.0013959614426899498
8382      0.0009254707668693004
9370      0.0010350927453934946
11203     0.0023404441148401184
9396      0.0010662862655764385
11001     0.0005969343501116886
3284      0.003039414119176137
2463      0.0010141082539113669
1229      0.0013673162612404199
7447      0.0006311741538642876
2625      0.0008219301749622309
6102      0.0009123093208113296
5140      0.002738384123512156
2809      0.0006833882619830145
7339      0.0011256002667924207
925       0.0022612628687924932
9505      0.001075626291830582
8968      0.0019254707668693004
3326      0.0012612628687924936
931       0.0009787162788225255
8695      0.0013673162612404199
947       0.0015480524253418644
8450      0.0007722423907731234
10992     0.0010350927453934946
