t_index   tf-idf
9913      0.0021537696652719593
6743      0.02929433598935462
4330      0.004092067922185393
24        0.0035189544515051175
7926      0.003688188887654014
9561      0.055339435933766355
10030     0.003094536787035834
4322      0.0013442563741493108
6989      0.0029266677908008857
12093     0.004486405684661063
8064      0.0037648488773029806
2647      0.002569578043119411
8259      0.0027291288206141126
3571      0.0022981367459530126
9760      0.00489982599124815
12208     0.008521324852081544
6232      0.003960196606057138
4073      0.001383604293888489
2202      0.003688188887654014
11836     0.011960172594270206
927       0.002344910045590268
5351      0.0016031422117798598
7756      0.005367991089082841
1754      0.0038921821980594747
737       0.001873159743184757
3304      0.003296683779468291
3358      0.005032835043949267
10317     0.0010780738751401176
3565      0.003732691314928364
2785      0.004092067922185393
8184      0.003987119549339808
967       0.0013165854764397222
2685      0.0021941026349992826
4930      0.0029265736825990823
3426      0.00947240564789837
5186      0.0013131800431697884
5423      0.0027681312074997726
4174      0.00478250369205691
8133      0.002828518681633601
1942      0.0013909285052792005
6011      0.0025726955210196964
8932      0.004014042492622477
12064     0.0018380000368058299
3340      0.0062529762059368625
6068      0.002435069985980022
3712      0.003157468549299457
5963      0.001533973210288079
11912     0.0010541984462369887
10901     0.004170093351748307
11927     0.0014792716475915616
7125      0.01709470513871978
2725      0.006280697530991184
8584      0.003321902550801922
3167      0.0041490027472428056
6360      0.0017035525892536835
11785     0.002813075143424958
2656      0.002354534161630654
2978      0.006280697530991184
9562      0.015205261485310588
75        0.0020138672406907394
7497      0.0035103498619837494
11784     0.005346075890681475
2346      0.005212496019193548
758       0.004216793784947955
11412     0.001064739161120358
10243     0.0024841836507203917
3555      0.0030353458154617845
11409     0.002892804744936912
7426      0.0015776717554400901
6388      0.002511310658316442
6252      0.0041490027472428056
2133      0.003094536787035834
9729      0.0024143173965823217
7892      0.0024143173965823217
6033      0.004425789716149547
8491      0.0016261475821718954
6203      0.006114698313816794
2339      0.004103095062204315
10571     0.004748131859603186
2240      0.00478250369205691
8386      0.004273676284679945
7888      0.0016305825157092893
5790      0.002997753117782497
11138     0.0012130025435080848
10265     0.003688188887654014
5710      0.002115006475964158
8897      0.008991893913433543
569       0.002077695437628256
1229      0.0031360464707349076
1369      0.005590261761119667
12181     0.001885160951748236
11946     0.003688188887654014
7568      0.003157468549299457
10426     0.00271119638244236
4016      0.0010915895270223084
67        0.004339414834926157
3341      0.002606248009596774
2682      0.004055404044546218
7475      0.0011786307110543623
10881     0.001873159743184757
1913      0.001760487414311097
6195      0.005367991089082841
4891      0.002041731666332012
9656      0.003488303163528096
337       0.001891216218184494
10674     0.0021380829117620846
1508      0.0010780738751401176
2870      0.003617009452470599
876       0.005265524792975624
6408      0.003688188887654014
486       0.005032835043949267
8187      0.0011947251818767196
6403      0.002300894605976436
2876      0.004276165823524169
9503      0.0017446342161085051
11884     0.0012764691182738151
9824      0.0011620636242744022
10821     0.002344910045590268
12012     0.005881119415311044
3830      0.006280697530991184
8379      0.0024779190982913844
9459      0.0023839773375599472
3065      0.0030353458154617845
10522     0.0016885735361368082
8760      0.002262237788286049
2729      0.0026705340729000853
9488      0.0018322588781961868
9160      0.002262237788286049
8138      0.010065670087898534
2728      0.006280697530991184
8966      0.003458566977371289
2359      0.00489982599124815
11247     0.006280697530991184
4835      0.002979475756151132
953       0.0019474367454262516
11110     0.0026974570161827555
2737      0.002569578043119411
2882      0.002316583352043412
3888      0.00271095309514022
10958     0.0007948788988507044
4645      0.0058768184964598045
205       0.003805511186845255
7175      0.002569578043119411
2743      0.005590261761119667
6009      0.0018040391931106513
3038      0.00489982599124815
11170     0.002828518681633601
6974      0.003374340355754913
5299      0.0021697074174630783
12171     0.0019093092712541844
3316      0.006280697530991184
5249      0.0058768184964598045
3857      0.0016985345017578684
3848      0.002456264152803216
8418      0.0021537696652719593
10992     0.002374065929801593
6231      0.002860143187334595
6045      0.004582617967930991
2883      0.002557648699803338
11339     0.002979475756151132
12045     0.002041731666332012
8493      0.0034016321523138763
6210      0.001594086801584923
1676      0.005032835043949267
8028      0.001612280700292678
2088      0.002262237788286049
1520      0.0015286745784541984
2402      0.002545860535462946
3267      0.006593367558936582
3554      0.006148826214862928
5965      0.0038316244794505154
8799      0.0026705340729000853
11420     0.0033477764278883647
7771      0.003468407754461411
4171      0.006280697530991184
10438     0.004416217355204818
11521     0.003583240514808428
10377     0.003987119549339808
10166     0.003651963504206234
11739     0.0019474367454262516
9563      0.00542239276488472
8392      0.003583240514808428
5832      0.006272092941469815
2109      0.003296683779468291
6828      0.011180523522239335
4641      0.001885160951748236
5831      0.0058768184964598045
270       0.008184135844370785
1349      0.0024779190982913844
8104      0.002445610700863391
10548     0.004416217355204818
2166      0.003157468549299457
5082      0.0038921821980594747
3653      0.0015851129727705883
5116      0.003488303163528096
952       0.004582617967930991
3785      0.0020631537448965614
12207     0.0026705340729000853
9849      0.0018613014095469349
8881      0.002797867393656579
10910     0.001179746128759844
8815      0.00489982599124815
11238     0.0006244455346191667
335       0.0058768184964598045
8347      0.002354534161630654
12111     0.0015897577977014089
2063      0.001413229920273691
2090      0.002813075143424958
11044     0.00434239927407775
7425      0.0010970475585483513
5476      0.002979475756151132
9739      0.0026443197110175578
9018      0.0041490027472428056
4838      0.0016544742757187516
11916     0.00434239927407775
12063     0.002325936362182034
5775      0.00489982599124815
7976      0.0037648488773029806
8106      0.0031173331964965555
8566      0.0021537696652719593
8101      0.0016355005923105177
10408     0.003805511186845255
9029      0.0016885735361368082
4534      0.0039385202395463715
10981     0.005186382726588288
8071      0.006280697530991184
9816      0.005367991089082841
384       0.0017874833284198678
3801      0.002593874083251118
10253     0.004092067922185393
5956      0.002569578043119411
3546      0.003458566977371289
4518      0.0017342038772307055
7204      0.002027702022273109
9751      0.003987119549339808
8360      0.004495946956716772
8913      0.002943897393356986
9645      0.003321902550801922
20        0.00489982599124815
3790      0.0022191103483257153
11679     0.002344910045590268
2603      0.0035189544515051175
7555      0.005367991089082841
9196      0.0017085960848957438
8427      0.005186382726588288
7030      0.0030353458154617845
11125     0.003458566977371289
7147      0.0058768184964598045
2448      0.011753636992919609
3752      0.0058768184964598045
4978      0.0021697074174630783
9820      0.003157468549299457
8828      0.002997753117782497
5383      0.005032835043949267
10136     0.0058768184964598045
3250      0.0017929714318966805
6740      0.0017342038772307055
7597      0.0018265506203895476
6361      0.0013763335443712718
3310      0.0026573406580168483
6774      0.003321902550801922
4027      0.0017394053943312147
2357      0.0019473252437752408
2449      0.00434239927407775
1413      0.0058768184964598045
3873      0.0021226393735534416
5569      0.002354534161630654
10033     0.003074413107431464
5759      0.0009287542408610218
2450      0.0058768184964598045
4094      0.0058768184964598045
11195     0.011753636992919609
8415      0.006280697530991184
3243      0.004092067922185393
3631      0.004092067922185393
1219      0.0030163721320535506
7207      0.0010006186847613644
6311      0.0013030330461403635
7516      0.0021074316237850626
12048     0.006280697530991184
8169      0.005590261761119667
5442      0.006280697530991184
10237     0.0019158122397252577
10415     0.002424639647102222
3419      0.0027382309638150854
5081      0.005590261761119667
8954      0.004209390221376634
9775      0.0019346662081809714
6161      0.0019034383133796015
5251      0.005590261761119667
7748      0.0058768184964598045
7165      0.0016449422578949954
8822      0.0011977482138214746
8136      0.002445610700863391
8768      0.002828518681633601
11549     0.001263448171274525
10769     0.003710849531182859
8536      0.00542239276488472
6420      0.004495946956716772
963       0.0047679546751198945
9748      0.006280697530991184
10814     0.003651963504206234
7054      0.006280697530991184
1171      0.0017551749309918747
1235      0.005367991089082841
7218      0.005032835043949267
2787      0.002606248009596774
1463      0.005590261761119667
7048      0.005819092236394464
9781      0.00956500738411382
9344      0.005590261761119667
3646      0.0034296928321694074
6000      0.003805511186845255
10638     0.00489982599124815
11936     0.0021617066655231208
