t_index   tf-idf
11220     0.007283576927019274
7217      0.004606275286897253
9296      0.03833596994132018
2561      0.015818495716293
8874      0.016309149403960926
10237     0.007806487257198245
2063      0.005758581731208684
6505      0.011462623948909173
3259      0.009290571405509157
9720      0.01286594661209872
1399      0.007560422409325824
6721      0.008406869465185986
737       0.007632688299332279
6662      0.014092852356391418
1879      0.006551005846462918
6571      0.011220233910643754
9012      0.020507626908054955
9374      0.015506568948266644
1649      0.008587291476357823
5926      0.02458202335654856
9901      0.047893324569279895
2832      0.011925103977693457
6020      0.006722129280982085
2164      0.009076899602149304
2625      0.007681590420207765
6777      0.009182329605978172
208       0.006761156763731022
10143     0.010828042307433138
356       0.02555731329421345
9141      0.01421402036727336
6117      0.05118474997218983
2357      0.003967447692925257
1560      0.007831934531361547
9311      0.03297452128193499
6403      0.004687803963578159
4906      0.009986245623480956
1436      0.010373786854783592
621       0.006982785493641692
634       0.010828042307433138
4794      0.010165790310835301
2886      0.012609514384557227
2088      0.00921809042703474
338       0.003372857384448815
2032      0.020652629307150828
4953      0.01023300417781279
11066     0.018293762220981783
1508      0.01317869746432966
6700      0.018673097514186093
1856      0.013139679099033182
9583      0.006840355899653497
9335      0.01604854976114222
438       0.01604854976114222
3378      0.01808471237140209
6361      0.005608237620054902
10054     0.01229101167827428
8247      0.008712188313348307
6973      0.006664282787358744
368       0.013784282629578913
1880      0.01099150709397833
7560      0.028405739431552682
539       0.00719533808372169
8888      0.012067533571681652
3556      0.015506568948266644
49        0.013139679099033182
10223     0.00868060195212045
3715      0.01715228164972161
4397      0.006780812138383025
3449      0.008466123465475884
10201     0.011161832515531591
3228      0.015028507990814484
9029      0.013761085266460716
10673     0.0047114018610595
11138     0.004942701952986214
11050     0.013749648552421887
3730      0.006645182390069153
9264      0.0016512765500762848
3251      0.007151927756191189
3736      0.007305939666420118
5759      0.0037844565328542567
8655      0.009516119814076627
9577      0.013535976749062036
5275      0.011589472614229488
10848     0.009076899602149304
6989      0.005962743723313953
5587      0.009076899602149304
