t_index   tf-idf
11927     0.02080523994677164
10987     0.08833497172619857
10415     0.03410138342376028
3259      0.03206745614159612
6662      0.048643071036576835
1686      0.0358062965632853
367       0.03007110159768609
5759      0.013062479000496952
6020      0.023202188163389776
7888      0.011466677045955645
5274      0.027032806285667278
9429      0.04745846435835942
7552      0.024101872510311647
2637      0.023068763350917565
7408      0.039139977950816474
9296      0.0882139523380916
7123      0.01671858178942261
3385      0.03206745614159612
2660      0.03367028788963184
9518      0.07078438965038324
9371      0.008592239542318534
8467      0.035162068146168526
9359      0.024537436071719616
8770      0.04993717501102788
9012      0.07078438965038324
9374      0.053522673466597774
1682      0.02832406828842459
5761      0.08265460853085402
7680      0.052401315200171585
1985      0.032713169481011835
