t_index   tf-idf
4791      0.01932703306660251
3578      0.010970421055586717
658       0.01932703306660251
11027     0.0066204811638171
10353     0.008810375618924953
2637      0.018336709330216524
11005     0.019424344139900747
9045      0.010540462779420941
8893      0.008397515109740723
12087     0.007608504329237242
9471      0.007556222920607483
11679     0.008738297263909033
10572     0.009193387109663094
10415     0.009035409283218538
3259      0.008496505473414358
1686      0.00948713840565679
367       0.007967556833574948
5932      0.012103972895540487
3993      0.006025302290813729
12180     0.01037042150833599
6335      0.010842411175504215
8467      0.009316445406249782
1131      0.009575521596581739
4845      0.015048380497635114
1436      0.00948713840565679
1399      0.006914232459810797
7150      0.006681500378691904
1560      0.007162538417569963
9296      0.035059391313856915
9472      0.018754838283434876
12084     0.004554778519412522
7256      0.0063482814437145815
11549     0.0047082342109033585
1381      0.020832086562804913
4641      0.007025044230446418
11025     0.01467687884138648
4770      0.010482912500284458
3497      0.009316445406249782
1913      0.006560448825979815
2924      0.012780735682272322
11138     0.004520248794611325
3861      0.006042527002226769
7888      0.003038179388244659
6020      0.006147588316795583
6403      0.004287136958144129
7552      0.006385966220680865
6816      0.0072811401567493515
3321      0.008430219450365107
2164      0.008301096217350219
7175      0.009575521596581739
4540      0.02867839800271016
8718      0.019151043193163478
2456      0.02337292754257128
8769      0.0072811401567493515
2920      0.008810375618924953
9371      0.002276576288990381
199       0.008301096217350219
8247      0.007967556833574948
8648      0.010905864321480342
10289     0.007742523169281365
8812      0.021080925558841883
3312      0.013200724628600401
2508      0.022622406419510053
10910     0.004396318907173436
7922      0.016926429000101807
10740     0.01647636167151464
337       0.007047609154943926
4749      0.022342228365011433
7769      0.005634212627901976
7490      0.007002615650735744
11238     0.002326993616187664
12171     0.002371677613295796
1617      0.006936131748397125
2282      0.01374402012835171
9297      0.014181221174910524
115       0.010001558969616763
11840     0.021899939012448504
10325     0.02000379585333435
5443      0.018754838283434876
3730      0.006077218083225636
5186      0.00489355981899169
8043      0.013478770267326336
9674      0.014504200327811377
2067      0.014029693252171791
5777      0.016754127120756517
11872     0.008397515109740723
2236      0.011766293055509087
1107      0.012780735682272322
338       0.003084578975521567
4073      0.005155995488336591
149       0.01042624088576298
2063      0.010532790516911611
4794      0.004648459672048621
631       0.01160831522906453
8320      0.008883881360479804
7123      0.004429709704889751
587       0.006702065077545565
580       0.006481886768618886
7314      0.016457015101447012
10988     0.004613051594510542
4541      0.02340499250865091
10958     0.002962112819648779
