t_index   tf-idf
1094      0.001804789428024328
8073      0.0036241766116781823
9949      0.002297653141733125
9045      0.0034886397318026874
12208     0.0013137544680012563
3785      0.005089307116123908
7762      0.007219157712097312
1399      0.004576889379337275
3908      0.004006123985228392
11881     0.0017839644537376148
10918     0.003198391610739029
10354     0.00584154011666717
4035      0.002949323351820103
2695      0.003103700253411429
9563      0.010031810094015858
8981      0.011048747273383838
11031     0.002297653141733125
9913      0.0013282087327561162
6743      0.018065531105174844
11884     0.0015743720949572373
5099      0.009008521006132492
4016      0.004039035647369673
7976      0.004643491118823478
10008     0.0014888859758272876
8039      0.002490326051235231
10077     0.00651031460052149
662       0.0027234381426722775
8784      0.008598059743072524
1001      0.006043349737437606
7663      0.0022744700919620224
4368      0.0038732448705971092
3857      0.0020949393006122505
12183     0.0022744700919620224
5742      0.004299029871536262
7900      0.002677915252472276
8877      0.0036241766116781823
11681     0.0012634880954708616
1139      0.003021674868718803
11836     0.006322047182584533
11954     0.0036241766116781823
5068      0.003310387715474001
3419      0.002532960467234888
12171     0.0011774523935881532
9196      0.0021073490608615113
9507      0.0025625889980365477
7424      0.0013185348649621907
7772      0.0028260557765458446
11189     0.0024288469935533495
12045     0.0012591159922500103
2447      0.0027061633631108545
5273      0.003021674868718803
8024      0.003198391610739029
6871      0.0014116286195444301
4677      0.001555721169105401
6616      0.0009942777727406048
1686      0.0031400146915469434
9562      0.014065404542281647
7797      0.002526976190941723
4822      0.006396783221478058
8101      0.00504298626766185
10742     0.0016719683490026432
4196      0.00192103660792157
7497      0.002164798500459568
8382      0.009163076899696044
6696      0.004533906738598822
8388      0.00584154011666717
5235      0.0038732448705971092
7430      0.0017443198659013437
3127      0.003447459869657956
6068      0.0015016838951729696
11724     0.004302405033375529
11516     0.003310387715474001
1342      0.008033745757416827
6505      0.0017347959866100165
7312      0.015518501267057144
1740      0.003103700253411429
3720      0.010242476999744562
6403      0.001418939247815737
705       0.004548940183924045
8768      0.006977279463605375
8686      0.002500928095363721
4382      0.0021512025166877647
580       0.003218022992624086
2063      0.0017430501986968295
346       0.0045442623930220735
1913      0.004342701627381263
2530      0.0036241766116781823
11930     0.0011853139955525964
963       0.0029403511150668657
3250      0.0011057079834610364
12111     0.0014705821777888561
7475      0.0021805501698148595
2613      0.001535249645497782
944       0.0011970148809358919
807       0.002321745559411739
10194     0.001988607727859336
5189      0.0038732448705971092
8226      0.0018374136204835833
5587      0.0013737316229561181
7968      0.007248353223356365
1803      0.006043349737437606
8160      0.0030295082620147157
2090      0.003469591973220033
10243     0.001148978859668413
3554      0.005687881675417758
7582      0.003021674868718803
6854      0.002346821608860723
7739      0.004299029871536262
1141      0.0038732448705971092
2203      0.002949323351820103
6108      0.0019471800388890569
7904      0.00182634525059397
1011      0.0014640632890997095
1571      0.001804789428024328
3708      0.004152968651297845
670       0.001400560249654817
569       0.006406472495091369
1798      0.0010536745304307556
7157      0.0026355344556159206
7835      0.002949323351820103
1295      0.0028121390110027716
2441      0.0020330327126565416
10401     0.001562822726920183
5814      0.0025586495018357328
1982      0.002170104866840497
6756      0.0019339692521080903
11912     0.0019503416798839902
927       0.0028921662797096372
11507     0.0028846027145348475
11549     0.002337468469628117
6974      0.006242768296078396
10164     0.0018601672554106764
12087     0.0012591159922500103
10958     0.0014705821777888561
3461      0.0017161800798802134
3310      0.00327751209871385
8018      0.0025586495018357328
3426      0.0038943600777781137
337       0.001166294584340084
5214      0.0016149745797534591
12008     0.003021674868718803
10566     0.00213286450089658
8136      0.001508184251168937
8980      0.007906603366847762
9197      0.002048584882814198
3761      0.0021512025166877647
9462      0.0025586495018357328
6232      0.0024422145972290126
5320      0.0028260557765458446
8187      0.0029471014387454017
10408     0.002346821608860723
3888      0.0005572727720325959
10769     0.0011442223448343187
10250     0.0013530816815554272
9862      0.0027234381426722775
10332     0.003447459869657956
9561      0.005687881675417758
7123      0.0007330636993947678
1356      0.004299029871536262
9545      0.00182634525059397
11679     0.0014460831398548186
2366      0.0010662755447925932
6408      0.0022744700919620224
11910     0.0011194354353809485
7366      0.002949323351820103
3340      0.0023136896399902165
4137      0.0009971150891445633
8352      0.0027726066097998763
9056      0.0020178645862183897
12020     0.001562822726920183
8906      0.00651031460052149
6327      0.0038732448705971092
11830     0.0038732448705971092
10377     0.0024588177135956945
9264      0.0009996412495511316
5463      0.0024588177135956945
3229      0.008598059743072524
704       0.0017903081718307838
1688      0.002252130251533123
2166      0.0019471800388890569
6484      0.0024588177135956945
8262      0.0013530816815554272
7207      0.0006170717773068667
1211      0.002297653141733125
7847      0.001400560249654817
3533      0.00259588986777965
10881     0.0023103186648615387
4227      0.003103700253411429
9370      0.0014640632890997095
2812      0.007248353223356365
6566      0.0029526985136593695
10544     0.0008577720343730289
11341     0.0028260557765458446
7408      0.0017161800798802134
5963      0.0009459863079004277
11238     0.0003850894668938567
12181     0.0034876810818765098
2365      0.0035276447798525696
9998      0.005545213219599753
10317     0.0013296752745716866
6992      0.0036241766116781823
10446     0.004302405033375529
11770     0.0014825856343474433
5839      0.005808072953159633
8259      0.0004207567771526708
2226      0.001440204837491088
5996      0.0016719683490026432
8982      0.0028260557765458446
2803      0.001379004427085175
9921      0.0020330327126565416
6973      0.0010085972535323702
151       0.0024288469935533495
1983      0.0021150580973491677
7161      0.003021674868718803
4648      0.0020645410502960777
11984     0.0026275089360025127
1219      0.0018601672554106764
8822      0.0007386396339832573
11300     0.0022744700919620224
480       0.004299029871536262
3626      0.004857693987106699
8491      0.00401131737384411
2169      0.004097169765628396
8449      0.0017161800798802134
5209      0.0014888859758272876
5832      0.00580190775632427
7294      0.0025586495018357328
8392      0.0022097494546767676
10798     0.0025235383508809494
10226     0.003021674868718803
6896      0.0023729650398282096
8881      0.0017254175157486117
12207     0.0032937845991073186
3692      0.0010889691300682049
2717      0.003103700253411429
1743      0.0010662755447925932
11958     0.002082653640044267
1372      0.0051917797355593
2738      0.001082399250229784
338       0.0005104607356945167
7125      0.0026355344556159206
10901     0.0012858279358997611
11734     0.004299029871536262
10365     0.003447459869657956
4066      0.003447459869657956
3651      0.003103700253411429
9751      0.0024588177135956945
5185      0.003447459869657956
1252      0.0028260557765458446
8264      0.0016551377644203127
2720      0.0020977533499417964
5351      0.001977284312124523
2438      0.003169267402546148
11146     0.004419498909353535
4603      0.004302405033375529
116       0.0017443198659013437
332       0.002048584882814198
7128      0.0019339692521080903
2082      0.0015417597065505296
1192      0.0008855931472346327
3569      0.0015700073457734717
2339      0.0018977540103830423
10124     0.003447459869657956
5764      0.0013843228837659483
2918      0.0016468922995536593
5186      0.0008098253165799543
6022      0.0010599427267519365
5256      0.003021674868718803
11995     0.0026086077044423558
6778      0.0036241766116781823
6462      0.0028846027145348475
1017      0.0013633198837109
7248      0.003021674868718803
1661      0.004299029871536262
3350      0.003198391610739029
3616      0.003361119576964814
3798      0.002048584882814198
9119      0.0036241766116781823
2249      0.0009585378828267954
11540     0.0015213950379499037
8930      0.0036241766116781823
11339     0.0018374136204835833
205       0.002346821608860723
6631      0.0025586495018357328
8048      0.0026086077044423558
4641      0.0011625603606255034
8193      0.002048584882814198
8106      0.002883643437777577
11723     0.0014343822544715232
10805     0.0013282087327561162
1496      0.0028846027145348475
3449      0.005125177996073095
2061      0.004917635427191389
12228     0.004299029871536262
6028      0.004014112166961395
8506      0.0017539937336952692
10118     0.0018154727913771511
4448      0.0027234381426722775
8615      0.0035079874673905383
7516      0.002599265029618917
7488      0.0008487714644213218
3873      0.00785406591402518
10548     0.005446876285344555
6161      0.0011738318311647897
270       0.0025235383508809494
10404     0.0027234381426722775
5965      0.0011814627107782354
10433     0.007394740364091478
3700      0.0023729650398282096
1917      0.00182634525059397
2024      0.001960681195757841
3544      0.003103700253411429
5005      0.0035679289074752297
9029      0.0010413268200221335
2961      0.0028846027145348475
11047     0.004299029871536262
10647     0.0015920795852792371
6122      0.0020645410502960777
10420     0.003021674868718803
6442      0.002297653141733125
6397      0.0022744700919620224
3524      0.0033102755288406255
2389      0.0028846027145348475
5311      0.0038732448705971092
916       0.002677915252472276
12098     0.0024002707756066916
682       0.00259588986777965
4363      0.002490326051235231
10749     0.001988607727859336
5270      0.004299029871536262
5198      0.006629248364030302
7927      0.004299029871536262
8199      0.004299029871536262
4286      0.0009585378828267954
11136     0.0025586495018357328
2069      0.001323352755615531
8028      0.0009942777727406048
6114      0.0014083023344541902
4376      0.0009505773665489649
621       0.0021136012668165802
3565      0.0007673047681795222
9394      0.0027234381426722775
5593      0.0027726066097998763
3681      0.004299029871536262
1340      0.00365269050118794
10375     0.0025235383508809494
398       0.0020645410502960777
2088      0.0013950999656191195
4193      0.0015487007737283855
10988     0.0015268091557503066
8091      0.0010791404738371895
6387      0.0010144198365519348
5432      0.00213286450089658
9194      0.0020977533499417964
3282      0.0016634954159203414
5215      0.0019339692521080903
8338      0.0021150580973491677
300       0.0036241766116781823
7888      0.0020111286473811886
2357      0.0006004482364116018
4906      0.0007556777098390823
11020     0.00213286450089658
1099      0.0026355344556159206
8287      0.0013737316229561181
6766      0.0011406195315190712
3624      0.0038732448705971092
11049     0.004299029871536262
9737      0.0038732448705971092
2891      0.003021674868718803
2737      0.001584633701273074
5989      0.0012949964331103979
5071      0.0020178645862183897
2101      0.0028846027145348475
1694      0.00182634525059397
3806      0.004299029871536262
6439      0.003103700253411429
8795      0.0017738108686921783
8058      0.0038732448705971092
8010      0.004299029871536262
9118      0.003198391610739029
8453      0.0036241766116781823
6942      0.0032299491595069183
7821      0.005545213219599753
1633      0.004299029871536262
10089     0.0025235383508809494
9374      0.002346821608860723
8648      0.001804789428024328
6203      0.0018854373867214442
3603      0.0022744700919620224
10937     0.004299029871536262
10181     0.0023729650398282096
1808      0.005652111553091689
8484      0.004299029871536262
10416     0.0025586495018357328
7795      0.0038732448705971092
4069      0.0009427186933607221
5100      0.002252130251533123
10017     0.0038732448705971092
10343     0.0017254175157486117
10705     0.002297653141733125
5234      0.003310387715474001
6826      0.002170104866840497
1807      0.0021896073908654378
2658      0.001129936168166248
6532      0.0038732448705971092
2729      0.0016468922995536593
11138     0.0007480468302256365
1344      0.0038732448705971092
545       0.001960681195757841
10485     0.0016892730964100146
11255     0.0043792147817308755
4858      0.003198391610739029
876       0.001082399250229784
9589      0.0009427186933607221
4313      0.003310387715474001
9415      0.003198391610739029
4316      0.0017539937336952692
6011      0.0007932781097345033
9550      0.0012591159922500103
6646      0.0019744857746675387
487       0.0015016838951729696
9371      0.0007534920107832378
4315      0.0023729650398282096
1721      0.003310387715474001
883       0.0026355344556159206
3641      0.0019471800388890569
11827     0.003326990831840683
11080     0.00192103660792157
3696      0.0014116286195444301
8837      0.0016072477117173884
891       0.003198391610739029
4348      0.0013843228837659483
2376      0.001707079499957427
103       0.0025716558717995223
8878      0.002949323351820103
7921      0.0028260557765458446
11409     0.0017839644537376148
5412      0.003447459869657956
5727      0.0017539937336952692
9165      0.0028260557765458446
10942     0.003103700253411429
4871      0.0015016838951729696
2834      0.0014888859758272876
10054     0.0018601672554106764
2872      0.005769205429069695
2868      0.004299029871536262
2869      0.004299029871536262
3348      0.0024288469935533495
9492      0.0031400146915469434
2261      0.0022046470472165836
6578      0.001707079499957427
3776      0.0014116286195444301
6884      0.0038732448705971092
8356      0.002490326051235231
4417      0.0006971307718500794
4891      0.0025182319845000207
8261      0.0009830577729717487
3516      0.0019339692521080903
967       0.0008119254140420352
11784     0.0010989576088340986
6655      0.0026355344556159206
3004      0.0027726066097998763
6204      0.0017347959866100165
2870      0.0022305744289634814
