t_index   tf-idf
7475      0.0036531966115144685
12005     0.037709491636965305
6485      0.003406052435659182
4859      0.03406052435659181
11027     0.003671072493680572
9504      0.017830582239318056
10140     0.0047346479479097444
8174      0.0031764078550713705
9772      0.0050623794601521175
9749      0.004645101595091261
699       0.0028011412861252815
7488      0.00426598169677162
12012     0.006076227642359277
3154      0.0036040288608963265
6428      0.005358442817043824
9566      0.007336741352331111
2112      0.0024227032698515565
12063     0.002403100127752054
8481      0.0038493857137566812
11910     0.001875452257853864
9845      0.009720257781329997
11643     0.02108689504846706
3251      0.0018134034832048753
7617      0.0050623794601521175
9921      0.003406052435659182
10237     0.005938109975262173
5965      0.0019793699917540577
2694      0.0047346479479097444
3289      0.003197199144899582
348       0.004286647388146596
2006      0.03044326766739689
449       0.0014679108310103777
3659      0.003458840100851486
10885     0.008437867360386325
9589      0.009476333405772945
10933     0.0033126540489858717
9533      0.014808463170203552
8844      0.004286647388146596
9057      0.004832734879564307
7165      0.0033990276039915545
11238     0.0019354852115684123
11681     0.008467166668226531
2202      0.0076210917299391
4439      0.005781375277887529
9875      0.0060473276095412325
11060     0.022092198107932243
10978     0.00952922356521411
6009      0.0018638888345882559
6512      0.005358442817043824
12064     0.005696929024033235
6588      0.0019109431487772117
5963      0.0007924316583952636
12171     0.0013151008566616499
9162      0.002922355794294431
12011     0.003975559912697972
2685      0.00453378553961937
1718      0.003078320923416809
6130      0.0033806404323611415
2608      0.0033079655040046205
9488      0.009465223588785987
8048      0.01311103540550293
5532      0.0033079655040046205
1565      0.0036040288608963265
1043      0.0031764078550713705
9851      0.007146612332388066
3888      0.005601779855360833
11082     0.006569675854980065
8091      0.00903971937207219
2682      0.004189943515218367
2829      0.004645101595091261
1349      0.007680374835462395
9581      0.01088042089922925
8640      0.003858316765167177
3857      0.008774419937990883
4225      0.015207811178953147
6511      0.008490398667027586
7629      0.009125453871418486
9938      0.003889749077023933
8049      0.009291613929050962
1011      0.0024528264108850586
10797     0.0034321078486958248
4468      0.007483239703150893
2064      0.004286647388146596
9264      0.00251213162357577
11138     0.0012532443340510073
4655      0.003975559912697972
11864     0.003078320923416809
3790      0.00229273012291472
7180      0.003458840100851486
2109      0.003406052435659182
11527     0.003406052435659182
10338     0.005199801135454693
8685      0.0021930586892637454
11125     0.003573306166194033
11085     0.004486459913502131
9600      0.0015283470103078694
1727      0.004941164951982969
10033     0.0031764078550713705
4497      0.00577572068210468
992       0.004562726935709243
485       0.0017863905454226622
2951      0.00577572068210468
338       0.0008552031756777803
10426     0.0028011412861252815
2082      0.007748986581975529
3516      0.019440515562659993
4966      0.0027560768836120612
6777      0.002328221013838068
9500      0.0012532443340510073
3312      0.0018299582719742261
6262      0.004119393657611744
10910     0.0036566538777674782
10958     0.004106246444299847
6232      0.00818315507223181
3569      0.00263032036365366
8686      0.0020949717576091834
921       0.005411312928368226
11234     0.0033558408264887127
922       0.0036683706761655556
518       0.006071784038996386
9313      0.0047346479479097444
11674     0.006071784038996386
10629     0.009665469759128614
6885      0.0036356970162469936
9524      0.003702115792550888
329       0.00229273012291472
2803      0.002310322582818054
11983     0.00577572068210468
11388     0.009290203190182523
8272      0.0033558408264887127
6989      0.0015118805175227325
4067      0.0032184191511861375
3579      0.0027320459573546333
4412      0.0021618704284628665
11063     0.002473409773882908
3419      0.001414536374672248
2524      0.002319232888205037
6973      0.0016897589057994922
4065      0.00304156223579063
9848      0.0026672992104085796
6403      0.0011886138011916187
3641      0.0032622186907454104
4896      0.002146623722288909
6616      0.0033315373712208894
1717      0.004941164951982969
416       0.0032184191511861375
196       0.0032400859271099996
7814      0.003078320923416809
8545      0.0076210917299391
7256      0.003520137103860692
4073      0.0028590117162814272
2357      0.001005964225457352
1047      0.0034321078486958248
3087      0.004349038238199556
4979      0.004349038238199556
11196     0.001953957988456017
12183     0.00381054586496955
5663      0.003737005026723178
8822      0.0012374839365548885
4620      0.004500042690695447
3159      0.0032184191511861375
5179      0.004119393657611744
10689     0.00577572068210468
4001      0.0023934368281775535
4873      0.0068781903687441595
6982      0.004349038238199556
3756      0.0047346479479097444
6311      0.0013462616306094753
7699      0.004119393657611744
6210      0.0016469711978460344
6114      0.0023594069916092713
6810      0.00577572068210468
2242      0.004119393657611744
5710      0.002185172567583822
808       0.003702115792550888
11814     0.002473409773882908
3514      0.0050623794601521175
3321      0.002337288331025397
3797      0.0028906876389437645
953       0.00201204365167262
12020     0.005236567146599855
6073      0.002310322582818054
11817     0.0036356970162469936
3733      0.004832734879564307
9744      0.003737005026723178
4891      0.0021094668400965812
85        0.00381054586496955
1295      0.0023556662094537436
3116      0.006524437381490821
3766      0.007474010053446356
6826      0.0036356970162469936
944       0.004010850809581401
2423      0.005546076101516869
10068     0.0022416882322604317
187       0.003197199144899582
10692     0.005199801135454693
11997     0.004119393657611744
10412     0.004832734879564307
10034     0.004941164951982969
8655      0.004825710047896679
7981      0.0029717637065530098
11835     0.0027560768836120612
10259     0.0020596028525620377
6229      0.005411312928368226
2876      0.0022090145723418692
8566      0.0022252217394752947
927       0.0024227032698515565
3524      0.0027729440745145996
9917      0.005546076101516869
10390     0.003702115792550888
8495      0.002745498878898924
1720      0.002473409773882908
4516      0.004645101595091261
11989     0.0027869461115063543
2144      0.0032400859271099996
8547      0.005358442817043824
9942      0.003514482508077844
9260      0.005546076101516869
9742      0.004349038238199556
8812      0.002922355794294431
10988     0.001278974020278989
136       0.003406052435659182
1017      0.002284045397591484
2613      0.0008573629536863602
2712      0.003573306166194033
9750      0.005199801135454693
1648      0.0032622186907454104
7426      0.0008150057883553073
10563     0.003136044491804119
8952      0.00441545701450345
1682      0.0020806780022302428
2366      0.0017863905454226622
9129      0.0076987714275133625
1955      0.0029673666118241013
621       0.0017705167009944578
5228      0.005358442817043824
8773      0.004562726935709243
11899     0.003406052435659182
1556      0.004172181322804048
168       0.003737005026723178
4612      0.005546076101516869
5802      0.0020054254047907004
4376      0.0015925549719197113
12111     0.0008212492888599695
12099     0.004941164951982969
8125      0.005546076101516869
