t_index   tf-idf
2301      0.003128496269987307
4960      0.009963195256754206
9132      0.00794182235858838
5963      0.0020813661401004224
11238     0.0016945534424935061
10833     0.01957197591566967
8299      0.005521529718629133
3521      0.006606871733750696
10566     0.012513985079949228
12045     0.0018468776068895378
3846      0.002391957248970239
3250      0.0016218579757405658
11910     0.003283986941138301
2613      0.0015012745496084813
1349      0.006724311577935955
6534      0.003128496269987307
9500      0.0010972388152894709
11412     0.0009631250503080416
590       0.004231149624846758
11897     0.00966267930111566
7814      0.002695127447472808
7037      0.024938514047916027
12171     0.0023027907116647977
7447      0.0026189798915530606
8602      0.003927979426344189
3093      0.0031023777486013726
7209      0.024938514047916027
9077      0.003652822651915577
11823     0.0024907988141885514
851       0.0028561333765447366
1789      0.004432207743120733
4896      0.0018794091510496258
3903      0.0028356359418382346
4966      0.0024129967736188584
7174      0.005145533484325956
8101      0.007397077367711469
5363      0.005976553152252151
10250     0.001984706947841674
9371      0.0005526129166221464
10768     0.007357354498412045
758       0.0009535902957662386
9710      0.005681294862058415
4641      0.0017052493256477818
232       0.00330446502277943
3774      0.0040926791522519395
201       0.004648697206639267
6458      0.0023028945922444906
6642      0.004432207743120733
9264      0.002932557524616805
6616      0.004375234763449839
6777      0.0020384009706217107
2052      0.017211648106478537
10166     0.009910307600626044
5781      0.005056751302589574
11001     0.0024769060170609486
409       0.00531596029970223
3505      0.004691416740233389
9830      0.00455252298581303
2646      0.002817786061826867
1300      0.0043260821778772045
10246     0.004242243899906044
5631      0.0034423296212957076
10647     0.009341081052219258
6361      0.0012449822102611505
2320      0.0023803309470656776
4376      0.0013943116144193323
10032     0.004108697495875334
11927     0.0013380963451243171
7768      0.007615328367303786
4016      0.0009874129331571089
7874      0.010113502605179148
5316      0.002415669825278915
11884     0.002309296828080429
10881     0.0016943934606401534
9589      0.001382784473456495
3570      0.0028759369406655467
931       0.00203053169880192
7578      0.004432207743120733
474       0.003994752628359544
10320     0.005056751302589574
4937      0.0014298051884688262
6536      0.0030048745065345186
7488      0.002489964420522301
3682      0.0025173014864633
7888      0.0007374833784743258
7028      0.006305838421527256
4643      0.00531596029970223
8450      0.0016021626364587623
9553      0.002678892307406508
7816      0.003606606065377917
1572      0.002165516441034413
9924      0.003370209068890704
9113      0.0033362040560521783
7759      0.019724502432788067
6233      0.0038126148878435155
4899      0.01011062720667211
5282      0.014567079552946794
10674     0.0019340335052453709
2762      0.004880549465183595
11098     0.0033362040560521783
7786      0.004231149624846758
2355      0.006204755497202745
5476      0.002695127447472808
338       0.0007487463488299238
4073      0.003754677212460878
10571     0.0021474953223931423
2094      0.005056751302589574
4787      0.0017162375825148948
2818      0.004231149624846758
1682      0.0018216724417866438
10773     0.00455252298581303
6721      0.005598765764159132
737       0.0016943934606401534
3494      0.005681294862058415
1955      0.0038969773138685807
3857      0.003072867397371081
9865      0.004432207743120733
564       0.0037990144324027025
10882     0.0014178179709191173
3801      0.0023463259342271525
6646      0.002896185565746784
11835     0.0036194951604282873
2269      0.00531596029970223
9824      0.002102322573376097
9747      0.006331554481351809
6079      0.004207918066022269
11187     0.006740418137781408
3993      0.002925146755291312
2082      0.0022614608143801335
586       0.008315249968759448
1361      0.0020227305600606198
3419      0.0012384530085304743
4155      0.002982062505909076
5021      0.003405547947103941
7475      0.0005330736410992759
5956      0.0023243486033196334
10072     0.003652822651915577
4871      0.0022026774147039197
9596      0.003681019812419422
2270      0.005909807102095887
1152      0.004855693184315599
5718      0.003652822651915577
10069     0.0031023777486013726
9311      0.002440023359036683
464       0.003370209068890704
7847      0.004108697495875334
6880      0.0030018413847270513
2264      0.007615328367303786
10351     0.007551904459389901
6956      0.014611290607662308
4906      0.004433727310010217
7151      0.0025308510033905983
12073     0.011783938279032565
3844      0.003052307873670419
5759      0.0016802358880307281
704       0.006565082352097323
9075      0.007506079658912295
5415      0.006884659242591415
10153     0.0026318715923941763
4397      0.001505284022421128
7425      0.0039694002948305485
680       0.003652822651915577
4735      0.006811095894207882
587       0.00325369964345573
9739      0.004783914497940478
10958     0.0028760763477087728
9202      0.0013130164704194648
11623     0.005673511457429128
4782      0.0032718176789983014
3776      0.002070583888003967
12111     0.0007190190869271932
4322      0.0024319326934817407
1454      0.002251393381196706
1726      0.0036558158800036825
6245      0.00531596029970223
5509      0.004855693184315599
6950      0.0025585770647142117
635       0.001999724393741922
8262      0.001984706947841674
10037     0.0020227305600606198
2877      0.0015686989428891859
11579     0.004691416740233389
11912     0.0009535902957662386
2651      0.0023688527549495762
10118     0.0026629445300905513
8413      0.005681294862058415
10068     0.0019626399045931577
2761      0.003562644863988004
8850      0.004066873180764549
10080     0.003606606065377917
1981      0.004432207743120733
6948      0.008652164355754409
580       0.0015734040496440034
5488      0.002938101304519163
3173      0.005089214782295774
9979      0.004066873180764549
10354     0.0028561333765447366
4873      0.0020073280329253357
9029      0.0015274233646382744
1845      0.0025871834640619987
3563      0.002572766742162978
349       0.005681294862058415
539       0.0015973053422369727
1128      0.004855693184315599
6155      0.004066873180764549
8591      0.004691416740233389
7981      0.0026018346144509753
6028      0.0019626399045931577
6388      0.002271642006277943
7175      0.0023243486033196334
967       0.0023818724801980035
1842      0.0033362040560521783
6819      0.00531596029970223
9162      0.0025585770647142117
1505      0.0031831206241830523
5710      0.001913159384897039
6403      0.0010406535769768943
10910     0.001067156249251643
3137      0.0020384009706217107
6174      0.0027810043876351003
1997      0.004691416740233389
2398      0.004432207743120733
5590      0.003807664183651893
7430      0.0025585770647142117
8655      0.002112499626776347
3130      0.00531596029970223
4610      0.003652822651915577
2051      0.003807664183651893
670       0.002054348747937667
4139      0.003652822651915577
7177      0.004855693184315599
2339      0.0009278783439424695
10138     0.0034806769360135772
7552      0.0015501204311611225
11913     0.005089214782295774
7400      0.0026018346144509753
6882      0.00406106339760384
944       0.0017557873875968372
7227      0.0013751808342730813
4069      0.001382784473456495
11592     0.003562644863988004
5         0.0030048745065345186
1131      0.0023243486033196334
8874      0.0009051239555102797
10336     0.003994752628359544
9471      0.0018341868915167539
3104      0.005390254894945616
8685      0.0019200638316790464
10971     0.005263743184788353
10568     0.0052036692289019505
11670     0.004691416740233389
10353     0.002138618148162281
10769     0.0016783510327756498
367       0.0019340335052453709
1617      0.0016836668351918331
8985      0.0030282790924467365
7424      0.0019340335052453709
5259      0.0017052493256477818
6009      0.0016318694775855683
5760      0.003562644863988004
5107      0.0019626399045931577
12082     0.002231589817075896
6696      0.0016625892449114975
3030      0.003370209068890704
8349      0.0028561333765447366
9600      0.0013380963451243171
8901      0.002165516441034413
4162      0.004880046718073366
6535      0.0012682143675256188
936       0.004691416740233389
2088      0.0020463395761259697
7328      0.0037530398294561475
10578     0.001840509906209711
9034      0.004066873180764549
4305      0.002014996384709493
9055      0.0034806769360135772
9581      0.0047630058293306465
6102      0.0018927579269944596
9551      0.0044053548294078395
204       0.012200619542293645
9078      0.002695127447472808
5753      0.003211727023530839
6668      0.0028759369406655467
9101      0.003807664183651893
5601      0.0029168997170052917
4237      0.0034806769360135772
7030      0.002745665509421863
8590      0.003652822651915577
4626      0.0038658150624905725
921       0.0023688527549495762
5246      0.004432207743120733
5958      0.003128496269987307
4698      0.003652822651915577
9608      0.007731630124981145
628       0.006606871733750696
2637      0.0014836756512000924
5299      0.0019626399045931577
2626      0.002728502592479975
12062     0.0026018346144509753
9370      0.0021474953223931423
9740      0.003701538618408363
7199      0.0023463259342271525
2439      0.002112499626776347
5659      0.002138618148162281
4982      0.005294548239058921
12140     0.0052036692289019505
10736     0.003927979426344189
10243     0.0005617759708060636
5416      0.004066873180764549
2057      0.0031023777486013726
