t_index   tf-idf
10848     0.00578112057994033
6210      0.004137034794589442
11027     0.004610692239086909
10353     0.0061357973060370205
4620      0.005651839331766304
4966      0.006923002648120772
2613      0.0021536140860454996
6402      0.009571728303673512
9596      0.005280510564244527
10833     0.02495685817818196
8299      0.005280510564244527
3521      0.009477714808535225
2144      0.008138787269288213
3250      0.004653187763731861
10988     0.00321266093189127
5963      0.0019905128562071497
11238     0.0016205848398449802
4162      0.028002172834659077
10566     0.02692741432381932
8101      0.004244513441948724
2301      0.008975804774606438
11835     0.003461501324060386
6616      0.008368504587233422
2052      0.019752415207911083
10166     0.009477714808535225
4960      0.007146220407374296
9132      0.00759515550960238
2270      0.011303678663532608
7847      0.011788048767928041
9849      0.004830520324776569
10226     0.012716215072524961
9738      0.008138787269288213
4263      0.0060608620244416616
704       0.01130132033468182
324       0.005449776656006258
7814      0.0077324489862017455
7037      0.01022139776453701
3093      0.00890086949301108
7209      0.01022139776453701
10094     0.005469286833156471
7972      0.007422752557606448
6182      0.006186988804619863
7217      0.0029337586648690837
407       0.012716215072524961
3505      0.013459898028526745
9830      0.01306140523310643
5363      0.005715671863860192
2109      0.008555679332429612
2439      0.0060608620244416616
5659      0.0061357973060370205
10647     0.013400003176100244
5631      0.009876207603955542
10243     0.0016117620114793015
8655      0.0060608620244416616
4395      0.0069653714252688155
8018      0.010767649986892043
8685      0.011017509129396433
12171     0.0033034081042334295
9078      0.015464897972403491
7287      0.008621128048509749
5274      0.004988196397950509
8353      0.011461135517079168
4566      0.007978834016905465
11549     0.003278948825450553
11452     0.016299905497096166
12036     0.006896431707710392
7981      0.0074647874057462505
9600      0.003839062133035243
3579      0.013725278500043514
2411      0.007978834016905465
10246     0.006085599880222362
5259      0.004892441517632326
8295      0.011091207500717
3368      0.008975804774606438
485       0.00897448583533766
8373      0.0074647874057462505
4348      0.005825692135848365
5989      0.005449776656006258
11927     0.003839062133035243
8594      0.01809175070938177
136       0.008555679332429612
11140     0.006700001588050122
3583      0.005488945378097457
10669     0.012139369757000817
12181     0.004892441517632326
2631      0.00623921454454549
3903      0.0040677872737084194
6777      0.005848269451426575
25        0.0060608620244416616
10684     0.005020919445041092
11864     0.0077324489862017455
4376      0.004000346417560227
11884     0.006625482566278373
10673     0.0030007142805557534
10958     0.0020628999993982564
10029     0.010924369860239359
6361      0.0035719132461063956
9848      0.013400003176100244
3565      0.003229074232755489
12103     0.009477714808535225
2249      0.004033846923562763
2063      0.0036676681264245785
2882      0.006012085366017425
8491      0.004220240153731823
12111     0.0020628999993982564
10276     0.012716215072524961
4286      0.004033846923562763
2918      0.006930671760621649
12112     0.016168724783339878
8818      0.03259981099419233
5764      0.005825692135848365
11724     0.009052977257727676
8828      0.007779883091387908
2339      0.0026621271534539898
7904      0.007685869596249623
9589      0.003967274501226372
11978     0.007183959562320838
11017     0.010924369860239359
7174      0.0073813902959675905
7170      0.011668052816241144
6880      0.004306212938804877
586       0.00596421203116377
4305      0.00578112057994033
9055      0.009986227875943715
6668      0.00825120003214758
9101      0.010924369860239359
5601      0.008368724188074706
4237      0.009986227875943715
12073     0.011269560020820827
7759      0.008084362391669939
2264      0.010924369860239359
10351     0.007222257836162564
8590      0.010480122132281595
4626      0.011091207500717
6956      0.010480122132281595
4906      0.006360287391145609
6166      0.004172366818878168
5958      0.008975804774606438
4698      0.010480122132281595
9739      0.006862639250021757
2637      0.00425673609451455
5299      0.005630907345320846
