t_index   tf-idf
6020      0.018928100870133767
192       0.03699857009464606
10988     0.04261002920192632
4838      0.0189829153740362
9012      0.057745159977944216
9374      0.04366323361748766
3259      0.07848087950443261
6662      0.03968250531931268
6571      0.06318763307573062
5275      0.06526702998539764
2561      0.06681233059118491
5501      0.0649070602732763
8467      0.05736969013322234
1682      0.046212953523219066
10071     0.03192998201250818
9720      0.03622779703933061
10881     0.02149204336917247
1649      0.024180004946586505
6360      0.01954602444512121
4472      0.06414089810126775
6161      0.021839450121934372
1957      0.041500424244136344
4906      0.014059582654111346
7434      0.05487293709833717
5908      0.05950691759980246
3504      0.06742875959095986
6774      0.0381144608460431
