t_index   tf-idf
426       0.006257005272440272
10572     0.004185316310624832
5211      0.009392258416108178
9600      0.00250958147217868
3259      0.01934029456010661
83        0.0035881043716746025
704       0.007387633526173331
2155      0.005182272152055256
9926      0.009483868201743871
8893      0.019114966300382577
3312      0.006009668410685785
6033      0.002502781214320626
10903     0.006585910667872961
11110     0.02288115289991598
9176      0.014556682058496693
4937      0.002681580158918188
10571     0.004027598231103092
3703      0.006456042324764713
11238     0.002118741269213671
2613      0.0014078099862087315
6335      0.004936039328926043
8467      0.00848267791853093
10424     0.010787561131523685
10243     0.005268015913006278
4099      0.006764140558413058
6210      0.002704365157552632
4045      0.010655191142070647
6107      0.008444915250870134
2399      0.0347109263438294
6649      0.0059698993807635456
2524      0.00380823454794757
3497      0.012724016877796394
8640      0.0031677231029193552
11679     0.003978135330262088
12087     0.0034637937996916624
8901      0.012184189781073001
1908      0.008798688205418263
2032      0.008598565509202875
1399      0.015738622525250257
10310     0.006942185268765879
5406      0.0059698993807635456
9095      0.006387058795735796
851       0.005356639250951607
4641      0.0031981718870125716
7888      0.012448260295025779
2164      0.003779098277937648
2625      0.0031981718870125716
7426      0.0026765170637038107
9264      0.004812475237381858
3857      0.002881560477690391
2637      0.005565226956252486
11005     0.004421494677759508
2339      0.0017402231975886004
6232      0.003359232918756638
8216      0.009483868201743871
4966      0.004525542587098403
10043     0.004148973796017271
3573      0.004185316310624832
4417      0.005753363296085674
7425      0.0037222780974870127
1508      0.0018289502317552187
737       0.0063556237200665675
7738      0.013363383847799361
3565      0.0021108345179102032
8101      0.002774623572947026
1520      0.005186786896544985
9849      0.006315388440174814
2848      0.011826514082397422
11578     0.03547954224719226
6976      0.007935463498739834
1523      0.009970011145745038
9359      0.0029597685533980862
671       0.004696129208054089
6727      0.0022924708593648874
2071      0.008538194860552064
140       0.007038775088707639
2226      0.003961964280568869
7176      0.010171364664226993
223       0.013528281116826116
10353     0.008021898423456962
477       0.009342918509251999
1131      0.008718568301946018
2402      0.004319047445376827
5759      0.001575629762705858
6020      0.00559741504330804
3903      0.002659098295653753
449       0.004820687709621629
4756      0.007774402466995767
2146      0.005679496196728899
9872      0.01450056700482845
329       0.0037647163885992678
1560      0.003260766516948193
6182      0.004044412915082245
2109      0.0055928176180862835
7525      0.0037363146814339003
7026      0.007038775088707639
2309      0.007250283502414225
4794      0.004232449662487849
614       0.011826514082397422
7805      0.01587092699747967
835       0.004671459254625999
6388      0.004260433646015442
10426     0.004599539388112329
2643      0.005320296736344046
8304      0.004964926558806225
1880      0.004576230579983196
583       0.005679496196728899
9832      0.005149458270588864
7165      0.00837192402072628
6151      0.0061955489798985125
7769      0.002564991741107125
1653      0.009970011145745038
3473      0.008538194860552064
4001      0.003930079149770146
6203      0.0025933934482724923
122       0.009483868201743871
4558      0.011271202429180062
4906      0.002078848797105958
6766      0.006275626527501816
4688      0.007492104151242414
7722      0.007366871920225288
11542     0.0076273652650914875
4196      0.0052847193844379374
11032     0.007774402466995767
11623     0.005320296736344046
1409      0.006387058795735796
1107      0.005818467217221251
6580      0.004185316310624832
6989      0.002482543106593747
9550      0.0034637937996916624
1034      0.0059178995303433846
11066     0.00380823454794757
3924      0.006527962191278382
1955      0.002436242626828348
3490      0.006023550293159006
11108     0.005054674823664955
5259      0.0031981718870125716
10749     0.005470605694928212
1060      0.010655191142070647
9621      0.009483868201743871
2685      0.003722290851594113
11540     0.004185316310624832
11814     0.004061396593691
3433      0.005085682332113497
10100     0.006681691923899681
587       0.0030511346851082918
7490      0.0031879612106462335
10099     0.003868058912021322
10725     0.005470605694928212
9216      0.005024226039571739
8418      0.003653866046920522
6496      0.007774402466995767
4663      0.011826514082397422
6410      0.007250283502414225
3524      0.00455323890834693
1101      0.005024226039571739
8128      0.006257005272440272
3430      0.005356639250951607
2229      0.00607896056208745
10224     0.013701638274111349
6403      0.003903463222590374
2063      0.0023975418102697636
8686      0.0034399925358407604
12171     0.0010797131546910821
1917      0.005024226039571739
12112     0.0052847193844379374
6588      0.003137813263750908
11465     0.010655191142070647
1400      0.008798688205418263
4322      0.0022805283234595313
10673     0.0019615564168613485
11080     0.0052847193844379374
6114      0.001937100681827067
8654      0.0059698993807635456
1763      0.007774402466995767
