t_index   tf-idf
11220     0.007754654041702113
11080     0.013514158027866168
7644      0.008166537863204475
5211      0.01801351054432688
449       0.003081882441225768
6203      0.0033159309263981617
2613      0.007200142616032716
4496      0.008876326438173288
12084     0.002651288988911766
8894      0.01342505511589675
9471      0.008796796832946024
3259      0.009891454133228655
10572     0.0107027491724436
10910     0.005118102608351163
4069      0.0033159309263981617
1171      0.0038072451239425736
3634      0.00763753743920038
3861      0.0035172918371170737
6403      0.0024954976323525524
10903     0.00842079125195697
7         0.01342505511589675
9007      0.01342505511589675
4349      0.025495451387626614
8874      0.002170496251522163
4347      0.004050272823135693
12181     0.008178409701116725
11238     0.0013545186721092373
4966      0.002893195136528084
4758      0.00557381107860728
1508      0.0023385085052790608
4794      0.008117459427308786
5212      0.006712527557948375
8893      0.00977621162029517
12087     0.004428830878212722
3857      0.0036843832973454255
8418      0.004671858577405842
12171     0.0027610575199562993
7447      0.006280339839445647
12063     0.005045314696076452
9176      0.006204091689939718
10988     0.005370418274206302
569       0.00450684184480557
1261      0.007439532710576425
6311      0.002826479642374122
10485     0.0059418710406063694
25        0.005065795124906463
9364      0.017825613121819107
6102      0.009077704684689845
7475      0.0038349476867141938
384       0.0038773270208510564
337       0.008204679314710838
6232      0.008590277215128915
1879      0.006974702742005296
6349      0.004741563624385019
4953      0.01089484026891511
3924      0.008346697926161911
8467      0.005423005534981216
9989      0.012126139939543158
10199     0.009579456551588558
3837      0.006712527557948375
2729      0.0057928002775345135
226       0.004182870807073206
5764      0.009738470436045029
3736      0.0038892315637161826
7605      0.01512146327948327
10543     0.006462942436228325
10100     0.00854325783304586
1917      0.006424010408805655
7165      0.0035681334549364074
7597      0.003962070002437029
4412      0.004538852342344923
1340      0.019272031226416967
10740     0.00959071798789658
587       0.0039012020600638357
1034      0.01513333511739552
9371      0.0026503425453917864
7888      0.007073969918898011
10317     0.0046770170105581215
307       0.016643803479317244
2643      0.006802568463882685
5965      0.004155692221493593
8655      0.005065795124906463
2764      0.0075021651847456804
11884     0.0027688583859073797
11110     0.00585120029380936
8082      0.008648677231403761
11958     0.003662776426645016
10571     0.005149715151211416
6161      0.004128851266833365
1083      0.006849036256191856
11872     0.004888105810147585
3998      0.006239225294355075
5710      0.00917555048278978
4376      0.003343573125124966
5107      0.004706430019969662
4348      0.0048692352180225145
6150      0.005237026790596479
2561      0.004210395625978485
1399      0.00804940495321257
6182      0.005171214523264363
8101      0.0035476530261063966
1798      0.0037062084229579316
2236      0.006849036256191856
4470      0.008999826854715736
7368      0.00436838864149832
6816      0.004238275613630219
967       0.0028558769538692477
8028      0.003497285499142326
477       0.011945920680983898
208       0.003599222754821987
4906      0.0026580305515235382
3730      0.003537485152922385
6166      0.006974702742005296
11027     0.003853712916251744
3957      0.014523686791635093
8822      0.002598100603115238
5953      0.0048692352180225145
5327      0.011250064023843251
11827     0.00585120029380936
1948      0.009752402353873195
10958     0.0017242149248701845
7479      0.03024292655896654
655       0.01512146327948327
7754      0.006274939645733799
6249      0.008081794881618504
11024     0.003507265512563215
9503      0.0075687613753563
6033      0.003200073492937317
1767      0.01512146327948327
9709      0.00854325783304586
3762      0.005764181725847492
11549     0.0027406139436601637
11899     0.007151015561433705
6524      0.011644000571343873
338       0.0017955011947065834
8695      0.006802568463882685
9370      0.005149715151211416
4664      0.00436838864149832
4937      0.006857374137731087
7552      0.003717204218008264
9847      0.005653353891463649
1549      0.006204091689939718
9941      0.010628478269573102
10288     0.013623801609513214
2637      0.0035578689745196243
11430     0.013623801609513214
11277     0.013623801609513214
7217      0.002452096794517443
