t_index   tf-idf
416       0.002425308717500982
196       0.06836581306202098
10223     0.003317230031703172
102       0.0034294031183161153
7199      0.0020195162505312276
166       0.005427525212814531
4125      0.007629729043514976
3692      0.0013748235267111086
3903      0.0012203361821125258
6900      0.003248811580187847
3251      0.0013665290534151022
5299      0.0016892722035962537
595       0.004352418085443169
610       0.0041793644907859254
10199     0.0034383406551237506
574       0.003230294996067613
1921      0.04148007193661328
878       0.003277310958071808
8049      0.004667929854832745
11899     0.0025667037997288834
12118     0.005427525212814531
10523     0.009779943298257699
10975     0.005427525212814531
9440      0.005427525212814531
9855      0.005862407537514641
4960      0.002143866122212289
9985      0.0048899716491288495
2613      0.0025843369032545996
5965      0.001491596672357522
689       0.002739757394386127
6387      0.0025614100872936355
11527     0.0025667037997288834
3027      0.003814864521757488
9488      0.004279633236929665
9160      0.0035226274131882765
7488      0.004286295895327675
10522     0.005258700441111774
7339      0.0020100004764150364
3524      0.0020896114275806444
329       0.0034554718281071847
5126      0.005427525212814531
3981      0.004985576581035535
2339      0.004791828876217182
9966      0.003814864521757488
3944      0.0023936502050716396
1830      0.005427525212814531
6655      0.0033273622502151
2938      0.005427525212814531
3162      0.003104257363414564
12012     0.0015262905149259613
699       0.004221720081231674
10978     0.007180950615214919
9165      0.007135790835778257
9507      0.0016176343050105706
11381     0.0048899716491288495
12171     0.004955112156350145
7447      0.003381290109987255
3888      0.002110670624073457
11060     0.002378292755496787
5963      0.001791461570586435
927       0.0018256799640667084
7979      0.0055796173730588376
12099     0.0037235207316728795
2729      0.0020792015281864947
9399      0.0020291502360432027
3143      0.0033273622502151
6721      0.0016063125585266084
7475      0.0009176481964637534
9849      0.0014491560974329706
11912     0.00328307516113805
7907      0.0025106172564224117
3398      0.004883272361572927
3151      0.003814864521757488
2883      0.0019913122019897416
3730      0.005078817969552852
9848      0.004020000952830073
9342      0.0048899716491288495
10129     0.006371934335974396
10958     0.001856609999458431
8640      0.0029075172766081223
8487      0.004575522972243704
10232     0.003918421569931929
1108      0.0048899716491288495
5142      0.004818937675579825
5436      0.0014867647199005131
10797     0.010345353658211699
6753      0.005212966151997596
10902     0.001810907596270298
6950      0.006606611492101339
3359      0.003918421569931929
9845      0.0073249085423593915
10694     0.010855050425629061
3846      0.004117583550013054
1303      0.004352418085443169
1537      0.002475360009644274
11835     0.006230702383308695
2366      0.006730864376503244
8028      0.0012552756880850134
2876      0.0033293005340295314
9264      0.002839605924506183
4966      0.0020769007944362317
11681     0.0015951537205319626
5790      0.0023339649274163724
2696      0.00525432998253265
4906      0.0009540431086718414
346       0.0038247541807935785
11138     0.000944409123159866
9589      0.0011901823503679117
8296      0.0025667037997288834
11024     0.002517715600090022
11238     0.0019447018078139762
8959      0.002386950917515717
663       0.004575522972243704
11057     0.002458314799097434
2135      0.003104257363414564
8182      0.0025863384145529246
672       0.004404407661400892
7165      0.0012807050436468178
4376      0.001200103925268068
737       0.0014583886571938464
4322      0.004186398422350711
9029      0.002629350220555887
4225      0.0022920343991136532
902       0.002048784850867244
4641      0.0014677324552896979
10033     0.004787300410143279
2249      0.0024203081541376583
1349      0.0019292370122411492
9942      0.0052968272086030355
4668      0.005427525212814531
8874      0.0007790531188499192
8686      0.0015787108601983488
2112      0.0018256799640667084
11125     0.0026927414323819317
738       0.004352418085443169
2363      0.0035678954178891284
10882     0.003661008546337578
2223      0.0036418109271002448
1017      0.0034423827063700223
3497      0.0019464716295200435
4648      0.002606483075998798
4397      0.0025912389243106563
1011      0.001848379902488383
9640      0.002871518491102053
6102      0.0016291237871630885
2651      0.002038905406938742
2670      0.0037235207316728795
5333      0.008448300649699186
11084     0.0022920343991136532
1526      0.0024093179270493273
3571      0.0017892636093491312
11867     0.0018638909367474769
3682      0.010833386754243847
6209      0.00290078709143807
2150      0.0016063125585266084
4578      0.005427525212814531
4333      0.005427525212814531
8989      0.008704836170886339
12036     0.0020689295123131174
7368      0.0015679394945377898
10169     0.0041793644907859254
10275     0.0033273622502151
4848      0.005479514788772254
7597      0.001422100125874719
5882      0.0028433144425605676
11620     0.004352418085443169
4976      0.004037969408558024
10912     0.003277310958071808
1845      0.0022268257672819346
8449      0.0021666773508487694
4677      0.001964097975995569
8091      0.005449659392877807
9588      0.0025863384145529246
10742     0.002110860040615837
1444      0.0024416361807864636
6277      0.0037235207316728795
6036      0.005172676829105849
2301      0.0026927414323819317
4480      0.002739757394386127
4998      0.0033808680062462483
1690      0.0047264670555047785
9503      0.0013583223539701931
9774      0.003814864521757488
9775      0.0015062758335123276
2063      0.0022006008758547473
758       0.0008207687902845125
12084     0.0019032467384688036
4681      0.0035678954178891284
10772     0.0017964113637306918
5799      0.001154852081993699
10633     0.002764379330967615
4069      0.0011901823503679117
8545      0.005743036982204106
4958      0.0033273622502151
5009      0.004575522972243704
232       0.001422100125874719
5016      0.0035004158448723433
9533      0.0027898086865294188
7814      0.0023197346958605237
7153      0.0017477076407545096
5112      0.0048899716491288495
3419      0.004263816786512061
7256      0.002652674746123593
7041      0.004352418085443169
2398      0.003814864521757488
9520      0.002715893177318303
8048      0.003293367226858474
3659      0.002606483075998798
6777      0.0017544808354279723
2663      0.0048899716491288495
505       0.0024093179270493273
6511      0.0021327072842176435
10111     0.0023197346958605237
3412      0.0036418109271002448
8344      0.003814864521757488
8566      0.0016768635251045967
12183     0.002871518491102053
5663      0.002816100216566395
10390     0.0027898086865294188
4138      0.0020291502360432027
9481      0.003277310958071808
4510      0.003230294996067613
9961      0.0037235207316728795
8264      0.0020896114275806444
9820      0.002458314799097434
7276      0.0048899716491288495
3250      0.0013959563291195583
12020     0.001973063692736731
6132      0.0015013518432530615
4025      0.0033273622502151
2524      0.0017477076407545096
424       0.0035004158448723433
3565      0.0009687222698266468
1754      0.0030303418542034478
9739      0.002058791775006527
2447      0.0017082656229637269
7193      0.0041793644907859254
11243     0.004037969408558024
1382      0.0034383406551237506
11388     0.0035004158448723433
3516      0.0024416361807864636
6989      0.002278619922837832
1456      0.005427525212814531
12025     0.003277310958071808
3731      0.003230294996067613
8254      0.0036418109271002448
11884     0.002981467154825268
967       0.0010250558352280694
8493      0.0052968272086030355
3935      0.002110860040615837
9862      0.0034383406551237506
2352      0.005427525212814531
25        0.003636517214664997
50        0.0036418109271002448
3573      0.0019207612354117532
1147      0.0029312037687573207
7194      0.0035004158448723433
10988     0.0009637982795673809
10415     0.003775510307630603
4155      0.0025667037997288834
1229      0.0024416361807864636
3463      0.0041793644907859254
4873      0.0017277359140535924
11167     0.004575522972243704
4146      0.002000600047857256
6675      0.0048899716491288495
8418      0.0016768635251045967
9674      0.0030303418542034478
7338      0.0048899716491288495
7734      0.005925724562373325
8082      0.003104257363414564
3857      0.002644860867022966
9824      0.000904749536042213
6458      0.0019821342740390076
7404      0.003144036639684479
10032     0.0017682073151892063
9371      0.0014269254954207566
3437      0.003185967167987198
10110     0.006680477301845803
6114      0.001777981697248415
354       0.0036418109271002448
1581      0.0023936502050716396
10848     0.001734336173982099
1980      0.0033273622502151
2284      0.0037235207316728795
10778     0.004352418085443169
4822      0.004037969408558024
7931      0.005427525212814531
9865      0.003814864521757488
5976      0.004037969408558024
9863      0.003814864521757488
7797      0.0031903074410639253
7769      0.002354295990944754
12111     0.000618869999819477
8646      0.002458314799097434
12064     0.0057240572574810125
2463      0.001810907596270298
1853      0.0048899716491288495
7132      0.0024093179270493273
5750      0.0033808680062462483
9396      0.0019040826171007829
8247      0.0016646502670147657
472       0.0019040826171007829
11220     0.0013916834485554685
10094     0.0016407860499469413
1232      0.0048899716491288495
8828      0.0023339649274163724
12196     0.001973063692736731
11989     0.0021001629625994308
4521      0.003230294996067613
7922      0.0017682073151892063
6203      0.0023803647007358234
4610      0.003144036639684479
1136      0.004037969408558024
9090      0.0020792015281864947
9113      0.002871518491102053
5099      0.0028433144425605676
6934      0.005427525212814531
5376      0.005427525212814531
10317     0.0008393575170733772
10915     0.004037969408558024
10153     0.0022652894777392732
198       0.0025288657656754227
10681     0.003814864521757488
11595     0.004037969408558024
331       0.0017277359140535924
7981      0.002239436221723875
7925      0.0036418109271002448
11927     0.0011517186399105728
9596      0.0015841531692733582
6360      0.0013263373730617964
6535      0.0010915702234774076
4439      0.004356679227265244
9875      0.004557093305761428
6871      0.001782181132174843
3179      0.0023632335277523893
2631      0.001871764363363647
6521      0.002058791775006527
4546      0.003185967167987198
8773      0.0034383406551237506
1045      0.0020689295123131174
24        0.002739757394386127
4755      0.0037235207316728795
2822      0.0018256799640667084
3790      0.0034554718281071847
9545      0.002305760878874887
5019      0.008704836170886339
11737     0.002627164991266325
4185      0.0048899716491288495
1362      0.0048899716491288495
1363      0.003185967167987198
2813      0.0019464716295200435
3001      0.002816100216566395
4130      0.003185967167987198
10237     0.001491596672357522
4073      0.0010772347716703234
3801      0.0020195162505312276
946       0.0015364949497910139
11864     0.0023197346958605237
8648      0.004557093305761428
6622      0.0033273622502151
5710      0.003293367226858474
8157      0.0017682073151892063
