t_index   tf-idf
4417      0.009997392610507224
9562      0.01120604125692261
5956      0.006817460609331014
8881      0.009897526844902787
12208     0.015072201361085407
891       0.0045867400989705745
8187      0.0021131853115547656
4049      0.001239917495227887
10420     0.004333314669744815
9913      0.0019047536999159719
6743      0.02775789008553741
8904      0.006785810343494455
6880      0.008804589538164941
7831      0.004450945393837486
11884     0.0022577709353646383
7207      0.00973421341199899
3340      0.00884802474900924
1520      0.001351931270194788
12207     0.01180885249274277
8287      0.0019700370333265225
6766      0.004907208978401521
6874      0.004747351145720322
1403      0.004450945393837486
320       0.013447249508307132
338       0.0014640800816877212
10289     0.005512425217885921
10704     0.0039056202167734285
7217      0.0009997392610507224
199       0.0019700370333265225
9264      0.0032255158574512424
6973      0.0014464062033415531
2226      0.0020653647466657185
9651      0.0039056202167734285
1147      0.003329562090272007
3312      0.0015664145857467006
5710      0.0037409445173240278
4005      0.0045867400989705745
5316      0.002361770498548554
11027     0.004713567725151728
6011      0.005688109772639897
9563      0.021579583376681172
1955      0.0038100265015915944
78        0.001911773034823693
7892      0.002135177251338524
8135      0.002754914567546754
6740      0.0015336975465975408
8309      0.022494143698187318
2737      0.009089947479108018
12245     0.0035261341247711073
3052      0.018346503020262302
6043      0.003571319509580747
9553      0.00523823972482733
7762      0.007764621454035699
4787      0.0016779442490307897
2646      0.002754914567546754
5991      0.0028937733518385428
4047      0.00574509058327885
443       0.0016725563308893291
2658      0.0016204155596217797
2603      0.003112097648795601
9588      0.0029378286250499753
5968      0.0030582426375998515
87        0.003112097648795601
5142      0.00547384401282901
11138     0.002145513626651217
2411      0.0054379071595948006
11100     0.0056235359245468295
2150      0.0018246146709430034
4111      0.001955105796721311
3712      0.0027924062626664566
324       0.001857124702249597
8822      0.0010592661688157462
8028      0.0014258709641533623
12111     0.001405952129407331
8157      0.004017022703878116
1131      0.0022724868697770045
6403      0.0020348682519385924
8751      0.005509829135093508
8259      0.005430578849944106
11770     0.002126142076031729
5839      0.020823060739776165
11835     0.0011795785445073933
5135      0.004136742635245714
4348      0.001985225717692749
2508      0.002684403195824215
8136      0.0043257049313445775
11881     0.0025583425330476545
10544     0.003690333640781327
6114      0.0030294211474415187
12012     0.0017337174206055546
10415     0.0021443060570721477
6360      0.0030131802390044866
3785      0.003649229341886007
8160      0.002172274179761059
5395      0.0018310214036911365
2243      0.004943923180219421
11784     0.0015759899177397723
9556      0.005546921952293792
6715      0.004136742635245714
6748      0.004229557017721729
4073      0.0012236338177188258
12171     0.0011257049929233594
10805     0.0019047536999159719
2213      0.011521010650088636
3281      0.004544973739554009
3643      0.001962539780669395
7771      0.0015336975465975408
4046      0.002153530454132433
8868      0.005663129584949087
3626      0.0034831538021140324
131       0.001985225717692749
4739      0.004415092690509029
10256     0.005554531690694029
6785      0.005554531690694029
6457      0.005554531690694029
5302      0.002191425409442279
704       0.0012837199568806936
6232      0.001751161988073947
6045      0.004052781813423756
6505      0.0024878311613251145
11163     0.003779559553996868
4016      0.003861525629060661
5963      0.0020349259219643073
6900      0.0012301112135937756
6570      0.007120785392161223
2686      0.003444553432072396
670       0.002008511351939058
8566      0.0038095073998319438
7494      0.002361770498548554
5436      0.0016888199658099134
3035      0.004747351145720322
487       0.002153530454132433
9628      0.004052781813423756
5         0.0029378286250499753
7561      0.002667623224290767
4283      0.002338587006092607
3148      0.004333314669744815
7441      0.02598674304722591
3034      0.005554531690694029
384       0.003161633797935344
9561      0.0081568607393922
5184      0.004450945393837486
8034      0.0012976478655073
8389      0.003976131588495968
4027      0.003076595342508761
3426      0.0027924062626664566
7407      0.003722706159270208
2357      0.002583267159085208
8743      0.002573148291144002
3993      0.0014299398945744547
11937     0.005821270277036635
5894      0.005197348609445182
992       0.0039056202167734285
10673     0.0010225557791751858
10243     0.0016477242470295497
2249      0.0013746172072181425
12064     0.0016254929331589083
4322      0.0011888352517831632
3736      0.0015856704752676525
9364      0.0024225478279145643
7888      0.0007210283740864606
8274      0.002588207151345233
3664      0.005554531690694029
5214      0.002315998028165711
8273      0.0034831538021140324
2932      0.003365523078021361
5215      0.002773460976146896
11836     0.00302210098586022
2438      0.0022724868697770045
8695      0.002773460976146896
3634      0.0015569422163075825
2918      0.002361770498548554
2261      0.001580816898967672
6727      0.0035851826218465076
3721      0.0032617654259982755
2069      0.0018977898544019884
10317     0.0019068568339192342
8940      0.0036693006040524607
5255      0.002754914567546754
1284      0.004943923180219421
1508      0.0009534284169596171
6696      0.0016254929331589083
6361      0.0012172037025271287
2339      0.000907175176024889
8316      0.004943923180219421
8768      0.002501489138320994
10426     0.002397731486297908
3761      0.0030849902217003036
7123      0.001051269848827791
10246     0.002073794685349608
6012      0.006117384187155708
6946      0.0028117679622734148
6252      0.0036693006040524607
4527      0.006165140201168635
3424      0.003976131588495968
4286      0.002749234414436285
7769      0.0013371255120984402
10604     0.0034831538021140324
8437      0.005197348609445182
106       0.003571319509580747
6896      0.006806029546282126
6203      0.001351931270194788
2729      0.004723540997097108
1514      0.00296071099910614
485       0.0015291213187999257
9791      0.001857124702249597
11170     0.002501489138320994
10522     0.0014933429244536477
6742      0.005197348609445182
3053      0.010394697218890364
212       0.002338587006092607
3873      0.005631667952551524
569       0.0018374750726286402
5186      0.0011613519245882915
2126      0.005197348609445182
10549     0.002773460976146896
2342      0.002851816761859129
2656      0.0020823060739776165
1726      0.0017871229758233012
7227      0.0013444972862467041
2613      0.0007338887757720973
6895      0.004450945393837486
11698     0.006165140201168635
2549      0.00319881566181984
341       0.0022724868697770045
10627     0.00319881566181984
9359      0.0015429219436578258
7369      0.0034831538021140324
5025      0.004943923180219421
10223     0.0018840251701356758
8449      0.002461134516177101
2738      0.0015522439551976823
707       0.0032617654259982755
9196      0.00302210098586022
3419      0.00121082018278233
11523     0.0028315647924745434
11912     0.000932313433183219
67        0.0019188487505352983
2682      0.0017932618290285504
8261      0.0014097806196572543
6847      0.0032617654259982755
426       0.0032617654259982755
12087     0.0036113387688468854
667       0.0011231089101309474
8539      0.005197348609445182
1266      0.010394697218890364
226       0.0017053895176911045
2920      0.0020909005018544006
11075     0.002397731486297908
2309      0.003779559553996868
3934      0.0030083399967725153
1572      0.00211719862997685
1648      0.0027924062626664566
922       0.0031400657714845117
1175      0.004136742635245714
9966      0.004333314669744815
7151      0.0024743817112256967
1399      0.00164090303812954
9258      0.002872545291639425
3654      0.00344217330294915
2093      0.002350102488631533
10885     0.0018056693844234427
1879      0.0014218207415244062
7237      0.004136742635245714
10354     0.0027924062626664566
9202      0.0012837199568806936
10836     0.004943923180219421
3701      0.0035261341247711073
7279      0.005554531690694029
9991      0.002984203641195014
6388      0.002220956281999936
11757     0.002315998028165711
10217     0.006165140201168635
7189      0.004450945393837486
2090      0.0024878311613251145
7426      0.0006976317295860845
2633      0.004747351145720322
9411      0.0026511569155236686
8106      0.0013784556528118642
9422      0.003779559553996868
963       0.002108345069322793
11414     0.0024878311613251145
6285      0.005197348609445182
3555      0.002684403195824215
11409     0.0025583425330476545
2639      0.0024878311613251145
6107      0.002201159451798808
9314      0.002684403195824215
11063     0.00211719862997685
8673      0.00344217330294915
11036     0.004333314669744815
927       0.002073794685349608
