t_index   tf-idf
1017      0.026774087716211287
7217      0.013690873769389059
449       0.017207176963510536
11170     0.03425650403311805
10155     0.04224722720272916
11022     0.028399466107704354
12208     0.025800678024358006
5963      0.009289059995633366
8833      0.07117480179045763
4049      0.01697998125409301
8259      0.008263195595748285
6743      0.05068385115618497
8768      0.03425650403311805
3720      0.03352514462416391
737       0.022686045778570942
3565      0.015069013086192282
8382      0.02570752130192501
11220     0.02164840919975173
11724     0.04224722720272916
7597      0.02212155751360674
1444      0.03798100725667832
7762      0.035444059044811106
1399      0.022471255494385087
2729      0.03234313488290103
8904      0.061951935173014186
6101      0.051758968336679326
11238     0.007562729252609908
3696      0.027722817611608667
8287      0.02697856270638821
6766      0.022400500243999536
2357      0.011792136198416736
8187      0.01446944942495138
8101      0.019807729395760712
1798      0.020692997028181784
