t_index   tf-idf
9766      0.013900427022904343
367       0.004732000759026745
3340      0.006919537121290537
1527      0.006465094576186642
8259      0.0037750639777530235
11770     0.0026603757448823407
5839      0.015633150677222818
320       0.008413063461415503
8640      0.0020662559326149093
11936     0.002392142401441829
9505      0.002730015969113152
9015      0.0054221424674725715
4417      0.006254713904797032
5963      0.0033949863943431593
8833      0.006503281381869224
9913      0.002383359325021762
6743      0.03704809424614536
8768      0.0062600718030063444
12045     0.0022593781891389777
10375     0.004528278208306678
7781      0.005940213489441924
10021     0.004805294628167256
9563      0.03000207164327078
7123      0.001315421409827667
5342      0.0025738788170339257
5735      0.00597000639114559
226       0.006401703291028283
12245     0.004412142445462324
3052      0.004591282227913358
9264      0.000896886248010977
2235      0.003704645996343469
11412     0.001178239274742325
10243     0.0027489951058733263
9556      0.0069406916814234495
9561      0.0034021424234520767
423       0.006988102982205904
12171     0.0014085598007898888
7128      0.0069406916814234495
1192      0.003178245457334443
2357      0.006464724413345216
2808      0.007714249033441972
6403      0.0025461676350399137
12207     0.011820841175476519
11835     0.0014759701077211797
3419      0.0015150618023139304
5351      0.0035480710880000954
5432      0.0038272467059235577
5144      0.0036760139902275073
807       0.004166177945441877
11836     0.00378146138586063
3500      0.0033379143390237257
8034      0.0016237065931347687
6588      0.0020467462151877746
11196     0.0020928179470264953
4124      0.0030312590841672085
4027      0.0038496484869462414
6766      0.01228047729112665
4990      0.005940213489441924
11617     0.012372355978924743
3888      0.0009999793142818408
1476      0.0038940714234929723
12208     0.009429689430222215
11739     0.004310063050791095
963       0.013190534507311384
11912     0.0011665749303536217
11523     0.0035430493469288064
2063      0.001563878795023678
7475      0.0013042715482733552
2613      0.0009182923006488425
3555      0.0033589105978206546
11409     0.0032011747938895775
6107      0.0027542426643066297
3281      0.005686984907614534
9314      0.0033589105978206546
7424      0.0023660003795133726
1056      0.003219700780543129
4794      0.002760760312841059
8673      0.0043070848689186056
467       0.005071120390908406
9727      0.004468681518333269
8187      0.0013220816733458113
876       0.00388454959346425
8450      0.003920012135904179
10544     0.004617600215495417
1743      0.001913342157787724
5142      0.0022830838395302045
5316      0.0029552102938691298
5186      0.0029063274051879576
8101      0.001809843295044126
5632      0.004975210337889625
835       0.006094238723040009
9202      0.0048188370970216905
2093      0.0029406104743536694
8822      0.003976280872280428
8408      0.004172234390671222
11691     0.0031829550359527155
4896      0.002299175661943958
7426      0.00174584996287279
8901      0.002649185087762911
10478     0.004122946119810455
11238     0.0006910107946547123
3785      0.009132335358120818
8287      0.00246504633865476
6874      0.005940213489441924
1403      0.005569330150157056
5347      0.0043070848689186056
11759     0.006186177989462372
10331     0.006503281381869224
2261      0.003956054473051078
8103      0.004805294628167256
10289     0.004598351323887916
6880      0.0055084551298417725
331       0.002455665258553329
4754      0.002985003195572795
6745      0.006950213511452172
1185      0.007714249033441972
6360      0.003770299131546223
7771      0.0019190682499304252
212       0.00292620150762349
3250      0.001984100366261301
7762      0.00971563039807005
6973      0.001809843295044126
2339      0.0034053606226924133
8837      0.0028840714014827244
6989      0.0016193238030319619
9562      0.0056087089742770015
4906      0.0013560003575031248
7892      0.0026716811799743457
4891      0.0022593781891389777
2211      0.004041259106177456
704       0.0016062790323405633
338       0.0018319580717564633
10967     0.0042580870130927515
6896      0.0042580870130927515
10317     0.00238599091147762
8309      0.010554834558889292
8760      0.005006780079658464
5107      0.002400996025415995
3768      0.0034244112668721403
131       0.002484051469092704
3085      0.003594326976594509
3643      0.002455665258553329
6203      0.001691629736563529
8028      0.003568296372221358
1131      0.002843492453807267
2737      0.002843492453807267
8751      0.003447139293910025
6079      0.0025738788170339257
9553      0.0032772235841876567
8160      0.0027180994178228474
5395      0.002291100385836879
2243      0.006186177989462372
11784     0.0019719873843799685
6715      0.005176177967452124
6748      0.005292313730296478
6011      0.0028469422516867703
4073      0.0015310951069425916
10805     0.002383359325021762
10385     0.002008733128970382
3701      0.008824284890924648
2452      0.004528278208306678
10033     0.0034021424234520767
1183      0.007714249033441972
11723     0.0025738788170339257
2463      0.0025738788170339257
921       0.002897936618999227
8539      0.006503281381869224
1266      0.006503281381869224
1955      0.003178245457334443
2920      0.0026162790543508107
11075     0.003000207164327078
2309      0.004729245837869177
10465     0.005292313730296478
8904      0.002830291454604709
7237      0.005176177967452124
12087     0.0022593781891389777
10354     0.003494051491102952
10836     0.006186177989462372
7279      0.006950213511452172
2729      0.0059104205877382595
6388      0.0027790138249390063
3873      0.002348910575810407
3407      0.0034021424234520767
5386      0.007714249033441972
1228      0.007714249033441972
11790     0.007714249033441972
11027     0.0019659804471233518
3860      0.0031473948470115616
635       0.002446363344628442
6022      0.0019019784462274594
4749      0.00331731055673393
9258      0.003594326976594509
5533      0.007714249033441972
3035      0.005940213489441924
487       0.0026946459743332216
2686      0.0021550315253955473
4283      0.00292620150762349
3148      0.0054221424674725715
7441      0.013006562763738449
11540     0.002730015969113152
7888      0.0009022004782350888
5         0.0036760139902275073
7561      0.0033379143390237257
5215      0.0034703458407117247
2438      0.002843492453807267
4047      0.003594326976594509
8695      0.0034703458407117247
7207      0.003321850862101179
3634      0.0019481535853797924
5710      0.0023404640190872405
8157      0.0025131880621978566
2918      0.0029552102938691298
6727      0.0029906853342983554
3721      0.00408134607872373
2069      0.0023746456807618786
8940      0.004591282227913358
5255      0.003447139293910025
384       0.001978027236525539
1284      0.006186177989462372
1508      0.00119299545573881
6696      0.002033928974739446
6361      0.0015230493029083107
8566      0.002383359325021762
4016      0.0012079518623901687
8316      0.006186177989462372
1807      0.003929067069395595
10256     0.006950213511452172
6073      0.0024745079440335496
10037     0.0024745079440335496
6461      0.005071120390908406
11115     0.0030156237828859434
2915      0.0030471193615200045
7796      0.005292313730296478
12198     0.004412142445462324
587       0.00597062142695049
955       0.006503281381869224
1560      0.0021269466874509783
243       0.006848822533744281
9220      0.002357422357555554
10345     0.0020149783029492063
8495      0.0029406104743536694
758       0.0023331498607072434
165       0.015428498066883943
3946      0.0034244112668721403
6942      0.008693809856997683
9221      0.004310063050791095
8874      0.0011072836207003927
8036      0.002392142401441829
5968      0.001913342157787724
488       0.0018963402228925408
539       0.0019540638958330477
6767      0.003795294606157009
3378      0.002455665258553329
12082     0.002730015969113152
11955     0.0042580870130927515
