t_index   tf-idf
9563      0.008649377727401479
5608      0.01076496874470104
6787      0.006678985667102819
3851      0.04447923101233372
11823     0.002928207386436297
4111      0.0023508955067892837
6727      0.005747951325431962
8299      0.015146049813540402
11196     0.002011147002752291
3888      0.0009609557312854763
8106      0.008287544351661574
8805      0.01250813690280788
9824      0.003707266391587605
2738      0.005599436121310664
7497      0.0018664787071035545
12126     0.00570840028009785
8187      0.002540976484381706
9913      0.002290350180630669
6743      0.017801157479245454
5963      0.0032624991204175725
11912     0.002242100110045498
10549     0.0033349177103424873
2366      0.0018386751467521058
963       0.0025351563882344804
7516      0.0022410736291958223
7877      0.004873223009799785
8955      0.006678985667102819
9196      0.005450838241569836
9577      0.007065119571461649
11722     0.0037757376227850353
6038      0.002959364186525148
8318      0.0037757376227850353
11140     0.0027453665043717574
7207      0.0031922176577264985
6012      0.003677890736911907
12208     0.0022654253875046054
8259      0.0014510977631557963
11770     0.00255655620361864
5839      0.005007692168151049
488       0.0036446734039983467
5255      0.0033126167848793898
2658      0.001948450904618384
7217      0.002404251003404908
12111     0.0016905717068239371
4112      0.0041390035081803195
2613      0.0017649130071007023
9551      0.005178978116523363
9596      0.004327442803868686
12171     0.0020303874201629863
5151      0.0047810557881183225
3903      0.005000401916948887
6900      0.005916534910260794
208       0.0035289940181425336
8874      0.005320362762877498
12207     0.00851965504232515
569       0.011047258668364873
11836     0.010901676483139671
2438      0.005465053789268601
5832      0.016674588551712437
7475      0.0006266865731947585
10910     0.001254559297900712
9029      0.00897826904580059
4518      0.0018441777816404574
6011      0.0027358420662550917
9264      0.003447543236256829
11679     0.007480834974712367
5198      0.003810470401113353
11716     0.006678985667102819
8768      0.009023664477016463
3546      0.003677890736911907
270       0.0043515649123727585
338       0.002640700537580658
5476      0.0063368362423507
6360      0.0018115827534502585
2210      0.002249128837854568
2814      0.0075514752455700706
523       0.007413205168722286
7904      0.003149331932121797
1617      0.003958670314938847
11955     0.008183835527602655
4049      0.0014909251832862153
5450      0.005944766165483353
10216     0.020036957001308458
12        0.020036957001308458
8822      0.0025474059572007947
11420     0.003560074445266651
11995     0.004498257675709136
5996      0.0057662518182676524
9371      0.0006496571361265233
953       0.0020709327341605992
2932      0.008093672572997713
7411      0.0024151124305023305
2475      0.004188280059615166
3692      0.0037556154876010775
8408      0.004009415487620638
7592      0.004188280059615166
847       0.004046836286498857
2609      0.005944766165483353
8876      0.0029129660467362936
4838      0.0017593921566179892
2081      0.004544689902732819
5005      0.003076250899493887
161       0.009392540326191709
487       0.005178978116523363
3981      0.003404784006560853
56        0.003846380783602881
5436      0.0020307030320592377
383       0.006678985667102819
11835     0.001418371274249134
2370      0.005351990436980196
3555      0.006455662319713844
2915      0.002928207386436297
8932      0.00213429576437
12045     0.006513621998932371
1743      0.0018386751467521058
4027      0.0018497091510449014
1648      0.0033576982621818614
8686      0.0021562880041733545
11735     0.0052105466638638865
83        0.004498257675709136
10122     0.002825854943647185
10243     0.0019812879360623613
6578      0.005887342470584882
3137      0.0023963640679016207
8382      0.004514491545703905
586       0.007331616740747659
2744      0.0026705645049413867
10933     0.0017048048886244363
9562      0.008084748789750507
4347      0.0019856215547567665
4937      0.006723571715531456
6203      0.001625614917575684
9791      0.002233079215144028
6973      0.001739215264018014
1726      0.00214890640751436
6210      0.0016951752329049424
7775      0.0034795860059912234
2800      0.007065119571461649
3776      0.002434198619555883
5759      0.0009876508512570866
10405     0.004617770935360729
7030      0.003227831159856922
5753      0.0037757376227850353
687       0.0037095126324347555
5579      0.007413205168722286
11024     0.0017194155317687956
6623      0.0035883229149003466
7267      0.006249494791357255
865       0.007413205168722286
6028      0.0023072986195461025
10578     0.002163721401934343
5395      0.0022016915902920253
7408      0.002959364186525148
8261      0.0016951752329049424
3340      0.0013299012808724252
1527      0.0020709327341605992
7907      0.0034291357648696358
5197      0.0034540605579956992
8878      0.005085784413992225
8101      0.003478430528036028
10569     0.004412110238531374
667       0.0013504699821818467
2447      0.0023332408508772856
3708      0.0023871128751768913
8325      0.00364718554835576
6009      0.0019184416785274242
5659      0.0025141803595468766
6766      0.0039337463843121135
2749      0.0025894890582616814
11412     0.001132259205484088
7123      0.002528175782790736
5290      0.007413205168722286
449       0.003021748149689655
3487      0.005351990436980196
5564      0.004873223009799785
2879      0.006678985667102819
2116      0.0037757376227850353
6020      0.0017543117879636175
1668      0.0027325268946343005
4998      0.004617770935360729
9885      0.007413205168722286
4146      0.0027325268946343005
7237      0.009948361556956766
4906      0.0013030832703810518
10885     0.0021712073329774565
1406      0.005944766165483353
3846      0.0028120082780576957
4682      0.0041390035081803195
10958     0.0033811434136478743
6102      0.0022251446849056817
10119     0.008562310239842642
6989      0.003112261358022405
5799      0.0031547178825193727
4376      0.0016391663369515076
7597      0.0019423806597313237
10118     0.003130583569521087
3730      0.001734230526188779
10071     0.002959364186525148
11066     0.0023871128751768913
5846      0.007413205168722286
2549      0.003846380783602881
2570      0.006678985667102819
199       0.002368849408365794
4088      0.0036173454107532926
8262      0.0023332408508772856
9583      0.0017851660518607908
1520      0.001625614917575684
3653      0.0016856323320194547
10353     0.0025141803595468766
12137     0.0034795860059912234
509       0.002959364186525148
5316      0.002839885014108383
7847      0.0024151124305023305
7773      0.003076250899493887
664       0.009948361556956766
5363      0.004684062795748841
11399     0.004544689902732819
7425      0.001166616428114832
2787      0.002771522273619984
2130      0.005351990436980196
2082      0.0026585953964176207
8743      0.006188107841629234
5351      0.0017048048886244363
8966      0.003677890736911907
2443      0.003187854535007728
6918      0.003560074445266651
8374      0.0041390035081803195
6212      0.005351990436980196
7175      0.0027325268946343005
6896      0.008183835527602655
8411      0.003677890736911907
3437      0.0043515649123727585
10901     0.0022172691480027585
717       0.003404784006560853
5352      0.0043515649123727585
10902     0.00247343476563748
8034      0.0015603424334026804
1649      0.0022410736291958223
3798      0.0035325597857308244
608       0.005944766165483353
12036     0.002825854943647185
78        0.002298790502848977
6138      0.002719841056376233
5299      0.0023072986195461025
8659      0.0025351563882344804
3761      0.0037095126324347555
2357      0.0010354070808365915
341       0.0027325268946343005
7797      0.002178746545116827
8536      0.0028831259091338262
4794      0.0013265116625114357
3993      0.0017194155317687956
6871      0.002434198619555883
3419      0.0014559374392968014
10628     0.007413205168722286
10017     0.006678985667102819
10493     0.004412110238531374
3790      0.0023598344191951507
8028      0.0017145228910429454
6068      0.0025894890582616814
