t_index   tf-idf
485       0.001202323461193562
10503     0.0014813786425468712
10822     0.004628688349645829
1192      0.002995762464568829
11033     0.0022753273723387585
7140      0.008646714936632145
2809      0.005449667160949079
10933     0.002229569391821432
5759      0.0019374968852411746
4073      0.003848494240098125
368       0.001568227795178037
5274      0.006682751155149007
10910     0.0008203657290897799
3137      0.0015670004271764984
6022      0.0011951826280918963
6816      0.0027173633120882745
2686      0.002708396877211629
2762      0.005002498335392861
9264      0.007326716686303389
704       0.0010093683233527624
3653      0.008817980939431917
11154     0.00253948339367451
9930      0.008053358037469904
1165      0.015490083850557822
8418      0.002995354303217143
332       0.006929901972007837
9701      0.016832528456709867
3063      0.004517272181110803
516       0.0022264137841944975
7880      0.0022423375814937013
8259      0.0018977674095498453
1942      0.002901649896180533
667       0.007947742000400342
11552     0.003260666374046332
2025      0.009202808951789172
488       0.0035749188890892873
103       0.004349666749670483
10821     0.0032611827109325577
3861      0.002255105771165971
8918      0.006350686367542605
4891      0.0014197687504318298
78        0.0015031963415758863
8060      0.0038497773731097315
7475      0.0008195900957252024
1889      0.0014813786425468712
7426      0.004388292729645163
1508      0.0014993308119971012
2801      0.0031263682187057614
2382      0.002971806794450488
11001     0.0009520484052818
8874      0.0041748301105832995
11970     0.002596825637799918
4970      0.0018263046214418747
7516      0.001465454845247667
8769      0.005434726624176549
8143      0.00897480016886781
9258      0.0022586360905554013
8212      0.002405000322382587
4782      0.002515177226917354
10243     0.00215929838858471
283       0.003977742997377618
6727      0.0018793142292082173
876       0.0012205044177232174
6646      0.0022264137841944975
5335      0.0023654092797589315
2819      0.002971806794450488
6818      0.0041437047198784474
8348      0.002515177226917354
7847      0.001579260122019068
9500      0.0025304742055958134
6681      0.0029204544759459375
3266      0.002973537957027971
3708      0.0015609510029067392
11565     0.0030195950295022313
2996      0.00493796626903306
5387      0.0028411957698686106
7887      0.004509589024727659
3774      0.004719309453075203
12176     0.007359521757977221
2281      0.0037705952878624204
9493      0.0026050961659602996
6312      0.0022586360905554013
274       0.0065421830681359795
10684     0.001345318128814838
3251      0.0012205044177232174
2613      0.0011540898451535694
297       0.0022264137841944975
9         0.004367438793480312
9284      0.0023279593661233284
11739     0.0013541984386058145
4953      0.003492604296733552
2433      0.0029204544759459375
118       0.009060114676135957
8755      0.0045600683660353535
2392      0.00842421300585315
1520      0.0031890053406987105
3993      0.00224867740996876
75        0.002800785062013277
1978      0.002384921969419237
2591      0.0034997066653299526
7868      0.01399882666131981
10145     0.003706202374002874
3935      0.0018852976439312102
4749      0.0020845619766398224
6389      0.0038873271576525914
786       0.004769843938838474
7217      0.0007860788767113335
2157      0.0019248886865548657
10958     0.0011054775116392571
11412     0.0007403927818954961
8954      0.0029271038859971493
7490      0.00261341636726023
12093     0.00103991115285073
3852      0.001988871498688809
11605     0.003325632551414374
10907     0.0016239630304724071
3073      0.0022423375814937013
6566      0.0016647191779562793
2405      0.003325632551414374
7551      0.0048475504293080335
6851      0.0038873271576525914
3244      0.0048475504293080335
2813      0.001738475458582495
5181      0.00436145537875732
9859      0.0030195950295022313
1607      0.002478350971118685
4046      0.001693286306040334
4838      0.0011504797196385576
8187      0.0008307817851646726
3449      0.0014447770507271444
9042      0.00218072768937866
5953      0.0015609510029067392
4896      0.002889554101454289
3791      0.003977742997377618
9775      0.005381272515259352
4001      0.0016108936865884011
6203      0.0010630017802329035
11016     0.0065421830681359795
1402      0.002515177226917354
10273     0.00253948339367451
4059      0.004367438793480312
571       0.002885111958210308
5764      0.0015609510029067392
11549     0.0008785700202164161
7319      0.001914776759870625
4673      0.0016647191779562793
3731      0.002885111958210308
9396      0.005101848160652816
2966      0.001857022098539772
6521      0.0018387932918718583
2150      0.0014346651240429037
448       0.0019777887874362922
4794      0.0008674159196645752
6914      0.002384921969419237
6132      0.0013409203065737074
4158      0.004584861651828308
8932      0.0013956319990298246
8255      0.0023654092797589315
7150      0.0012467871520047092
8558      0.0017230824989713613
10582     0.0023654092797589315
11238     0.0013026710674351994
6616      0.001121139370538449
9509      0.0014602272379729687
10223     0.0014813786425468712
3117      0.002110702991294
1913      0.001224198584752214
11958     0.0011741914860536656
8568      0.006651265102828748
9538      0.002023225051888346
5582      0.0014498889165568277
11852     0.0036064798545334823
1710      0.0020718523599392237
9539      0.0014867689785139854
564       0.0014602272379729687
9583      0.001167333462939273
2083      0.001812319190086433
8450      0.00246329311251395
10992     0.003301731245274305
4234      0.0036064798545334823
7635      0.002617981037486602
1580      0.0017703272622995923
8034      0.002040639227097604
3802      0.0030709262629494425
9267      0.002068513595128415
384       0.00124297086314364
1630      0.0027065254200222184
3888      0.0006283761560239956
9824      0.000808069761058436
5960      0.0048475504293080335
2069      0.001492201592057704
3873      0.004428089793633016
710       0.0028455209155866523
11897     0.001857022098539772
11399     0.002971806794450488
2769      0.0027065254200222184
7920      0.0038703008500009916
4562      0.006802464214203754
6020      0.0011471576284929556
115       0.0018663196163399697
2164      0.0015490083850557823
2625      0.0013108934209923938
10674     0.0014867689785139854
6182      0.003315515531662319
6580      0.0017155124271620126
10740     0.003074536388464454
3954      0.004655918732246657
2236      0.004391248125979468
6237      0.0030709262629494425
10902     0.0016173975341489105
5299      0.0015087598628610878
4960      0.0076591070394825
12016     0.0022423375814937013
9132      0.002035065591089633
9656      0.0024256781169031097
6403      0.0007999920639599092
10769     0.0012902156264718713
9589      0.0010630017802329035
3797      0.0019455664810753882
1349      0.0017230824989713613
219       0.002971806794450488
6859      0.00264625658287804
7076      0.008734877586960624
6388      0.001746302148366776
9090      0.001857022098539772
10848     0.0015490083850557823
4380      0.0023464312521676908
7299      0.002210847855503658
4547      0.0030195950295022313
7924      0.0020115835227950455
2339      0.0007132972277197294
9503      0.0012131746702126126
1045      0.0018478477302956075
7888      0.0011338659917850878
1161      0.0019777887874362922
580       0.001209538679311658
7342      0.0027725424617418754
7123      0.0016531930956047876
158       0.00177852445472768
9319      0.00264625658287804
1000      0.005235962074973204
5481      0.002617981037486602
9785      0.00264625658287804
12005     0.002820025778982697
2013      0.002059371757846789
11540     0.0017155124271620126
4664      0.0014003925310066385
5659      0.0016440413834357568
675       0.002035065591089633
4286      0.0010808393670790181
5493      0.0029271038859971493
8846      0.0032526540975695967
2662      0.002166144947050319
2074      0.0017952157365110374
8159      0.0010630017802329035
6138      0.00177852445472768
201       0.0035736396389156725
9550      0.0014197687504318298
1430      0.0024256781169031097
3643      0.0030862268321212496
3583      0.0014707222065715674
9541      0.0019048103335915156
11927     0.0010286482270333666
7152      0.0048475504293080335
6038      0.0019351504250004958
666       0.002971806794450488
10250     0.0015257236823918454
9065      0.0034997066653299526
9360      0.003461472439351873
515       0.0037899705596716486
329       0.0015431134160606248
633       0.00264625658287804
8276      0.00246898313451653
11178     0.0019455664810753882
241       0.0031866370558499397
5747      0.00340721552182487
11065     0.0027387477263831226
477       0.001914776759870625
2845      0.0031263682187057614
3378      0.0030862268321212496
5724      0.0023099673240026125
10712     0.0023464312521676908
5186      0.0009131523107209373
621       0.0011916396296964293
2211      0.00253948339367451
4348      0.0015609510029067392
12098     0.0027065254200222184
5308      0.002590814627121721
5436      0.0013278919348393738
116       0.0019668806143417063
587       0.0025012491676964306
3204      0.0023279593661233284
8822      0.0008328839254005788
4966      0.0009274836083606776
10673     0.0008040191373737904
967       0.0009155203632021034
7790      0.0017952157365110374
10495     0.0028455209155866523
1534      0.0027387477263831226
6880      0.001153817820923795
9266      0.0029271038859971493
8718      0.0017868198194578363
9459      0.0016577577658311595
2086      0.003732765733397318
10345     0.0025323810250781095
10611     0.0023099673240026125
8686      0.0014100128894913484
2744      0.001746302148366776
11724     0.0024256781169031097
7430      0.0019668806143417063
457       0.0017703272622995923
11017     0.0029271038859971493
10089     0.0028455209155866523
5434      0.00218072768937866
7709      0.006292527509929895
1900      0.0020845619766398224
5435      0.0018757436348575461
10820     0.0027065254200222184
8309      0.002210847855503658
8566      0.0014976771516085714
4787      0.001319340533926921
2549      0.002515177226917354
560       0.004367438793480312
10099     0.0015854723132208608
167       0.002166144947050319
927       0.0016305913554662788
4129      0.00253948339367451
2651      0.0018210319424014285
4417      0.0007860788767113335
8104      0.0017006160535509385
2658      0.001274106652142803
7488      0.000957067664028508
2235      0.0023279593661233284
2357      0.0006770604515837361
3301      0.0030709262629494425
569       0.0014447770507271444
6360      0.0011846075421285583
12084     0.000849934747641571
9370      0.0016508656226371524
9175      0.002590814627121721
11420     0.0023279593661233284
28        0.0017080241955697002
6150      0.0016788554783251871
2707      0.00246898313451653
1438      0.0036064798545334823
1902      0.00218072768937866
10049     0.0027065254200222184
163       0.003732765733397318
11898     0.003325632551414374
4906      0.0008520959184309907
7317      0.0019351504250004958
9162      0.0019668806143417063
2079      0.0017006160535509385
5646      0.0022753273723387585
7097      0.0013236030376929924
6453      0.0023099673240026125
9610      0.003732765733397318
2596      0.004367438793480312
736       0.003325632551414374
6576      0.0032526540975695967
4930      0.002035065591089633
4819      0.0048475504293080335
902       0.001829855688174891
5460      0.004367438793480312
5560      0.004367438793480312
7199      0.0018037146735207137
4982      0.002035065591089633
12140     0.0020001344245061726
10096     0.00340721552182487
6713      0.0028080710019510497
2621      0.0034997066653299526
7985      0.0032526540975695967
