t_index   tf-idf
5965      0.0015132140154351674
12082     0.001948598354765547
11022     0.011112834563884313
6182      0.0018829965927103932
12177     0.001682652914632044
4518      0.008218618374702039
8410      0.002913134701118025
1889      0.006730611658528176
8918      0.005770841090506107
667       0.004012265889090994
2025      0.002090638120569497
3736      0.0014161875802662187
5759      0.0014671624964326287
6020      0.0013030214367121071
9849      0.002940316719429216
9267      0.0023495616379447756
5387      0.0053787130063635835
6210      0.002518195092358791
1650      0.003232140605204404
5764      0.0035460734739946576
10881     0.0029590494493788185
4664      0.007953316276640964
6535      0.0066443404907320465
9600      0.002336820428804061
7227      0.00240158392072328
2362      0.0026039024055220556
2613      0.0013108955306363912
337       0.002987573446117534
8287      0.001759471480851405
10578     0.00482133573257109
3385      0.001800889747082391
11927     0.004673640857608122
7148      0.006629729258881893
7217      0.0026786492157500333
2316      0.0029428274840676075
417       0.010289598279879885
6835      0.01192563086501022
5969      0.0022848965014356766
8491      0.0012844209163531638
10822     0.018401551781336546
5023      0.0036196040471338986
2339      0.003240850447683118
8418      0.001701165895033649
10958     0.0031391956512582166
5330      0.01808009844235348
7426      0.003738396116151518
10772     0.003644892622062273
5299      0.008568772047227374
5569      0.0018597407508531975
8034      0.0023178999916489093
6900      0.0021972638706584473
6204      0.002221921671255945
5259      0.002978007880297938
12176     0.005971040556743941
4417      0.0053572984315000665
8143      0.0029126292473499573
283       0.004518197208977838
8755      0.001726547624096719
9399      0.0020585582104786114
488       0.0013535471880790962
103       0.003293769386525837
10821     0.0074085563759228755
2801      0.0035511465092907834
2382      0.003375584891522565
3861      0.0038422590177202816
4891      0.0016126721132622413
78        0.0017074349749421752
9396      0.0019316780173486204
1970      0.002913134701118025
2155      0.002412760766446016
5588      0.002804442799532363
4029      0.0031108601892069166
3653      0.001252009521970972
1617      0.005880633438858432
2813      0.0019746813632812036
6655      0.003375584891522565
8329      0.003375584891522565
6410      0.003375584891522565
2146      0.002644258193042259
8932      0.0015852559119414857
9738      0.0024770222123920646
9371      0.00337774634181725
10101     0.0023533540392787922
11851     0.001815194966006365
10988     0.000977766370575604
1192      0.003402795408124377
208       0.0039317596397783665
10032     0.008969167540814815
6696      0.0014517536522596771
2579      0.0018597407508531975
2357      0.0007690523607663089
12171     0.0030161552256044357
6150      0.0019069608422280658
7123      0.0009389058613625016
8259      0.001077808121184559
11739     0.0015381927916772566
11970     0.0014748276040765838
4970      0.0010372219181558472
10317     0.0017030442375401856
10243     0.001962145057453063
2762      0.0014205464023058533
9073      0.0035511465092907834
4115      0.0034298660932932956
7475      0.0009309474456878658
5799      0.007029534412135559
3888      0.0007137533511359516
7541      0.002020171799120028
1061      0.003985126328106952
5897      0.003931781194698595
9550      0.0016126721132622413
11084     0.00232525228895588
11085     0.0034298660932932956
3583      0.0033410971866680173
12181     0.001489003940148969
5395      0.004905943217498534
9488      0.0014472189690100316
3319      0.002804442799532363
5423      0.0021864224754889507
5556      0.006221720378413833
6215      0.0030058023142473388
633       0.0030058023142473388
4827      0.004415496608420606
1121      0.0025655159941634724
6453      0.002623821579981228
844       0.0037774848002478487
6026      0.0035511465092907834
5963      0.0018174247817543544
11912     0.0008326639901437083
5753      0.002804442799532363
10910     0.0009318284640204564
5434      0.0024770222123920646
10008     0.0019069608422280658
4629      0.0037774848002478487
10503     0.001682652914632044
5435      0.00213060010698493
338       0.0006537966306812016
1694      0.007017533109619221
8889      0.0020886293369631434
11864     0.0023533540392787922
5905      0.003277110865575839
7635      0.002973684982797282
6954      0.003189602388085703
3643      0.0017527755649819055
423       0.002493942549808991
8686      0.0016015907277374553
11723     0.0018371526338974036
6681      0.0016586276779149481
3266      0.0016887756332033856
5075      0.0019151139241604508
12111     0.0012556782605032866
4937      0.0012484893131195186
8942      0.005713826526366599
4397      0.006571982779048766
1520      0.001207431369938461
3378      0.0017527755649819055
186       0.002221921671255945
11238     0.0004932214729962983
3565      0.0029482851690376204
10901     0.0016468846932629186
2447      0.0017330230957603027
9264      0.00032008440372855525
9859      0.0034298660932932956
2493      0.0037774848002478487
11863     0.0025836168777079193
5587      0.001759471480851405
4049      0.0022147801635773487
2920      0.003734833142805143
5486      0.004678355406412814
12080     0.02202473999402998
1430      0.0027552539480040755
6114      0.0036074990958663493
10237     0.0015132140154351674
946       0.0015587629925416084
7904      0.004678355406412814
10907     0.00368922036270362
5990      0.004096490704334228
8028      0.001273468089361608
10684     0.004584317754167953
449       0.0011222071932724263
7557      0.0034881716791110512
2210      0.0016705485933340087
8159      0.002414862739876922
105       0.0019658905973492977
953       0.00461457837503177
3597      0.007811707216566167
5402      0.0029428274840676075
6009      0.0014249295076018912
201       0.00202959425144939
11389     0.003277110865575839
2649      0.0038701524133771623
7207      0.0007903437437607877
12191     0.0019571969689402965
1879      0.0012698507709629208
12093     0.00236240685810655
11075     0.004282904430235031
1682      0.003181326510656385
8584      0.002623821579981228
346       0.0019400927004025398
10902     0.0018371526338974036
9249      0.004239934990652389
5038      0.0038701524133771623
7490      0.008905500338435674
8651      0.00211989565116877
8359      0.005506184998507495
9202      0.0011465107585909094
1508      0.0008515221187700928
3724      0.002830240696479121
3908      0.0025655159941634724
2654      0.005506184998507495
10882     0.0012380222137373452
7165      0.001299265986308366
5710      0.0016705485933340087
7488      0.0010871040314236857
6753      0.002644258193042259
8485      0.005506184998507495
5209      0.0019069608422280658
7525      0.003479104612784465
2134      0.0037774848002478487
758       0.0008326639901437083
10035     0.0034298660932932956
6989      0.004623286799960819
10119     0.00423979130233754
6233      0.003329131115834374
6882      0.005319110210991986
8769      0.004629855425759098
11412     0.001681979254523464
2235      0.002644258193042259
7402      0.002493942549808991
3951      0.00397521028833674
3449      0.003282156560891013
10345     0.002876454533920244
4468      0.0019069608422280658
11080     0.0024604581192038946
3524      0.00211989565116877
6232      0.0015639906886240143
6166      0.0012698507709629208
3730      0.0012881060067706511
368       0.0017813022238707052
6682      0.002973684982797282
11978     0.0021864224754889507
8272      0.005131031988326945
2783      0.004641834899377671
1955      0.0011342651360414589
12084     0.0028962450368003535
8801      0.002584475113145655
4139      0.006379204776171406
9583      0.001325938553012544
539       0.0013947485053590958
4838      0.0013067948989372747
10744     0.0036945907956089444
2919      0.0026039024055220556
8808      0.004096490704334228
7975      0.0030058023142473388
8702      0.004960840803464051
9352      0.0034298660932932956
6403      0.0009086866378675056
11240     0.0030392867448524354
2088      0.001786839992196952
5339      0.004096490704334228
8655      0.00184461018135181
3640      0.0031108601892069166
7769      0.0023884162226975765
7878      0.00397521028833674
2063      0.0011162468210857413
10122     0.002098913997998815
4677      0.001992563164053476
2883      0.004040343598240056
7281      0.005506184998507495
4502      0.004960840803464051
1454      0.0019658905973492977
11074     0.0024770222123920646
731       0.0036945907956089444
7240      0.0036945907956089444
4322      0.003185303147440758
10030     0.004888471156331969
884       0.002547003013761867
10385     0.0014337696608955263
6079      0.0018371526338974036
7430      0.0044682396564936595
8931      0.0034298660932932956
4550      0.0036196040471338986
2957      0.00795042057667348
8274      0.0023115690681398547
8712      0.007239208094267797
7888      0.002575847742207428
4555      0.002584475113145655
5005      0.0022848965014356766
9029      0.0013337283727457396
11722     0.002804442799532363
7797      0.0016182718903947446
7922      0.001793833508162963
774       0.002623821579981228
12003     0.002913134701118025
10637     0.0038701524133771623
2737      0.00202959425144939
4376      0.0036524902073375985
7837      0.002493942549808991
7553      0.0030742598520904544
11460     0.004960840803464051
11835     0.0010535004029749002
10485     0.002163616085438189
212       0.0020886293369631434
3073      0.002547003013761867
6203      0.001207431369938461
3261      0.002731766670532395
6727      0.0010673279182187973
8718      0.00202959425144939
9459      0.0018829965927103932
1534      0.0031108601892069166
1306      0.004239934990652389
2108      0.004415496608420606
6521      0.0020886293369631434
11336     0.004239934990652389
7140      0.0012276925419538846
6151      0.002884521898249851
4073      0.001092846869810473
4966      0.0010535004029749002
564       0.0016586276779149481
10223     0.001682652914632044
8648      0.0023115690681398547
9721      0.0031108601892069166
10581     0.0034881716791110512
11197     0.004415496608420606
485       0.0013656826271166004
3063      0.0025655159941634724
4158      0.0026039024055220556
1686      0.0020108608577207327
10848     0.001759471480851405
