t_index   tf-idf
1171      0.015942838956509525
3903      0.004745751819326489
9267      0.02701995883636492
5759      0.0028120614514958713
667       0.003845088143712202
7140      0.009412309488313115
9701      0.010470233474560602
12176     0.004577797760170354
587       0.01633628362651731
4137      0.009791116222572309
3565      0.0037672532715480704
4316      0.02583486603588657
11884     0.003864864830329051
758       0.003191878628884215
11412     0.006447587142339945
10243     0.003760778026785037
6108      0.009560113107601133
8554      0.011057333943291095
3797      0.008471320719682419
232       0.016591168135205055
4016      0.0099152715371193
4930      0.008861014761202777
4536      0.007891139806834677
9802      0.012226809154328527
11098     0.011167016354285762
1622      0.025490196340558505
3155      0.012389872319950215
3908      0.019668955955253285
5546      0.012226809154328527
9553      0.008966847862291226
4760      0.015238306105290835
876       0.015942838956509525
11937     0.006643255200414493
3940      0.01056180680068229
4620      0.006593812553727355
10201     0.008293861660846391
3163      0.0115222422046148
1150      0.009560113107601133
10343     0.008471320719682419
10721     0.013612728285614668
1690      0.009190352607925958
10674     0.019420919781838932
5933      0.023849928117253026
8769      0.011831852754717695
6580      0.022408881079803787
1682      0.012195084957516143
11108     0.009021190483902037
3125      0.0115222422046148
2711      0.01139912576738958
9359      0.005282364709884084
9264      0.003680970642878385
1567      0.010849256003169962
10989     0.011924964058626513
11970     0.011307011631253808
10145     0.005379140945601393
8583      0.012072111968834415
11238     0.001890682313152477
8708      0.012853760650962505
3736      0.010857438115374343
6696      0.005565055666995429
5968      0.005235116737280301
3946      0.00936956971630294
1607      0.00539557659337297
12113     0.00721815360538984
1978      0.01038434774184626
2591      0.015238306105290835
7868      0.015238306105290835
786       0.01038434774184626
3935      0.008208900157950477
3970      0.009694176685346874
672       0.008564126008279513
3634      0.005330364671108598
6684      0.012226809154328527
6727      0.004091423686505389
3694      0.00962640003750551
5274      0.011639124928551188
3266      0.006473639927279644
187       0.00936956971630294
2357      0.002948034049604184
3049      0.012072111968834415
9371      0.0036994364696093687
2877      0.005250783961615191
3653      0.004799369834222058
11552     0.004732494945664468
2025      0.0040070563977582015
8755      0.006618432559037422
12177     0.006450169506089501
8143      0.0055825393907540845
118       0.005635607045572664
9596      0.006160595658285282
1110      0.006958247369691065
11033     0.009907154600391677
4896      0.006290800075041108
3791      0.01731975596774838
4838      0.0050093804459262195
11989     0.008167300410108897
11875     0.013875148847346612
7426      0.0023884197408745806
10503     0.006450169506089501
1195      0.008913467107664207
1121      0.009834477977626642
9930      0.0050093804459262195
1165      0.006744640676597052
7227      0.004603035848052953
2809      0.004745751819326489
