t_index   tf-idf
7140      0.010022664028510894
443       0.0018761553381761984
4137      0.007218024245991873
7256      0.002534979279572034
9267      0.002213238949053782
5759      0.0009213580182375551
1110      0.009119341262666789
2809      0.003109844195599611
10933     0.005566314027704359
3037      0.002760726544881253
10119     0.0013312655283790227
2613      0.0024696734911648054
9471      0.0030173313368978684
4673      0.008312232618942103
932       0.003402380147499116
6816      0.003876648001545729
2433      0.0041663821533972755
6607      0.0008278273698752933
1970      0.0036588176450902156
3653      0.005503714212623248
1649      0.0010453244459275167
10786     0.001305255422623045
10317     0.0005347442657122767
12113     0.002364992307568002
2637      0.0016271482682103401
11005     0.0025854929059936143
2025      0.010503137588663137
7572      0.002572540237534122
4549      0.0018480554848752208
6817      0.0014778742089668867
10049     0.0038611864353900586
3346      0.0022730619272103665
3497      0.0012400729380332473
12111     0.0011828232078460994
6361      0.0013653729814468133
12107     0.0014348838097753055
667       0.010078592813552802
6727      0.0006702673616118044
9824      0.0023056188404261173
1192      0.00284921208234305
232       0.0009060023555060781
4016      0.0010828965501290704
867       0.001701190073749558
9360      0.0012345524570384666
515       0.0013517130494392056
7924      0.002869767619550611
3036      0.001953577729740862
7490      0.003728355090494116
10579     0.0018674335728146752
4966      0.0006615838708101761
1121      0.0016111090202255251
4001      0.0011490675102285865
4896      0.003091724268962183
8143      0.0036581828089583077
9775      0.0038385186200996743
9904      0.0018294088225451078
5954      0.0017302618649581907
3888      0.0004482273604403245
8874      0.003970600651248735
12036     0.002636178673254484
9264      0.0034171468084058733
11662     0.013220744971023242
11238     0.0024778908131418125
6616      0.003998602874446005
9930      0.0041032467816460505
1165      0.006629544419317239
3650      0.0031989662425405017
3165      0.001908630583798116
332       0.001647724132138382
10237     0.0009502777434814702
8755      0.0021684966746334214
10345     0.004515935445745092
10071     0.0013803632724406266
10971     0.0014431878356473186
516       0.0015881245081796926
7880      0.0015994831212702509
3429      0.001794102527050263
118       0.007385915035835845
3982      0.0015770211665538036
8709      0.004635402326964334
3312      0.0052712791179052795
12098     0.0019305932176950293
5021      0.0018674335728146752
944       0.0038511468524308327
3255      0.002662621291058155
11074     0.001555536133379317
4518      0.007741770209616937
8918      0.0018120047110121561
3573      0.0012236931647674424
488       0.0076500824008839015
10822     0.0033016923722729635
10901     0.001034221104301628
7426      0.0035214925872280507
9729      0.0011975453753241094
8410      0.0018294088225451078
11549     0.0025067731634843817
12082     0.0012236931647674424
10821     0.004652472263378188
5423      0.0068652173291803235
1889      0.0021133661180361505
2339      0.0030528147561793193
11649     0.0024963777919930377
368       0.0011186334784717056
5387      0.00202665500308034
8325      0.005103570221248675
3885      0.00174546546172495
6009      0.001789672555622853
3736      0.00444673233394171
9543      0.0010683089579733493
2686      0.0009659640739543181
11412     0.0015843900144999184
10243     0.0012322003091172818
8685      0.002105735533263482
11476     0.002915008947049459
11851     0.003419752973500046
8159      0.0037912520830832223
11859     0.0013116307099017691
5963      0.0003804393172273051
6900      0.0006899258569985567
5893      0.0015661618742827794
2813      0.003720218814099742
6623      0.0016737342378943594
10101     0.0029557484179337733
2357      0.00048295438355290386
3634      0.0008732338027754701
8491      0.0024197964021397487
2919      0.0016352151625121441
10943     0.0023454242261984515
1693      0.0016872714657666097
8028      0.0007997205748892009
7475      0.0002923111433559169
5330      0.0011354054994515495
10067     0.0012183517299456223
513       0.004280151140496144
12093     0.001483559255602748
3449      0.0010305747563207276
4412      0.0010378945629252894
8450      0.0017570930393017597
9678      0.002915008947049459
1913      0.0034929352111018803
2787      0.005170985811987229
10503     0.0010566830590180753
3660      0.006862048701405605
11084     0.0014602266934057402
8865      0.002372208884797284
7650      0.002915008947049459
3565      0.001234321891019163
3668      0.001953577729740862
11867     0.0011874618027060148
6659      0.0027728715902709607
2973      0.002372208884797284
1607      0.0017678339691597443
6161      0.0009441400507775952
3096      0.0022798353156666972
5107      0.0032286431195013726
10582     0.0016872714657666097
3797      0.0013877931554428537
8534      0.0037752056370068967
12176     0.0022498391722338947
876       0.000870598714348643
7797      0.002032505309437768
2146      0.0016605580461425788
3583      0.0020981634209792325
10544     0.0006899258569985567
11958     0.0016751264203769016
8356      0.0020030267556579158
10443     0.003115340299786298
9505      0.0012236931647674424
8408      0.0009350741467147108
2673      0.002915008947049459
7552      0.0017000183113075338
6201      0.0017302618649581907
6166      0.0007974489483180117
9527      0.0016230150881187731
3625      0.0015994831212702509
10645     0.0024304028807556237
1229      0.001555536133379317
9676      0.002662621291058155
7465      0.002372208884797284
799       0.002662621291058155
9371      0.0006060510257380535
7972      0.0014186830826824611
1508      0.0010694885314245534
6859      0.0018876028185034483
569       0.0010305747563207276
1340      0.004406914990341081
3378      0.0044028765045279255
9312      0.004640305163085636
12177     0.005283415295090376
1560      0.000953375420768698
6721      0.002046723624061207
7322      0.001305255422623045
5332      0.0015349465746844406
10673     0.0005735153573758437
4956      0.0017773525192906422
2249      0.001541948312078599
75        0.000998914808806783
7217      0.0005607183796336816
5968      0.0017152600913955935
8277      0.0018294088225451078
11420     0.0016605580461425788
7525      0.0010924151002599685
956       0.002372208884797284
3643      0.003302157378395945
7005      0.002915008947049459
11606     0.0018876028185034483
10860     0.001794102527050263
384       0.0008866242675666238
9701      0.006861040365582374
8942      0.001794102527050263
3569      0.0012627931666232587
4268      0.002087934171240287
10408     0.0018876028185034483
11936     0.0010722458545711952
835       0.0013658305215459405
11912     0.0010458032367675245
2169      0.001647724132138382
5434      0.003111072266758634
7709      0.0014961754830208737
11881     0.0014348838097753055
423       0.0015661618742827794
102       0.002184830200519937
2918      0.002649267021124999
5435      0.0013379877804956556
3661      0.0018294088225451078
11989     0.0013379877804956556
9509      0.0020831910766986378
758       0.0010458032367675245
8104      0.00121306742386398
338       0.0012317260755495675
11917     0.0021905241943905576
5186      0.0013027224091513713
10637     0.0024304028807556237
5402      0.0036961109697504417
3243      0.0020297401752819464
10401     0.001257014411754914
9399      0.0012927464529968072
5587      0.0011049240698862064
3965      0.002230071528018785
3430      0.0015661618742827794
11075     0.0013448027562512727
9314      0.0015055867753598839
5382      0.002662621291058155
5877      0.0021198212288059794
11937     0.001088314845119098
10100     0.003907155459481724
7339      0.0012805463786034362
8686      0.0010057771122992892
4957      0.0021198212288059794
6681      0.0010415955383493189
3266      0.001060528042694276
11927     0.001467491327303574
8034      0.0021834143266044334
628       0.0018114403729623638
8889      0.0013116307099017691
10472     0.0020579808848667385
386       0.0017773525192906422
10958     0.0007885488052307328
3846      0.0013116307099017691
1349      0.001229092977081961
8769      0.0009691620003864323
10497     0.002087934171240287
7340      0.0020030267556579158
587       0.0017841674950462593
11984     0.0010566830590180753
6311      0.0006463281093483487
12171     0.0003156840509165052
149       0.0013877931554428537
3776      0.0011354054994515495
11991     0.002372208884797284
1527      0.0009659640739543181
10321     0.0021539090824777007
2836      0.004239642457611959
967       0.0006530503614649816
10923     0.0018876028185034483
11827     0.0013379877804956556
9738      0.001555536133379317
2612      0.0018876028185034483
662       0.0021905241943905576
2880      0.003115340299786298
4286      0.0007709741560392995
2372      0.002572540237534122
2561      0.007702293704861665
1399      0.0009203244571079218
1630      0.0019305932176950293
2135      0.001977683872027481
10145     0.0026436733657563163
10194     0.0015994831212702509
2441      0.0016352151625121441
6000      0.0018876028185034483
6150      0.002395090750648219
6914      0.008505950368747791
8091      0.0034719104209460427
1342      0.0021539090824777007
1728      0.0020297401752819464
5284      0.0020297401752819464
4562      0.00363920227159194
5727      0.0014107776674886863
737       0.0018582426576303844
8274      0.001451633817534926
7976      0.0018674335728146752
4999      0.0013116307099017691
11737     0.0016737342378943594
2614      0.002915008947049459
2376      0.0013730434658360646
5953      0.0022268857311092726
11970     0.0009261716011948512
10724     0.002915008947049459
10812     0.002230071528018785
3203      0.00892028611207514
3940      0.0017302618649581907
9429      0.0016737342378943594
3935      0.0026896055125025455
4749      0.0014869401130297708
7920      0.002760726544881253
786       0.001701190073749558
10484     0.00174546546172495
2579      0.0023357836051671557
4376      0.0007645713289534904
1241      0.0018114403729623638
2675      0.0014869401130297708
11872     0.004471031935561613
9836      0.0034909309234499
110       0.0011049240698862064
3556      0.0018876028185034483
3433      0.0029738802260595417
9132      0.002903267635069852
2098      0.006642232184570315
6132      0.0009564926418904601
2069      0.0010644031834131744
7643      0.001794102527050263
2656      0.0011678918025835778
670       0.0011265029539316899
6973      0.0008112380639901998
2463      0.0011537067735055368
4146      0.001274557482138866
1066      0.002662621291058155
4295      0.002572540237534122
1454      0.0012345524570384666
10919     0.001358721364234221
10740     0.002193099335116283
4255      0.0012345524570384666
28        0.006091758649728112
9931      0.0037348671456293504
3921      0.0021905241943905576
8046      0.0040060535113158316
1008      0.0018294088225451078
4233      0.002087934171240287
8313      0.00174546546172495
5299      0.001076214373167124
6249      0.0036961109697504417
9460      0.0024304028807556237
477       0.0013658305215459405
2625      0.0009350741467147108
78        0.0021444917091423903
7153      0.0011134428655546363
9851      0.0017155121753514014
10415     0.0012026653994727744
8920      0.001229092977081961
2111      0.003115340299786298
8822      0.00178231474821216
6403      0.0011412856066049216
2659      0.003176249016359385
9892      0.0016872714657666097
780       0.0021539090824777007
741       0.0027728715902709607
10390     0.0017773525192906422
7488      0.0006826864907234066
8966      0.0017155121753514014
10501     0.00121306742386398
6535      0.0006954258534099525
2063      0.0007009877647773939
7905      0.002662621291058155
1955      0.0007123030205857625
6020      0.0008182796735666474
9600      0.0022012369909553612
4839      0.0015994831212702509
11001     0.0006791062003545945
10583     0.0021905241943905576
6233      0.0010453244459275167
5351      0.0007951877182434799
3954      0.0033211160922851576
2116      0.0017611517921977979
9791      0.0010415955383493189
6210      0.0007906960699556614
5073      0.0035223035843955958
11240     0.001908630583798116
10800     0.001647724132138382
8424      0.002320152581542818
10784     0.0021905241943905576
8859      0.003154042333107607
11062     0.0020297401752819464
7913      0.0021198212288059794
11220     0.0008866242675666238
5436      0.0009471993664895191
3774      0.0011221111213796557
1860      0.0018876028185034483
11863     0.0008112380639901998
3554      0.001524964863299338
5965      0.0009502777434814702
3289      0.0015349465746844406
5119      0.002915008947049459
2428      0.002572540237534122
7425      0.0005441555580512869
8825      0.001647724132138382
621       0.0008500091556537669
630       0.004115961769733477
8259      0.00033842439299992973
297       0.0015881245081796926
14        0.0016352151625121441
9284      0.0033211160922851576
69        0.0034909309234499
103       0.001034221104301628
11300     0.0018294088225451078
4978      0.001076214373167124
8048      0.0010490817104896162
7769      0.0007499463907446315
105       0.0012345524570384666
580       0.0017255534742398398
3464      0.0024304028807556237
622       0.0022730619272103665
167       0.0015451341089881112
6108      0.0031323237485655587
5302      0.001229092977081961
6114      0.0005663650457674132
7146      0.003115340299786298
3228      0.0018294088225451078
1363      0.0020297401752819464
2790      0.001701190073749558
10446     0.0017302618649581907
1525      0.0024963777919930377
11402     0.0018876028185034483
8871      0.001977683872027481
485       0.0008576300456977967
86        0.003115340299786298
5799      0.0007357419407468389
505       0.003069893149368881
3663      0.0021539090824777007
6033      0.0007317574198866903
3715      0.002087934171240287
5764      0.0022268857311092726
1917      0.002937943326894054
5254      0.0020579808848667385
7597      0.0018120047110121561
9747      0.0008679776052365107
7408      0.0013803632724406266
7424      0.001060528042694276
9859      0.0021539090824777007
11657     0.0020297401752819464
8803      0.002572540237534122
7887      0.0010722458545711952
3461      0.0013803632724406266
7150      0.000889346466788342
4158      0.0032704303250242883
2774      0.0027728715902709607
6182      0.001182496153784001
3301      0.0021905241943905576
6777      0.0011177579838904032
1867      0.0020030267556579158
5395      0.001026955121751684
2670      0.002372208884797284
4235      0.0020579808848667385
8760      0.0011221111213796557
449       0.0007047307971403632
3993      0.0008020026939990969
6956      0.0020030267556579158
9175      0.0018480554848752208
2907      0.005545743180541921
1880      0.0013379877804956556
10223     0.0010566830590180753
3502      0.0024963777919930377
6871      0.0011354054994515495
9295      0.0024304028807556237
5790      0.0014869401130297708
5075      0.0012026653994727744
