t_index   tf-idf
3903      0.015531551408704875
9267      0.02947631873057991
5759      0.00920311020489558
667       0.012583924833967208
2809      0.015531551408704875
11552     0.015488165276720077
2025      0.01311400275629957
4906      0.01214236683764162
6727      0.013390113883108548
11108     0.02952389612913394
8036      0.02142054786745638
1361      0.022158093862482242
3908      0.03218556429041447
3155      0.040548673047109796
1622      0.041711230375459374
4316      0.028183490220967167
10674     0.021186457943824292
12180     0.027575893556257065
4930      0.02899968467302727
4536      0.02582554845873167
8837      0.02582554845873167
4656      0.055394411996549424
3125      0.03770915630601207
232       0.018099456147496425
4016      0.010816659858675602
876       0.01739218795255585
9729      0.023923690566133915
6614      0.02899968467302727
9583      0.01663450184688464
1955      0.01422987170670194
3730      0.01615987535766817
6607      0.01653773313909961
8888      0.029346047549316745
8303      0.055394411996549424
10988     0.012266523558130304
8319      0.03770915630601207
1171      0.01739218795255585
11238     0.006187687570317198
8708      0.02103342651975683
9701      0.017133109322008257
786       0.033985138064224124
8959      0.015189687656918202
5968      0.017133109322008257
