t_index   tf-idf
9818      0.014920851849350068
10010     0.020655543456340464
1690      0.022430691110870135
10519     0.014061041334445178
10132     0.023206645114509795
2613      0.006132324855180406
7140      0.011486208189127869
944       0.007171945091709114
8828      0.011076443723331938
3721      0.01362754538150127
9267      0.016486754544222663
11552     0.0057752480692854526
2025      0.009779934258935271
7475      0.002177470296693652
10424     0.02349494246442023
5587      0.008230747944321827
827       0.016932385034050104
1360      0.009966875076743062
9845      0.011587425942715422
1975      0.020655543456340464
368       0.004166435710070463
3908      0.012001396854052854
7430      0.010451136823663136
1824      0.018595898975948138
758       0.003895173919994297
10742     0.010017640870719227
9600      0.010931566751693574
5015      0.00813756672142807
7888      0.0030124321052934326
4255      0.018392739148081563
2071      0.018595898975948138
2625      0.006965509957307041
171       0.019163244650783843
2877      0.006407736359937182
11579     0.019163244650783843
11081     0.015790871695936067
3569      0.009406738927642749
2819      0.015790871695936067
9583      0.006202695603923087
2357      0.0035976008740932416
10387     0.01362754538150127
8908      0.01267242436293103
2082      0.009237492479078173
7644      0.01391079754664491
8255      0.012568742528888559
8187      0.004414408299137709
9552      0.014381283375880769
3398      0.011587425942715422
3001      0.013364543400654077
5963      0.0028339505071423832
7256      0.006294482448428864
11927     0.005465783375846787
10903     0.007171945091709114
7317      0.02056507316059849
11873     0.023206645114509795
1542      0.020655543456340464
11694     0.014217680365750374
4930      0.010813441742484746
198       0.012001396854052854
6403      0.004250805289007314
10237     0.007078763868815359
7135      0.008525342065162604
1581      0.011359695888475579
3888      0.0033389139815851294
11057     0.011666578707581043
3228      0.01362754538150127
3634      0.006504851802030832
4906      0.009055324421292053
1845      0.010567986692185453
10988     0.009147915873859887
7769      0.005586465063258738
3935      0.010017640870719227
11912     0.003895173919994297
6458      0.009406738927642749
442       0.015790871695936067
2491      0.018104441798171132
11504     0.021714346308953174
10253     0.01511984418705789
4907      0.05748973395235153
1355      0.023206645114509795
1668      0.009494373108475113
4937      0.005840390685101477
338       0.0030584384757290106
8830      0.01362754538150127
4534      0.014552498512222185
8450      0.006544427040450198
7123      0.004392169792136448
11402     0.014061041334445178
346       0.00907568788662883
10673     0.004272203382486158
9047      0.010877451385624117
11015     0.012090086969969504
449       0.005249647209206605
9399      0.00962986552698469
5274      0.007101838939454963
8959      0.0056639513296983125
8143      0.006812590442954137
4978      0.00801688503401612
11147     0.01661214299261451
1168      0.014061041334445178
3770      0.02575774677267913
7148      0.010337882912154818
7217      0.004176876743203442
11729     0.010627832916655679
