t_index   tf-idf
10848     0.009810386438686623
5587      0.009810386438686623
4397      0.007328756553605897
191       0.012456910557497475
11027     0.007824205011783845
10353     0.010412262095093126
5387      0.005998079958611512
6210      0.00702042268172754
7207      0.004406765116726817
1970      0.01624293287896111
5926      0.013284224743185335
9459      0.020998265033861357
3321      0.009962986623158763
2613      0.0036546178429863034
485       0.007614715254225893
10822     0.007328756553605897
1192      0.018973162275602588
11552     0.00688362901187559
2025      0.011656891338932952
9543      0.009485288626854285
7426      0.006948130155271509
9371      0.008071497751874986
3037      0.012255952691669807
12176     0.006658614923884153
8957      0.01658054657074848
3583      0.009314573974953262
3957      0.014743742652114415
2561      0.008548378998198743
539       0.007776779545032535
2809      0.006902911737202168
113       0.01802163246538213
8320      0.010499132516930678
6973      0.007202810689367533
9924      0.01640849263843757
704       0.006392666047900829
967       0.011596591267226643
11238     0.0055001667291708425
10503     0.009382064736130185
1195      0.012965043065693392
8418      0.009485288626854285
332       0.014629793052016546
9930      0.007286371557710865
1165      0.009810386438686623
1121      0.01430469524018421
12177     0.009382064736130185
4069      0.013464689216283446
6361      0.0060614285388472175
6514      0.01430469524018421
477       0.0485076779167225
8850      0.019800332051803156
6616      0.014201098693487024
3888      0.003979715654818639
7987      0.015104505806321835
12036     0.011703035625205515
8491      0.00716161965481764
5186      0.00578329796789927
11923     0.022164808880423034
9723      0.013284224743185335
7671      0.01755943559103188
12084     0.005382920068396617
10578     0.00896086641205132
5927      0.022841039078712055
8651      0.011820024236819809
3536      0.01802163246538213
201       0.011316525523232963
3774      0.009962986623158763
2920      0.010412262095093126
6241      0.01238889659124527
4114      0.01658054657074848
3250      0.00789631862936316
10108     0.014100620633231817
11958     0.007436546078339883
6138      0.011263988213275308
9360      0.010961329391280934
3017      0.022841039078712055
7541      0.011263988213275308
1061      0.022220098314293307
5897      0.021922658782561867
83        0.009314573974953262
6509      0.015362628073719695
3378      0.009773051635050625
5724      0.014629793052016546
10712     0.01486073126372871
