t_index   tf-idf
569       0.032352686100211414
6607      0.025987866361442243
9264      0.006310235387791517
3846      0.02058791775006527
1349      0.01929237012241149
11910     0.014132872371684473
6930      0.016007130695036464
22        0.026484136043015177
6349      0.01701882658038194
6727      0.021041607530599145
876       0.04099587160245307
2972      0.08358728981571852
10008     0.05639155633445851
6252      0.032302949960676126
5458      0.02378292755496787
1985      0.01810907596270298
5651      0.029958683627831145
6011      0.010015136135398103
2660      0.018638909367474768
12020     0.019730636927367307
8261      0.012411104383768329
3340      0.009736777234958827
580       0.013542513427293028
667       0.009887369512402806
7027      0.04575522972243704
2774      0.04352418085443169
5802      0.015112312871815633
256       0.0542752521281453
11238     0.0048617545195349405
2164      0.01734336173982099
635       0.01721191353185011
8262      0.01708265622963727
4575      0.038148645217574884
4758      0.020006000478572556
10568     0.02239436221723875
10479     0.03567895417889128
7176      0.023339649274163723
9577      0.025863384145529248
7475      0.0045882409823187675
1322      0.022144170887902773
10768     0.02110860040615837
5363      0.017147015591580578
11300     0.02871518491102053
11958     0.013146751102779432
1630      0.03030341854203448
2813      0.019464716295200437
717       0.024927882905177674
