t_index   tf-idf
8768      0.0037257829159886707
9913      0.0014184948248618945
6743      0.008268664539075495
1295      0.004504944744967432
11770     0.001583365624597647
5839      0.010855042690780596
10673     0.001523021145418026
7425      0.0028901071633056262
12208     0.0014030580194514927
8259      0.0017974322746038566
2339      0.0013511702772817833
4664      0.0013263536509685232
4502      0.004136531908628635
1982      0.00927047819248478
6756      0.02065432418792175
11910     0.0059776499457275725
5015      0.0014505028294992633
5347      0.0025634311757612247
6767      0.002258830928739972
8103      0.0028599487666131408
10624     0.004591259998755494
8382      0.005591968379874927
10401     0.013352455201602047
5814      0.016395454964935316
8325      0.002258830928739972
4620      0.0014343036370645607
9562      0.00834528450100128
3342      0.008556887182950071
8101      0.018311677326594496
7516      0.002775952229517484
12087     0.009412938135415862
9824      0.0007653470395523253
4137      0.0010648948157480458
2729      0.0017588411718798143
5170      0.0024538380229687604
6022      0.004527972856879873
10404     0.005817132226191239
8760      0.0014899330448530474
1508      0.002130091584113707
4794      0.0008215555613741521
2169      0.0021878391422199966
7519      0.00554469527649611
7888      0.0053695919701605
8182      0.0021878391422199966
2685      0.007225292665103377
3736      0.0011808694022763637
737       0.0024673644955545437
1686      0.0016767298994891909
9563      0.007142487146494675
1879      0.0010588483769962723
1478      0.012908302913499658
963       0.00628044785000687
1560      0.0012658866991777729
6721      0.0027176284978093677
7323      0.003080685980628606
1349      0.0016319829710801262
10343     0.0036854084097712038
620       0.0070798770292589495
7475      0.0023287748792433626
2069      0.0028266175172815115
9264      0.004270370776028097
3784      0.002814687099879843
10920     0.002732575827489219
4720      0.003535414070755466
4376      0.0020303873055894806
4906      0.001614091059988614
2738      0.0011559762385384552
10882     0.0010323085528444328
11867     0.0015767053241368385
587       0.0035535118462515004
3565      0.003277851789141524
8449      0.0036656776932788844
2463      0.004595656739779608
6758      0.015755747343010478
3730      0.0010740702654643496
1771      0.0022778477373623595
9744      0.007146598736905655
2063      0.0027923032261601027
1957      0.0023821995789685517
1889      0.0014030580194514927
8308      0.0029610768476261515
9371      0.0016094225124584564
12064     0.0048421028159960225
7595      0.0025939498858643774
6360      0.0011219772340099788
3340      0.0016473097436788349
9556      0.00413086483758435
472       0.004832112985995945
4922      0.0029085661130956197
9045      0.0018628914579943354
11784     0.0035209804959775277
944       0.005113531847865109
1729      0.0023384477724197345
2437      0.004409759886886184
10772     0.003039245811749811
10480     0.007741066055759742
11766     0.002258830928739972
8288      0.004591259998755494
10062     0.0019504925863594212
10647     0.001700302517813324
9589      0.0020136015595348354
1008      0.0024290790861286253
10289     0.00410517467132592
9832      0.0019991099328419003
10353     0.0015571207664867364
12070     0.003080685980628606
1399      0.0024440036187246624
11138     0.0007988959349992824
10265     0.0024290790861286253
2082      0.001646562103521487
11786     0.00209396012900422
7769      0.002987324218117211
9488      0.0012067445179660685
9160      0.0014899330448530474
9207      0.002317619548121195
10522     0.0022242237515276383
4417      0.004467112891522715
10335     0.0024795681427554374
3719      0.006161371961257212
8932      0.0013218448087487916
487       0.0016037621055699236
8695      0.002065432418792175
2682      0.0013354653802282106
10088     0.0031498060570042483
2357      0.0012825284082870166
7497      0.006935857431230732
8034      0.000966375223104379
4999      0.001741576123872591
8566      0.0014184948248618945
10933     0.0010558459280000285
4937      0.0010410364061057013
2658      0.0012067445179660685
11196     0.0037367232830593927
5436      0.0025153723357833457
10298     0.0028599487666131408
11851     0.001513576467123132
7525      0.0014505028294992633
10164     0.003973227340106792
12111     0.00157054622310683
586       0.004540729401369396
104       0.0016037621055699236
10909     0.004159082439560613
1880      0.0017765728988756516
6166      0.0021176967539925447
3013      0.0031498060570042483
7319      0.003627084678063087
4170      0.0028599487666131408
11078     0.0024795681427554374
8274      0.0019274714888416918
12084     0.002414995861501201
5233      0.0024052206764862806
9411      0.001974350996001765
5316      0.0017588411718798143
4754      0.0017765728988756516
3694      0.00418792025800844
83        0.0013929649902120434
10481     0.003870533027879871
7123      0.0015657886268039302
5342      0.001531885579926536
3250      0.0023617388045527273
6930      0.0040622325630908255
9550      0.0013447054479165518
11027     0.001170085039526587
4286      0.0020473905835605567
4283      0.001741576123872591
7157      0.002814687099879843
7835      0.0031498060570042483
758       0.002082917775948612
3692      0.001162992711417252
8430      0.0020516206673724317
1101      0.0039009851727188423
8187      0.0007868582768855736
2524      0.001478423381907138
8830      0.0024290790861286253
5963      0.0005051452565601227
12171     0.0008383271321921695
7128      0.00413086483758435
1192      0.0009457920771826062
11836     0.0022505978640922786
5832      0.002065432418792175
5626      0.0018732229149887544
11855     0.002772347638248055
6011      0.001694403696623244
8069      0.002625957890501746
11238     0.0012337987300330363
8111      0.006417665387212553
3708      0.001478423381907138
6361      0.0018129348197760558
951       0.0031498060570042483
2314      0.003535414070755466
3144      0.0034158049377530112
6666      0.018365039995021978
3433      0.00394870199200353
9545      0.0019504925863594212
9635      0.0034158049377530112
8822      0.0007888492767766811
10910     0.0007769929186394138
2613      0.0016396095156600181
3603      0.0024290790861286253
1322      0.0018732229149887544
11739     0.0012826018444197064
9503      0.0022980680308861273
1802      0.0018135423390315435
4073      0.0009112560002045032
9697      0.0025939498858643774
5186      0.0008648738652900721
4817      0.002814687099879843
1089      0.003080685980628606
9370      0.001563584207543043
6817      0.0019623133378880563
3944      0.0020248400526285773
4739      0.0010959922942703681
3426      0.0020795412197803067
11679     0.0030887636854300808
9889      0.004591259998755494
9270      0.004591259998755494
6574      0.003080685980628606
4762      0.004247569980654231
5016      0.0029610768476261515
10143     0.0017501518533162325
5107      0.0014289915921660153
12038     0.005319216067139904
7407      0.002772347638248055
3251      0.0011559762385384552
7256      0.0011219772340099788
7174      0.0037464458299775088
11958     0.0011121118757638191
343       0.0036818038185017746
3656      0.0017501518533162325
2160      0.0018943871362014655
4322      0.000885341056086253
1525      0.0033146768567400005
11402     0.002506348757499292
9039      0.0022778477373623595
4275      0.003080685980628606
4793      0.003018159265888085
897       0.0036818038185017746
4255      0.00163923203887736
1520      0.0010068007797674177
2918      0.0017588411718798143
11001     0.0036068540792247045
3143      0.002814687099879843
9048      0.005817132226191239
6233      0.001387976114758742
8272      0.0021392217957375177
2290      0.003080685980628606
580       0.0011455902597105885
9070      0.008197727482467658
6973      0.004308629959198705
10684     0.0012741910374122409
2083      0.0017165017102480265
6388      0.0016539749955075053
10544     0.0009160798010600172
7552      0.0011286375344707871
10768     0.0017856217866236688
7151      0.0018427042048856019
6004      0.009182519997510989
10068     0.0014289915921660153
5209      0.0015900942370240063
8536      0.0017856217866236688
7217      0.0007445188152537857
8799      0.0017588411718798143
11063     0.0015767053241368385
3070      0.004591259998755494
2456      0.002065432418792175
3837      0.004076187429449013
10382     0.002814687099879843
191       0.0018628914579943354
11110     0.0017765728988756516
953       0.0012826018444197064
1319      0.010638432134279808
7597      0.0012029850007399436
11791     0.003535414070755466
7389      0.003870533027879871
4049      0.0009233826663857225
3148      0.0032270757283749145
6677      0.013773779996266484
717       0.0021087030856343655
9747      0.0011524959441131313
11890     0.0024052206764862806
1527      0.0012826018444197064
9730      0.002772347638248055
4142      0.0025939498858643774
10496     0.0015968925772455722
2447      0.0014450585330206753
2286      0.00827306381725727
12045     0.0026894108958331036
1917      0.0019504925863594212
11393     0.0036818038185017746
110       0.0014671121713443738
9775      0.0012741910374122409
7811      0.002659608033569952
12196     0.0016690569002002558
8102      0.0028599487666131408
67        0.0014289915921660153
11872     0.0014841529725674691
8499      0.0029085661130956197
6645      0.002732575827489219
10345     0.0011992469053806454
12100     0.0019991099328419003
3579      0.001741576123872591
9029      0.0011121118757638191
1376      0.002695077966877388
4165      0.0033847009873113694
9924      0.0024538380229687604
329       0.0014615288698942776
4295      0.0034158049377530112
9745      0.003535414070755466
11592     0.0025939498858643774
1131      0.0016923504936556847
10556     0.0028599487666131408
4065      0.001938881062694329
6210      0.001049881941829345
9671      0.004591259998755494
4263      0.0015381039578643493
491       0.003870533027879871
1894      0.004591259998755494
9742      0.002772347638248055
6909      0.002659608033569952
6203      0.0010068007797674177
11823     0.0018135423390315435
4749      0.001974350996001765
3623      0.004591259998755494
10109     0.0036818038185017746
1572      0.003153410648273677
1450      0.002659608033569952
6095      0.002659608033569952
8044      0.003018159265888085
11066     0.001478423381907138
9915      0.0029610768476261515
10433     0.001974350996001765
8906      0.002317619548121195
6974      0.0022223752191980997
7554      0.004136531908628635
3867      0.0019162569600211375
7077      0.004591259998755494
9187      0.004591259998755494
6471      0.0033146768567400005
10618     0.002732575827489219
6073      0.0014727433987148319
1360      0.003553145797751303
281       0.0034158049377530112
7265      0.004591259998755494
621       0.0011286375344707871
4582      0.002297432295012462
2876      0.0014081633678674754
450       0.002011848856613596
921       0.0034495076371169053
11927     0.0009742635020391553
3326      0.0019052309196261232
9847      0.0017165017102480265
3732      0.007363607637003549
11681     0.0013493747484862523
9561      0.0040496801052571545
11220     0.0035317646428597994
702       0.004591259998755494
5018      0.004591259998755494
569       0.0013683915571086399
5815      0.004591259998755494
1086      0.004591259998755494
902       0.001733111052093137
927       0.0030887636854300808
7125      0.002814687099879843
3992      0.004591259998755494
12132     0.003018159265888085
5968      0.0011387565108283435
1323      0.002506348757499292
12207     0.0017588411718798143
3061      0.004591259998755494
2323      0.004591259998755494
3781      0.002659608033569952
7349      0.00827306381725727
10958     0.0005235154077022766
2637      0.0010802593109946292
10205     0.0020380937147245065
8048      0.0013929649902120434
4520      0.0018943871362014655
8091      0.0011524959441131313
11814     0.0015767053241368385
381       0.0025634311757612247
4124      0.0018041028386131122
12135     0.0020248400526285773
1503      0.0036818038185017746
10008     0.0015900942370240063
10237     0.0012617736201211668
11810     0.0031498060570042483
11916     0.0028599487666131408
682       0.002772347638248055
12082     0.001624813129653447
3276      0.0024052206764862806
11510     0.004136531908628635
6716      0.004591259998755494
1403      0.0033146768567400005
3573      0.001624813129653447
3419      0.0009017135198061761
946       0.0012997540360769905
7207      0.0006590177440422278
1549      0.0018837196822928753
