t_index   tf-idf
3993      0.004518976718110296
4496      0.011436805218415584
10353     0.006607781714193715
7431      0.019483423840872673
11022     0.013107445895863547
8353      0.012342761326085258
9267      0.012470750232168424
1161      0.00794918954950356
9221      0.010885672064177508
7361      0.008483402407316269
10458     0.00794918954950356
5871      0.033309011017484444
5272      0.013729886802848743
10571     0.019905629719105665
3653      0.0088603750785638
9333      0.00950712575903109
10450     0.03156680981738653
11110     0.015078093064816427
5968      0.004832415449797201
7475      0.003294121730895525
12137     0.009145065784976933
6076      0.022171603730839522
10814     0.010206769793807165
3857      0.004747186171579682
4966      0.007455541313360832
10988     0.003459788695882906
11912     0.0029463495035854294
7065      0.011595930755114506
69        0.0098350265439502
9550      0.005706378246927931
1241      0.010206769793807165
853       0.00950712575903109
9503      0.009752057925939847
4501      0.017553744381488177
2959      0.012565595340567386
8082      0.01114348797123177
2433      0.005868990244929816
4654      0.015624064922103683
7337      0.01531174460463949
2877      0.009693755006058815
12082     0.01379008066449464
307       0.007148300212270868
10526     0.010522269939128843
6101      0.01194437730846446
1568      0.010206769793807165
9509      0.005868990244929816
10910     0.0032972391803800763
12171     0.0017787582099718468
208       0.004637460087943714
28        0.006864943401424371
5963      0.002143629229761546
10772     0.00644865617749479
1804      0.02388875461692892
10666     0.019483423840872673
10680     0.015002846890000759
2800      0.00928429174454896
4193      0.007018791327089542
5089      0.009923412982960669
670       0.01904223262511453
11043     0.019483423840872673
488       0.004789474665510648
4099      0.01114348797123177
9439      0.011764706003334695
8657      0.00958555176170424
3861      0.004531895251670076
10870     0.019483423840872673
4721      0.010635915881182892
3954      0.00935660591384184
9462      0.011595930755114506
2098      0.00935660591384184
7272      0.008764847828464229
8654      0.0098350265439502
946       0.0055156228966856905
12131     0.01010907770049475
116       0.007905347084565705
11995     0.005911171945643415
7452      0.016424954259336374
2634      0.015002846890000759
2623      0.019483423840872673
972       0.015002846890000759
11835     0.003727770656680416
8646      0.008824719791631814
78        0.006041692988256927
8558      0.006925466197788741
7207      0.0027966009394612486
8491      0.0045448740117111945
2447      0.006132235569613379
7140      0.008688285681519798
11814     0.00669089054217043
9600      0.004134374604807185
2613      0.002319276708049
5978      0.00853746117357821
8893      0.012596272664611084
6818      0.008327252754371111
7426      0.00220469514542269
7887      0.012083385976513854
9371      0.0017074322167427854
12111     0.004443169229473168
3708      0.006273822300144394
8655      0.006527082180167943
4937      0.004417731415653681
10572     0.00689504033224732
967       0.0036796876136392233
4151      0.015624064922103683
2637      0.004584177332554131
6203      0.00427244946285917
8584      0.00928429174454896
232       0.005104974810832325
6535      0.003918457212483002
6161      0.005319866055342988
2215      0.01369438546271919
3730      0.004557913562419227
7148      0.007819680664322233
7217      0.003159432408320552
2316      0.010413081866700764
5559      0.00853746117357821
6712      0.019483423840872673
8337      0.00853746117357821
2063      0.003949796443841854
3267      0.009213808511847273
1957      0.01010907770049475
6210      0.0044552682403270925
9814      0.008764847828464229
2939      0.007426926454457345
10674     0.00597566762518121
8028      0.004506117854664151
9459      0.006662911020359852
