t_index   tf-idf
5458      0.011786229584762838
1985      0.008974409326649264
7207      0.005147725623079112
4417      0.004361694298212444
8060      0.003560192349468734
9359      0.004487672673883824
11074     0.0040333813015941584
5760      0.0050654714585316165
3137      0.0028982574272556475
12196     0.009778014760465215
6616      0.008294447024514543
11984     0.0027398950114362482
1171      0.00902957250634168
4069      0.001966082938660857
3216      0.011564795711672638
3837      0.0119399826473241
7497      0.00902957250634168
7426      0.0020290999568492014
12036     0.003417700669307805
9371      0.0023571630602820756
3616      0.0035048842786344005
9500      0.007800429335833702
4016      0.009827525771304087
4529      0.008077829272897215
2959      0.011564795711672638
4137      0.0020795291092188975
313       0.0034869664387754237
2357      0.0025045245023185988
7747      0.01804791255908086
8101      0.008413902752181542
2339      0.002638568506078291
5395      0.002662812837816314
1623      0.0040333813015941584
9617      0.005336180524477472
6068      0.006263660848892563
11912     0.0013558422494375428
11523     0.004117880361917256
3181      0.010011748898843249
6727      0.0034758997690665255
9197      0.004272417439969433
8187      0.004609736099984511
11238     0.000803121690542645
2613      0.003201833331465876
10385     0.004669267568226138
3846      0.010202861893837656
3419      0.0017608682894150107
8874      0.001286931405769778
338       0.0010645892039410716
4158      0.004239982678018214
11366     0.006301841097888476
8777      0.0071898351853928455
10089     0.005262954613784162
9199      0.004566526328442078
8844      0.005336180524477472
11723     0.008974409326649264
22        0.017499842105119172
6349      0.002811369582599967
1879      0.004135443218711105
2310      0.01703956430857788
488       0.002204006040765962
9739      0.003400953964612552
10317     0.0013865492907406821
10702     0.005893868536925994
4512      0.007558386030845058
11027     0.0022849448264501493
7475      0.0015158790266067905
449       0.0036546216559668397
10568     0.0036993636701043364
4033      0.006150948701288532
3289      0.0039799942157747
12189     0.006903964940531323
7176      0.003855517284227636
11237     0.0050654714585316165
7391      0.008077829272897215
424       0.005782397855836319
7093      0.008077829272897215
7772      0.005893868536925994
1963      0.004117880361917256
11970     0.002401489196018508
4420      0.007558386030845058
9175      0.0047918606820215905
1216      0.006903964940531323
8043      0.004651964959519708
4369      0.0071898351853928455
10054     0.003879463863054124
5347      0.0050058744494216245
6766      0.004757628370406981
587       0.002313102106409531
5953      0.0028870686690929954
6958      0.005893868536925994
72        0.004486431207369468
10008     0.0062102795569905144
611       0.008965823360401585
9503      0.002243836336941912
9264      0.0031271962983745573
3388      0.006903964940531323
1178      0.008965823360401585
3118      0.008965823360401585
10559     0.007558386030845058
6494      0.006903964940531323
11837     0.006903964940531323
10288     0.008077829272897215
4655      0.0049489270889632574
580       0.0022371113626206774
7163      0.006150948701288532
7049      0.0028009115272470183
12084     0.001572003205814941
3861      0.002085473921122513
704       0.0037337695501013686
664       0.006015970853026954
3993      0.00831811643687559
6011      0.0033088355373586654
267       0.004743511371732005
3153      0.005496527610974796
7556      0.02765120114082256
3798      0.004272417439969433
6607      0.0021464904369332826
8566      0.00277004004147072
8882      0.0028325453484616884
7771      0.004460843011637685
5459      0.00948702274346401
1549      0.003678532240937709
11187     0.0047918606820215905
5387      0.0017516516693290255
2438      0.0033048260377582985
5759      0.003583511938189429
347       0.007558386030845058
2341      0.012301897402577065
10145     0.0022849448264501493
6020      0.004243468041681906
10544     0.01073353678410144
9824      0.0014945715049664878
11910     0.002334633784113069
7368      0.0025901065396494462
5209      0.0031051397784952572
2164      0.002864980110412907
4421      0.005496527610974796
6724      0.008611389513624347
7214      0.0044481864369731025
5308      0.0047918606820215905
8259      0.0008775074968936232
5983      0.004651964959519708
4272      0.030139863297685216
4641      0.002424572787499206
9509      0.0027007742720031014
10155     0.004486431207369468
7997      0.0048944037683319504
539       0.0022710949113811823
8901      0.003078993877812941
758       0.004067526748312628
78        0.0027802481007907984
2150      0.002653495671902362
448       0.0036580341289750894
11884     0.001641712494299066
4906      0.0015760004155051068
536       0.0071898351853928455
921       0.003368103327096447
4725      0.006670391943340688
737       0.0048182752096079876
1349      0.003186940197212518
3104      0.0038320101170557326
6387      0.002115618951156985
10733     0.006670391943340688
3175      0.009788807536663901
9849      0.002393886178650335
8799      0.003434669191104534
10674     0.0027498647478709994
3520      0.0032743221046072106
3934      0.004374960526279793
4970      0.0016889277251387247
10910     0.0015173136051306547
5651      0.0049489270889632574
4283      0.003400953964612552
9081      0.003186940197212518
4543      0.012917084270436521
11220     0.004597892219416297
9056      0.0042083488568035446
11455     0.010672361048954944
6033      0.0018973887082017723
7888      0.0010485751870932892
2625      0.002424572787499206
1889      0.0027398950114362482
11681     0.005270124386418284
7411      0.002920932438070665
8261      0.002050211933601848
3340      0.004825305532368976
11784     0.004583852681095621
3074      0.004525852922879738
4102      0.003560192349468734
11378     0.005679854769525959
2105      0.0050058744494216245
1743      0.002223766401676588
9370      0.003053370930364291
9907      0.0046085335234704265
4455      0.006472908788088143
10903     0.0024964292649606945
2744      0.0032298862744128865
11024     0.0020795291092188975
5968      0.002223766401676588
5587      0.002864980110412907
10611     0.004272417439969433
8584      0.004272417439969433
10901     0.0026816529518617436
9589      0.001966082938660857
9160      0.0029095447660552136
5978      0.003928743194920946
8382      0.005460004524302657
1508      0.0013865492907406821
6028      0.0027905381534333393
3565      0.0016002491772947557
8106      0.0020046567458296433
4944      0.006670391943340688
9496      0.008077829272897215
667       0.0016333117778600504
6946      0.00408909028141827
10071     0.0035791720250009165
1842      0.004743511371732005
902       0.0033844233524650638
7325      0.0037205394359660577
7048      0.003742071113669596
10902     0.0029914697755497547
843       0.003855517284227636
10522     0.0021717346954443903
10549     0.0040333813015941584
2366      0.002223766401676588
3848      0.0031590889988855515
