t_index   tf-idf
9267      0.015080907257506
11552     0.015848355166876358
2025      0.02683795912917121
758       0.010689081919984349
4906      0.024849494923545636
8143      0.018695015634153215
7317      0.028217193406402576
11729     0.02916475079454349
1771      0.03506826051474144
3730      0.016535686412497662
6607      0.050766994752584844
4480      0.03568056141526119
2433      0.06387645196807334
3969      0.0496819565624231
11881     0.029331694623081245
3908      0.03293406578554039
12180     0.028217193406402576
10259     0.02021284659956232
9701      0.03506310744969132
946       0.020010166787975993
3903      0.015892750278674754
11912     0.010689081919984349
11158     0.026054326204652634
2659      0.03246421959744069
8893      0.022849052740457315
1150      0.03201526249987356
6465      0.04333308977024316
10988     0.012551791547854263
5759      0.00941713602361408
5274      0.019488767322225247
5963      0.007776887438204679
6900      0.014103368100040266
485       0.01753155372484566
10822     0.01687318369318567
1192      0.014560798955695007
11859     0.026812171953573376
