t_index   tf-idf
8882      0.03129833354395412
9429      0.0019181387159180469
5142      0.0011727966529007832
11681     0.0034939481753503226
11196     0.0032251770709065424
4049      0.002390923044904883
4414      0.004509478724916513
4305      0.0025325378290221006
316       0.00885002053900355
2682      0.01383173009195946
9538      0.013231417027733955
1747      0.0021632371283761814
9076      0.0047169887817414945
11729     0.008175256089735138
11225     0.002860907534761252
6028      0.0024667338566203446
2738      0.03392270296873996
6011      0.0014624449115574806
9371      0.0003472743491680242
12111     0.00316293402776056
8762      0.0025103921341190355
2261      0.005080461089902623
9539      0.014584680305527023
3565      0.0007072809271224539
3857      0.001931058781659532
8932      0.0022817764364842243
12181     0.0010716169165087756
2063      0.0008033484292559702
10243     0.0028242609431918925
4937      0.0008985216438617657
12012     0.004457484685051047
11008     0.0036927374935547238
2599      0.002604982312930785
10068     0.0012333669283101723
2551      0.00229551566913078
6774      0.001888330524315043
9264      0.0013821636833754563
1011      0.001349534218244452
2339      0.0017492986771066635
10317     0.0012256589558307463
6022      0.000977026737697026
4641      0.0010716169165087756
5601      0.001833045193737354
6099      0.002096545443307888
2186      0.005020784268238071
6232      0.0033767517344998276
11675     0.0028171387923208438
8259      0.0015513691861639544
4406      0.001590443524946895
9202      0.0033005159777949517
6513      0.002326129874931983
8959      0.0017427542552917884
3357      0.0020003443818203794
9047      0.0016734540593267872
5582      0.002370483313379742
9166      0.0027186070531118804
497       0.003147080069021906
10484     0.004000688763640759
2866      0.001933652696752086
1781      0.0020183212846699664
3340      0.006398090907978161
1623      0.003565361828527822
10943     0.0013439556028868572
1295      0.0012960771061140545
11784     0.008103916865144278
4073      0.0023595233590692874
9474      0.03457267022435993
12005     0.0011526441743299547
9154      0.009873721426325418
2711      0.004280245398967665
3903      0.0008909886075397842
10805     0.003672921410920108
5203      0.010184438490589797
4739      0.0028378627071981113
3859      0.0018600133799953084
2083      0.00148151777338226
9095      0.0021401226994838323
4437      0.003340668662915873
6772      0.005111428613112157
4132      0.006102852972203698
612       0.0033669520004431207
6821      0.004745786113984267
11927     0.0008408897501302749
10673     0.001971786176532073
11572     0.009717459505191426
3962      0.0036927374935547238
8949      0.009731426152588095
2190      0.002860907534761252
6306      0.005570597476360348
5191      0.0029481914847359755
4970      0.005971801813006807
8876      0.001557126569963338
10501     0.0013902037360840136
1043      0.001747645521303935
1571      0.0033272128438414598
338       0.0009410579925320033
3727      0.0031777759163600715
4787      0.004314088734144351
11238     0.0014198605115721338
9654      0.0024684303565813545
2244      0.005460083869712973
5723      0.0029481914847359755
8855      0.013117964660935101
437       0.002604982312930785
7326      0.0031777759163600715
6243      0.0031777759163600715
3509      0.0031777759163600715
3939      0.0031777759163600715
6084      0.0031777759163600715
4096      0.0031777759163600715
539       0.0020075649933721535
8252      0.003340668662915873
9575      0.0019030384909508825
7771      0.004929027969182449
9507      0.003543188568993167
2579      0.001338431413912601
3720      0.003147080069021906
9309      0.002785298738180174
4281      0.0031777759163600715
12171     0.0014471253233669262
11666     0.003720026759990617
485       0.0009828641592807867
9081      0.0014085693961604219
9817      0.003340668662915873
11024     0.0009191139087681958
7488      0.005476623177863261
7445      0.005020784268238071
12064     0.0073136585558427536
7883      0.004193090886615776
10594     0.0029481914847359755
6203      0.003475891088427799
5427      0.004374670881769346
8519      0.012095600425981715
7165      0.0009350649601593454
7199      0.001474483833503895
4210      0.004600096189266029
9596      0.0011566176985568196
8941      0.005721815069522504
639       0.0019496037481432354
7475      0.002344968011823933
7985      0.002658949307921952
1505      0.0020003443818203794
6522      0.002785298738180174
6486      0.002785298738180174
927       0.0026659211991586877
5963      0.00043599238571421275
10166     0.0020759531784014574
6229      0.001488640192810555
8285      0.004858729752595713
9600      0.0008408897501302749
1955      0.003265263911837733
460       0.0023584943908707473
11936     0.0012288189128658157
1985      0.0013221750376940897
10690     0.0024293648762978566
3634      0.002001492862163333
11910     0.0010318655186627517
3252      0.002860907534761252
11863     0.002789093578542578
10910     0.0026824996721736215
4963      0.0027186070531118804
4067      0.003541519900392568
2105      0.0022125051347508876
902       0.0014958533461351456
7426      0.0004484125719503776
3537      0.0016167843151532663
6403      0.0013079400889253274
4620      0.0012379517701913158
47        0.002860907534761252
815       0.003082351037144377
10553     0.0026550842766784855
2346      0.00148151777338226
3781      0.00229551566913078
1092      0.002658949307921952
5965      0.0021780811904047255
4419      0.0044875600384054375
6596      0.0015819287046614221
1597      0.004771330574840685
11993     0.0018073032664938638
5517      0.0016834760002215603
67        0.0012333669283101723
3852      0.0016258441064900696
2625      0.0010716169165087756
5033      0.00152566153773815
3785      0.0011727966529007832
5626      0.0016167843151532663
7516      0.0011979663467669977
8113      0.0032157344072809646
3668      0.004477691849914519
4966      0.0022745719261100844
6241      0.0031981766950020377
10059     0.001747645521303935
3659      0.0019030384909508825
4999      0.001503159574972171
6132      0.0010961630146306576
4770      0.0031981766950020377
11224     0.002096545443307888
6068      0.0013842118825127632
110       0.0025325378290221006
10958     0.0009036954365030173
2109      0.0018739949515621573
11378     0.0025103921341190355
4347      0.0010614143904175675
487       0.0013842118825127632
2133      0.001759084796802638
11786     0.0036146065329877275
3846      0.001503159574972171
7568      0.001794858262704776
2366      0.0009828641592807867
1089      0.002658949307921952
758       0.0011985150523059374
10769     0.0021094268521456667
2104      0.002392821560000277
1508      0.0012256589558307463
1538      0.0011486983403922913
6086      0.003051426486101849
4263      0.0013275421383392428
1913      0.0010007464310816665
11478     0.003340668662915873
9113      0.002096545443307888
9213      0.0025103921341190355
1094      0.0016636064219207299
4794      0.0007090870686175863
3797      0.00318088704989379
9729      0.0013724151041849964
7663      0.002096545443307888
6360      0.0009683819151429021
7892      0.0013724151041849964
8706      0.0014538915685974646
208       0.0009432122212766876
2023      0.002326129874931983
7453      0.003051426486101849
7322      0.0014958533461351456
7415      0.002658949307921952
5532      0.0018200279565709905
3207      0.006355551832720143
11074     0.001782680914263911
2277      0.0022664721297420546
8106      0.0017720433815808319
8874      0.0005688001910768641
7305      0.0029481914847359755
7219      0.0031777759163600715
1429      0.002860907534761252
8920      0.0014085693961604219
3379      0.0027186070531118804
6672      0.002326129874931983
8347      0.001338431413912601
11549     0.0007182052186123767
9543      0.0012243071369733693
2720      0.001933652696752086
8072      0.003051426486101849
10967     0.002187335440884673
10890     0.002326129874931983
1603      0.008355896214540522
1334      0.0012243071369733693
7207      0.0022752007643074565
3429      0.0020560836001006274
5569      0.001338431413912601
11624     0.0027186070531118804
8743      0.0016539271284667443
9056      0.0018600133799953084
198       0.0018463687467773619
1527      0.00110701749805195
11234     0.0018463687467773619
1522      0.0021179149559391384
9581      0.0019954531158082327
11334     0.0024684303565813545
8408      0.0010716169165087756
2137      0.0026550842766784855
4754      0.003066730792844019
7888      0.0004634510931220665
11053     0.0019829207031267925
1822      0.0018600133799953084
10768     0.0015411755185721885
5363      0.0012519333417581647
7256      0.0019367638302858043
3419      0.0015565432858192661
6210      0.0009061562522699171
4193      0.0014275507783910932
9777      0.0031777759163600715
8491      0.0009243811549243107
11958     0.0009598670948574293
3801      0.001474483833503895
11220     0.002032184435961049
3768      0.001759084796802638
4376      0.0008762166859845086
6442      0.0021179149559391384
1958      0.0020003443818203794
9824      0.0006605733248808857
5209      0.002744830208369993
2613      0.001415151889657017
11570     0.002604982312930785
1649      0.0011979663467669977
2637      0.0018647501013779517
5932      0.0018463687467773619
10611     0.001888330524315043
11794     0.0019496037481432354
11892     0.0027186070531118804
10880     0.0029481914847359755
3137      0.00128097688114689
6033      0.0008386111761152553
2226      0.0013275421383392428
8651      0.00152566153773815
904       0.002785298738180174
7597      0.0010382999615252187
5342      0.0013221750376940897
4518      0.0009858055938364897
8182      0.003776661048630086
6740      0.0019716111876729794
3080      0.001782680914263911
3736      0.001019211922173341
11558     0.001888330524315043
3262      0.0025557143065560784
2685      0.001247234353141704
8226      0.0016936785263127684
10901     0.002370483313379742
1726      0.0011486983403922913
11425     0.0020183212846699664
5145      0.0019181387159180469
10823     0.0018463687467773619
24        0.0020003443818203794
4891      0.001160619304459918
3264      0.0021401226994838323
12191     0.0028171387923208438
4849      0.0016539271284667443
9099      0.001782680914263911
1942      0.00237201367001981
3888      0.0010273581481800398
5898      0.0020003443818203794
7425      0.0006236150398006273
2581      0.00229551566913078
7814      0.0016936785263127684
6979      0.003051426486101849
9013      0.00459103133826156
6007      0.004858729752595713
10725     0.001833045193737354
329       0.001261449950286847
3261      0.0019660172126908498
5540      0.00229551566913078
5592      0.0024684303565813545
2321      0.005020784268238071
5385      0.0019660172126908498
836       0.002658949307921952
6882      0.0012760316542666564
3798      0.001888330524315043
4095      0.004151906356802915
5985      0.0029481914847359755
1168      0.0021632371283761814
1052      0.003147080069021906
7182      0.002785298738180174
5323      0.002604982312930785
2081      0.0024293648762978566
6549      0.002860907534761252
6388      0.0014275507783910932
5120      0.0022388459249572594
3312      0.002013669858600061
4436      0.0025557143065560784
922       0.0020183212846699664
6458      0.0014471906042527306
2617      0.005437214106223761
4783      0.0027186070531118804
4993      0.003051426486101849
2762      0.001022348910134069
10351     0.0015819287046614221
4063      0.002392821560000277
685       0.003051426486101849
11867     0.0013608590933227994
7981      0.0016350512179470274
1992      0.006355551832720143
5727      0.0016167843151532663
8060      0.001573540034510953
4651      0.003051426486101849
10486     0.001888330524315043
413       0.003051426486101849
3589      0.0031777759163600715
1271      0.0029481914847359755
1611      0.003051426486101849
5996      0.003082351037144377
9414      0.003340668662915873
132       0.0019030384909508825
4772      0.0020003443818203794
6726      0.003340668662915873
3031      0.003806076981901765
2357      0.0005534770575528064
912       0.0023584943908707473
7317      0.0031638574093228442
5575      0.003340668662915873
11806     0.003340668662915873
7668      0.0027186070531118804
7984      0.003051426486101849
6601      0.002860907534761252
4705      0.003051426486101849
2647      0.001460672785919248
9123      0.0022664721297420546
5785      0.003340668662915873
6311      0.0007407071813783552
11484     0.0024293648762978566
11467     0.002604982312930785
9341      0.0029481914847359755
3796      0.0027186070531118804
4525      0.003340668662915873
6668      0.0018073032664938638
4013      0.003340668662915873
7175      0.001460672785919248
10303     0.002658949307921952
5435      0.0015333653964220094
5568      0.0031777759163600715
5586      0.0024684303565813545
8584      0.001888330524315043
