t_index   tf-idf
2686      0.02612561295402602
9493      0.025129158400878582
12005     0.013601201257093468
2013      0.03973003360522882
8034      0.009842159964539984
11115     0.01827931954549326
7227      0.020394989603680774
11912     0.0070712388086050315
7272      0.02103563478831415
6681      0.01408557658783156
3267      0.02211314042843346
4562      0.03280880817158272
10243     0.004165784891208042
6588      0.012406430904368975
8769      0.013106052282148832
6011      0.008628424978189136
2762      0.012063717139582016
11196     0.012685696478899066
11739     0.02612561295402602
9360      0.016694947842104804
515       0.01827931954549326
5877      0.028666505540314708
786       0.02300532422809018
7464      0.037497755813048844
11412     0.007141942680745786
513       0.019293604371774926
3392      0.033758708910182775
8463      0.028666505540314708
5435      0.018093711677779713
5596      0.030738791292583265
3318      0.024991396480081838
7887      0.014500063171816626
9371      0.004097837320182686
2232      0.02674437113095625
7426      0.005291268349014456
2357      0.006531029279123116
338       0.00555224215593882
11165     0.018666758715004783
539       0.011844633460895706
4016      0.007322046673565023
4838      0.011097704372513471
283       0.01918496045658282
9824      0.007794765233594452
5963      0.005144710151427711
6900      0.009329920435411252
485       0.011597797079513283
10822     0.011162259981645904
1192      0.009632528539921314
11552     0.010484296495010514
2025      0.017754342193144035
5759      0.0062297976771600845
9267      0.00997660018573474
3653      0.010632450094276562
10424     0.021326178544627594
8755      0.014662373669252137
12177     0.014289606290413665
8143      0.012367471881055204
118       0.012485037147114825
