t_index   tf-idf
10353     0.0294518270689777
7207      0.002492969980319742
12191     0.006173558439171677
10958     0.001980383999422326
3296      0.005243697532914893
8034      0.005483489123100848
7689      0.008276282926569359
6880      0.002066982210626341
7348      0.004170372921598077
3565      0.00309991126344527
10541     0.006460751053692838
7217      0.012673837432234443
9583      0.004182389035788139
6293      0.00782395463860616
4932      0.00868404034050325
7972      0.003562921227651095
6347      0.004848546966725517
6290      0.00868404034050325
7375      0.00868404034050325
2057      0.004272417356645319
11027     0.0066393968242851485
6009      0.004494634789692822
3366      0.034736161362013
4642      0.00868404034050325
4056      0.005501345048198001
5975      0.00782395463860616
3906      0.015505415981124543
3962      0.020230926125403382
10549     0.011719853667775027
2366      0.006461629801443115
9589      0.005712875281765976
4757      0.0031714148384624124
547       0.005097547468779517
3761      0.004345429083709285
6418      0.01564790927721232
8707      0.015731092598744677
8261      0.0019857767014029326
11784     0.006659683109534638
4641      0.0023483719284635167
11238     0.001555761446251181
2355      0.008544834713290638
8933      0.004505760346506232
10522     0.008413920705778838
9926      0.00696386893670907
7679      0.005826897483360392
8882      0.005487044989305785
4704      0.007320836755589927
2447      0.002733224996741963
8320      0.0029697546262175342
9371      0.0007610269308910701
3712      0.003933303678555895
2127      0.005243697532914893
8315      0.002982225498795963
8592      0.003933303678555895
12087     0.0025434143043450205
3764      0.0062694745118910865
449       0.001769881059103941
1726      0.0025172903630882497
2696      0.00840692797205224
11592     0.004906270926977765
7130      0.00868404034050325
6973      0.016298931617083103
3850      0.03285380863652971
1682      0.0025087031912604638
8638      0.00868404034050325
10688     0.0173680806810065
5996      0.0033773760649853392
4414      0.003294066840010443
4305      0.0027749378783713586
1451      0.002982225498795963
2241      0.004689926030011713
10988     0.0015420772473078096
5989      0.005231785589766008
1913      0.002193064321827538
2628      0.005501345048198001
5963      0.000955446170979432
11196     0.004711830120733939
10461     0.004689926030011713
10690     0.00532377960034416
3603      0.004594429585763286
7644      0.009379852060023426
47        0.0062694745118910865
815       0.0067547521299706785
621       0.002134737279484746
6073      0.0027855889427120533
10243     0.0030945830620402594
8795      0.007166195909516401
2155      0.003805268408794859
10989     0.004906270926977765
8434      0.00868404034050325
2610      0.0036244631643828373
3882      0.00868404034050325
9399      0.006493280755338248
6727      0.003366657204895863
9538      0.0036244631643828373
5601      0.004016987610275859
6099      0.004594429585763286
2738      0.004372892970928328
1538      0.0025172903630882497
11675     0.0030867792195858387
8259      0.002549786069545185
9264      0.0010096376620466428
3340      0.0015578843575934126
7426      0.002947992365879483
8703      0.00782395463860616
5015      0.0027435224946528924
6696      0.00457924580598481
2114      0.006686983185257482
10441     0.007320836755589927
1743      0.002153876600481038
6964      0.004138141463284679
2139      0.006103783234811981
3312      0.0022064068307803527
2969      0.007320836755589927
6616      0.002008441100936022
12063     0.0028974521540324765
9007      0.003854908683278924
7899      0.0054093888099939974
7873      0.00782395463860616
7929      0.00712584245530219
4163      0.00712584245530219
6119      0.004345429083709285
9792      0.004308386291811091
485       0.002153876600481038
2736      0.006460751053692838
7475      0.0007341185571710028
5972      0.005097547468779517
367       0.00532688085444725
705       0.004594429585763286
9197      0.004138141463284679
443       0.0023559150603669693
273       0.0034853433818121957
8904      0.003186099523183587
3419      0.003411053429209649
11203     0.006686983185257482
2647      0.0032009600765716094
8187      0.0014882862265664279
9370      0.002957407843981413
902       0.0032780557613875903
10822     0.002072991139448525
3185      0.0040760864641611475
11079     0.004848546966725517
5051      0.0062694745118910865
10487     0.00782395463860616
9575      0.004170372921598077
9379      0.003466683761358031
1931      0.00782395463860616
5850      0.00868404034050325
3989      0.007320836755589927
6038      0.003466683761358031
11863     0.002037366452135388
1322      0.0035430673420644436
5360      0.00868404034050325
5965      0.002386554675772035
4137      0.002014172480072018
191       0.003523526129120714
488       0.002134737279484746
3341      0.003246640377669124
10211     0.006460751053692838
3857      0.002115888693618373
4739      0.002072991139448525
11063     0.002982225498795963
10032     0.00282913170430273
505       0.003854908683278924
5631      0.00474057964989866
8907      0.00532377960034416
470       0.005957633170676607
6127      0.0062694745118910865
4476      0.0173680806810065
1241      0.004549303108096908
11689     0.011134726540130514
1942      0.0034653990188670365
1793      0.004689926030011713
6762      0.00474057964989866
1879      0.002002736073061521
3398      0.003906617889258342
10910     0.0014696266061122627
2613      0.0010337347613018398
11739     0.002425949774302416
944       0.0024179700594905017
8262      0.002733224996741963
4049      0.0017465123575638522
3984      0.005243697532914893
4295      0.006460751053692838
5302      0.0030867792195858387
620       0.0044636938984470706
3776      0.002851489811479749
5587      0.0027749378783713586
4363      0.010060917246990332
6460      0.00782395463860616
11075     0.0033773760649853392
5071      0.0040760864641611475
9591      0.00868404034050325
7062      0.00868404034050325
7975      0.00474057964989866
6422      0.006103783234811981
5299      0.002702835525754006
8348      0.004505760346506232
4316      0.007086134684128887
2770      0.014641673511179855
7025      0.00868404034050325
931       0.0027963322252072156
7313      0.00868404034050325
4315      0.004793389380452984
9824      0.001447599257667541
4874      0.00782395463860616
12111     0.001980383999422326
3571      0.0028628217749586096
11549     0.003147790872432531
10805     0.002682981640167355
2771      0.00868404034050325
2763      0.004966811781463303
4016      0.0013598086679477899
8319      0.00474057964989866
1337      0.007320836755589927
10071     0.003466683761358031
907       0.00868404034050325
5832      0.003906617889258342
270       0.005097547468779517
8822      0.0014920520606461797
10237     0.002386554675772035
12171     0.0007928179450160231
9105      0.003880493948001571
2013      0.0036892174061998193
1934      0.00696386893670907
2261      0.0022266935176887496
4603      0.004345429083709285
7200      0.00532377960034416
9697      0.004906270926977765
6114      0.001422385357798732
1214      0.0054093888099939974
8374      0.004848546966725517
11845     0.0054093888099939974
11124     0.0062694745118910865
368       0.0014046840393951846
7174      0.0035430673420644436
10684     0.002410041333619724
11412     0.0013263607835670745
12003     0.004594429585763286
6122      0.004170372921598077
4033      0.005957633170676607
8340      0.0046412593463009124
8640      0.002326013821286498
10718     0.003466683761358031
8732      0.004594429585763286
4767      0.004505760346506232
11110     0.0033602607401590897
4247      0.00868404034050325
419       0.00532377960034416
8978      0.00868404034050325
