t_index   tf-idf
7140      0.017376571363039595
9371      0.013659457733942284
2326      0.1097407894197232
6740      0.03877502002423526
4322      0.01502809690074614
11552     0.017473827491684187
2025      0.01479528516095336
9202      0.016227536890825178
7426      0.01763756116338152
7529      0.035298879166527256
3537      0.03179675819801424
12111     0.008886338458946336
8859      0.035543630907712655
4233      0.04705882401333878
4896      0.02322756950784409
9701      0.03865932359837761
6686      0.0656998170373455
7135      0.02579462470997916
5186      0.014680679456975067
8868      0.03579388314589615
3497      0.027949336218749343
11897     0.029855201430370182
2561      0.021699731303119883
667       0.01419724853062967
1607      0.019922128960146352
10503     0.023816010484022775
1195      0.03291126316676015
12176     0.016902637883705926
9399      0.029136516209851113
587       0.02010619523263669
6820      0.049371045304341034
10786     0.029418449140657863
2613      0.009277106832196
