t_index   tf-idf
10769     0.003035516689673033
11970     0.007637005979833718
4970      0.005370980289137221
11205     0.004116915720753997
5099      0.0029873472567240483
8382      0.005209028706581428
9520      0.0028534712557190425
7762      0.0023939702169103187
963       0.005850360895925724
12208     0.006970539653860324
8259      0.002790572621453455
1942      0.011377951750501528
10289     0.0033991565133430377
9141      0.0028534712557190425
4238      0.0036125155100737343
10933     0.010491107006919607
3418      0.005706942511438085
7424      0.005246927670890819
368       0.003689601604415119
10544     0.0034133855251504584
6361      0.0045034253309258875
1913      0.0072004926138802845
2211      0.0029873472567240483
6727      0.0055268762744538095
8255      0.002782573392887148
8769      0.001598299058798638
12111     0.004551539210679831
5361      0.006787861905432882
10882     0.0025643086753584033
7888      0.004668421986814963
11138     0.0009922497354024858
4322      0.0054980842319802955
2357      0.006371735882071332
758       0.004311730980856726
9264      0.005635407213112124
931       0.0018362406732129932
9500      0.0029767492062074577
4016      0.0035717300846658646
10223     0.003485269826930162
11024     0.0013226273321298428
4417      0.000924711924386503
1399      0.003035516689673033
1686      0.0020825425768514903
1343      0.0023800414775497053
1682      0.001647366073060342
9562      0.012438075061154626
6311      0.0021317914000645345
7493      0.003147629049077944
11784     0.0014577167531814404
7847      0.007431115170776402
8499      0.0036125155100737343
10385     0.0029697592976147486
2203      0.003912141856917096
384       0.0014621814844109988
5330      0.0018724604765814486
7426      0.005162213023428738
9543      0.005285423493763082
7425      0.0017947945047920493
2915      0.0022524672203356132
5363      0.003603125227499108
3500      0.0024674263594284206
9913      0.0017618078312543605
6743      0.017116497576197553
2063      0.0011560379835634696
3419      0.0011199518763821549
338       0.001354205403887517
733       0.0030169800281747653
4047      0.0026569696599966918
443       0.0015470361559633008
7774      0.0029044135559884885
12207     0.0021845269339295257
569       0.0016995782566715189
5347      0.0031838488524463995
6767      0.002805527344889046
10099     0.001865086567334859
8101      0.0013378578953984722
11770     0.0019665816950912613
5839      0.00385207089857773
12020     0.0020730125101924377
8261      0.0026079618967768344
3340      0.001023000985286481
5963      0.001882211031010138
6900      0.0011377951750501528
2696      0.0027602483960771896
9319      0.0031129509896145047
1000      0.006159377525343713
7123      0.00097237530107336
158       0.0020921854279817177
11851     0.0018799017283968357
1047      0.0027173536813314032
9047      0.002408141207323913
6476      0.003677735221629479
7769      0.00123677838173458
11724     0.005706942511438085
670       0.0018577787926941005
11063     0.0019583094269767115
9113      0.0030169800281747653
3154      0.0028534712557190425
2613      0.002036438085116195
2883      0.0020921854279817177
5100      0.0029873472567240483
6744      0.011404931028803517
6696      0.0030070094410782054
8704      0.005137681282386784
8187      0.0019545972956782356
10768     0.002217789160872174
10094     0.0017239027916890943
7337      0.002240743112874072
1650      0.003347357624902122
1557      0.0030796887626718564
12181     0.0015420828798540917
731       0.0038262929065218335
4677      0.002063592620182962
8450      0.002897720040424478
1240      0.004391077138536808
8311      0.0023265920632693344
10317     0.001763753131561318
9505      0.002018060585047996
8756      0.004116915720753997
10785     0.0038262929065218335
6020      0.0013494706061258595
7475      0.0024103329738259945
1526      0.0025313659271062354
2610      0.0023800414775497053
10446     0.0028534712557190425
8954      0.003443328586341862
2069      0.0017553666007883307
1423      0.004116915720753997
1402      0.002958754448925293
7597      0.0014941389690240952
967       0.003230945221732001
3931      0.002217789160872174
958       0.0057024655144017585
9256      0.0024372447085964227
4729      0.0025313659271062354
586       0.0018799017283968357
1743      0.0014143654975016199
11836     0.0013976508311717528
2438      0.002101943765103308
5436      0.0015620792554301827
11146     0.002931131077779502
4603      0.0028534712557190425
7200      0.003495915309794476
5799      0.0012133530317382203
3096      0.0018799017283968357
4073      0.0011318038876836419
10231     0.0027173536813314032
504       0.0057024655144017585
2834      0.0019749388084613364
7663      0.0030169800281747653
3398      0.002565321315648067
5614      0.003677735221629479
3312      0.001448860020212239
6354      0.0025481667575995306
9561      0.0025149045306568822
3085      0.0026569696599966918
8221      0.004807303685659427
587       0.001471185017022197
11648     0.004116915720753997
11867     0.0019583094269767115
6681      0.0017177532424184829
3266      0.0017489758902969395
6535      0.001146865525604781
7227      0.0012435969270537057
1011      0.001942012655522504
10881     0.004596797268453399
9600      0.0012100608599435662
131       0.0036724813464259864
3888      0.0036959835818672166
8296      0.002696724442491885
639       0.002805527344889046
6022      0.0014059653054664522
3565      0.0010177945048835313
2806      0.0038262929065218335
8640      0.0015274011959667435
5351      0.003934165127594853
5989      0.0017177532424184829
11255     0.0029044135559884885
78        0.0017683003868069055
7773      0.0023663468457645284
2658      0.0014988083881679877
1234      0.006886657172683724
5832      0.005130642631296134
8193      0.0027173536813314032
9558      0.005137681282386784
11100     0.0026007534810521455
10673     0.002837448400375422
8028      0.0013188637623407272
11884     0.0020883322160126956
2074      0.002111820387978275
620       0.002931131077779502
10110     0.002339629323973515
8290      0.010275362564773568
11414     0.0023011271342087834
2918      0.0021845269339295257
8136      0.004001074167266186
11523     0.005238129240862851
11412     0.0017419372392062892
10243     0.0015240676431248932
5710      0.0017300991060419752
3021      0.003443328586341862
3649      0.004242519453644453
9196      0.0013976508311717528
11549     0.001033514826783664
508       0.003677735221629479
11165     0.0022764339896347296
7175      0.002101943765103308
7135      0.0018874115641448169
6453      0.0027173536813314032
2155      0.00249876912397411
3620      0.0031838488524463995
7151      0.0022886870237040684
146       0.0057024655144017585
9459      0.0019501202986419081
506       0.003347357624902122
1617      0.0015225655057457103
5362      0.003552131488739023
9371      0.0004997362585588641
472       0.002000537083633093
10387     0.0030169800281747653
4641      0.0015420828798540917
11863     0.0013378578953984722
4684      0.003495915309794476
9694      0.004391077138536808
5177      0.004391077138536808
5764      0.0036724813464259864
104       0.0019919146602012934
11387     0.003677735221629479
4177      0.004807303685659427
6882      0.0036724813464259864
11785     0.0023011271342087834
3304      0.002696724442491885
4518      0.0014185982935695826
5209      0.0019749388084613364
6578      0.002264362488686493
7430      0.0023137601223119134
12003     0.0030169800281747653
6107      0.004071938498074343
3281      0.004203887530206616
9314      0.004965894092087572
10043     0.002000537083633093
4395      0.002195464164062216
10144     0.009442887147233832
815       0.002217789160872174
191       0.0023137601223119134
4937      0.0012929945606791262
4966      0.0010910548263454876
7150      0.0014666708148348081
11766     0.002805527344889046
4758      0.004203887530206616
11922     0.0025313659271062354
2737      0.002101943765103308
3554      0.0050298090613137645
12093     0.001223310117893823
2088      0.003701071953818827
6973      0.0013378578953984722
8495      0.002173734572036296
8159      0.0012504730135197571
8918      0.0014941389690240952
7781      0.004391077138536808
2791      0.003495915309794476
324       0.0017177532424184829
226       0.0015774053137368003
8182      0.0027173536813314032
7915      0.003221753892011666
5389      0.003443328586341862
8673      0.0031838488524463995
9656      0.0028534712557190425
8320      0.0019501202986419081
2339      0.0008390944873926272
12171     0.0010412243180323007
8091      0.0028628604690540075
10111     0.0024372447085964227
3267      0.002696724442491885
3555      0.004965894092087572
11220     0.0014621814844109988
3216      0.003677735221629479
2870      0.002958754448925293
7488      0.0011258563327314719
3701      0.0032615086745068594
6623      0.0027602483960771896
5969      0.0023663468457645284
7743      0.004242519453644453
7561      0.0024674263594284206
10502     0.0057024655144017585
5226      0.003912141856917096
1668      0.004203887530206616
10958     0.0006502198872399758
6028      0.0017748450919585405
11238     0.0005108034767241213
3571      0.0018799017283968357
12104     0.004242519453644453
8106      0.00127500682333255
1730      0.002782573392887148
9493      0.0015322657561511331
6312      0.0026569696599966918
274       0.002565321315648067
8036      0.0017683003868069055
3944      0.0025149045306568822
6682      0.0030796887626718564
10684     0.0015825787368985056
3318      0.00304773127805876
5142      0.0016876829883206391
8695      0.002565321315648067
8347      0.001926035449288865
4027      0.0014228531931114625
6766      0.0015129793785815821
12084     0.001999658862181107
10553     0.0019103655161467152
8317      0.004391077138536808
6765      0.0036125155100737343
11723     0.0038052842548268926
12045     0.0016701594869057358
1527      0.0015930251801235377
11082     0.0026007534810521455
6360      0.0013935251949617374
7771      0.0014185982935695826
1538      0.0016530049288571997
3656      0.002173734572036296
7494      0.0021845269339295257
4414      0.002163083290813612
4305      0.0018221918525890724
1451      0.0019583094269767115
8882      0.001801562613749554
7295      0.007104262977478046
7049      0.0017814427912509177
1955      0.0011746986024294285
320       0.0020730125101924377
5186      0.0010741960578274441
9220      0.001742634913465081
8264      0.002195464164062216
11675     0.002026965716425973
4406      0.0022886870237040684
2738      0.001435752851618119
1508      0.000881876565780659
11521     0.002931131077779502
10674     0.0017489758902969395
9045      0.0023137601223119134
