t_index   tf-idf
9221      0.04783562935244201
2366      0.02123540310333418
9551      0.014953387519539289
368       0.01384899757150182
1457      0.03681747491135686
12171     0.0078165149508622
8299      0.012494729222437755
10122     0.03263663456043228
3299      0.04623870733814365
8133      0.052108485008123234
4069      0.018774707498761423
4555      0.040186767956518356
7400      0.035326317863813246
1904      0.02055817637407503
1151      0.028141146957998762
6727      0.008298098744461635
10749     0.019802051599951416
10303     0.057448285047215136
9142      0.0587372284432905
8874      0.006144644317689504
337       0.011613665790541398
10119     0.016481442245706492
6900      0.008541476454953964
5476      0.01829649900960413
4049      0.008609567959821807
7135      0.01416887836181954
7425      0.006736799091930721
3692      0.010843678520538321
11046     0.016399335996963905
953       0.011958907338110503
843       0.01840873745567843
6942      0.032163014870019595
11412     0.006538398228851776
10243     0.0038137467313876434
11027     0.01090980698826198
9492      0.015633735119180907
5259      0.01157648133749621
11037     0.017369495002707746
8259      0.00418978931615406
1942      0.008541476454953964
7922      0.013946423894450078
5361      0.02547838306757554
1617      0.011429963585386812
621       0.01052335278619241
4112      0.02390128786413987
4754      0.016564665620502555
4513      0.014399729294047278
10496     0.014889336424458716
8605      0.01840873745567843
4046      0.014953387519539289
1202      0.018523073937680958
1537      0.019523966273250613
910       0.02221149466587579
7217      0.006941851488704312
