t_index   tf-idf
11970     0.004485426101654404
4970      0.0031545261643086925
2447      0.007906022717848654
11417     0.006044947876479009
12135     0.0036926835119562487
9221      0.021051630272872206
2366      0.002076740523879789
2270      0.005231454588081208
11910     0.0021802778314444367
368       0.002708757100762064
1457      0.003600607050559693
3298      0.004226622977565375
8133      0.044165410158400135
1743      0.006230221571639367
5090      0.003845623809063223
7400      0.0034547776423288433
1904      0.004021020723303931
1151      0.00550419127828626
4838      0.001987192243012054
10111     0.0035786540762586597
11037     0.0067946784859077135
9493      0.002249855779692986
10243     0.007459394433292636
6312      0.003901280520050239
274       0.007533422926944462
10768     0.0032564232031539082
4027      0.0020892031733565
6766      0.002221537214280946
5083      0.00447504344684661
5452      0.014366810938116993
10389     0.004189807656469008
2137      0.0056100541052683155
4768      0.007543757916011449
11540     0.008889473486203156
8805      0.009418431827642296
8299      0.009775490631328713
9264      0.004867399197194559
2762      0.010800848678689133
10145     0.006401622282368601
7967      0.0054000905595826786
8736      0.005744274406988464
12111     0.0009547305782339039
2949      0.0054000905595826786
8918      0.002193873472423809
5481      0.004521967246567767
9785      0.0228540341248558
2729      0.009622750874251547
5006      0.008529214464693468
4513      0.005632951955247145
967       0.001581353354621815
10496     0.0029122393557481237
8605      0.007201214101119386
4046      0.005849534511775699
1202      0.007245940769010182
1537      0.007637474409921728
3117      0.003645759712235091
1617      0.0022356127122932883
1623      0.003766711463472231
9617      0.004983375200545078
8800      0.005632951955247145
2249      0.0018669043613183038
8447      0.008171413875530853
7011      0.007543757916011449
8801      0.00786022183171571
9220      0.012793724640177523
876       0.0021081439942491936
10882     0.003765224583928455
367       0.0025680555083423384
6203      0.0018360939840386516
10805     0.0025868968982329867
10375     0.004914990672376945
5342      0.0027936866498935726
12171     0.0022932750475670094
7447      0.0034775435474616394
8949      0.002937427728860712
7140      0.0018669043613183038
7425      0.0013176659380911328
9551      0.005849534511775699
6607      0.0020045737138302557
2177      0.002727812938032935
8259      0.002458471416916845
1942      0.005011940729766375
8262      0.0026353409059495514
11757     0.0031454188096024676
8452      0.006546312784887393
5338      0.007058658028805715
4210      0.0032399208238448524
3656      0.003191736988692413
7368      0.0024188598262841936
6079      0.0027936866498935726
4711      0.0046749075436747405
8360      0.010800181119165357
6580      0.005926315657468771
1580      0.006115675997034956
5142      0.002478057941528652
4417      0.001357772605228667
8695      0.003766711463472231
324       0.0025222106837714912
8959      0.003682348522889261
11412     0.0025577205192753505
8685      0.0025495062448190097
1562      0.004386380407255972
4848      0.004226622977565375
9538      0.006989322906523377
562       0.007543757916011449
10106     0.01411731605761143
2235      0.004021020723303931
9256      0.0035786540762586597
3730      0.0019587727706264447
2038      0.004119410674451409
4754      0.006479841647689705
11737     0.0040529267082896475
2821      0.00550419127828626
8159      0.0018360939840386516
3204      0.004021020723303931
8717      0.006447504448595368
12137     0.003930110915857855
6076      0.003176097504142301
10749     0.0038731285498527566
2077      0.004021020723303931
717       0.003845623809063223
156       0.0054000905595826786
9283      0.015646992425602472
704       0.0017434543767002259
8855      0.007919306489521624
4481      0.00478893697937233
11821     0.007543757916011449
7521      0.012089895752958019
5241      0.007543757916011449
11117     0.007543757916011449
5659      0.002839707844116307
4016      0.001311110285900073
9581      0.0021081439942491936
10958     0.0009547305782339039
2438      0.0030863251426998988
2082      0.0030028212466424917
2357      0.0023389361054710883
4035      0.005744274406988464
9387      0.006229374294194197
4405      0.006044947876479009
9944      0.004730564254661757
11647     0.00457080682497116
449       0.0017064968889431938
9791      0.0025222106837714912
5893      0.003792441563345904
884       0.0038731285498527566
6038      0.0033425325522735837
8379      0.00297623340731417
7160      0.004303837092166597
9668      0.006229374294194197
8886      0.004344397028311794
10928     0.007543757916011449
131       0.002696188095929822
83        0.0025403383568054346
2512      0.007543757916011449
11925     0.007543757916011449
3449      0.002495523996710522
6073      0.002685829559088757
5940      0.007543757916011449
6900      0.00334129381984425
2876      0.0025680555083423384
4111      0.0026552814264011195
5285      0.008607674184333194
6387      0.001975743318022639
331       0.00266537771865017
5302      0.00595246681462834
3179      0.003645759712235091
1878      0.004021020723303931
7426      0.0009474722939006602
4347      0.002242713050827202
2915      0.0033073416761401704
7980      0.006447504448595368
6122      0.004021020723303931
68        0.003930110915857855
8350      0.0067144741813999305
1248      0.005133120826778115
200       0.005215664141867491
6588      0.002221537214280946
5968      0.002076740523879789
962       0.006229374294194197
11140     0.006201654362492676
9824      0.0013957568600100258
7411      0.002727812938032935
2241      0.004521967246567767
8034      0.0017623702415842948
9492      0.003057837998517478
10007     0.004850304457915449
40        0.003645759712235091
8411      0.004154091465933559
6942      0.006290837619204935
9927      0.006229374294194197
3565      0.001494447578795929
11238     0.000750022735796024
2030      0.007058658028805715
11138     0.0014569396941309229
2101      0.00561822071398385
10683     0.005133120826778115
4518      0.002082955621136605
2261      0.002146949672702651
176       0.003792441563345904
4641      0.0022642704544414073
7541      0.00307199678543872
1061      0.0030300134064945414
5897      0.002989453470349345
10821     0.0028164759776235725
11196     0.002271543446634819
9007      0.003716854102335051
1243      0.011770380893576824
2658      0.004401459343766047
3619      0.007543757916011449
8901      0.002875424034651755
1296      0.007543757916011449
8769      0.0023468137695307825
4308      0.005744274406988464
9196      0.0020521980523816644
10948     0.00550419127828626
5437      0.007058658028805715
11735     0.005885190446788412
4309      0.007543757916011449
3461      0.0033425325522735837
5963      0.0009212290904760364
11912     0.003798599359994438
6311      0.0015650755044550923
8408      0.0022642704544414073
10807     0.01026624165355623
8060      0.006649615462644082
4627      0.0046749075436747405
10705     0.00447504344684661
903       0.0067144741813999305
3497      0.0030028212466424917
5400      0.00982998134475389
4137      0.0019420395813366563
3583      0.0025403383568054346
8933      0.004344397028311794
564       0.0025222106837714912
2713      0.00561822071398385
9550      0.0024523278416549786
621       0.002058286633112014
8972      0.00457080682497116
7199      0.00311550716335396
9847      0.0031303695101492935
4982      0.0035151132937002753
12140     0.0034547776423288433
4414      0.003176097504142301
