t_index   tf-idf
368       0.005134615287606419
1457      0.0034125857946557927
3299      0.004285833186694777
8133      0.019319594963847254
10988     0.004227626918206788
4047      0.00369755829968208
621       0.001950804302401204
9221      0.017735403049730456
8259      0.0038834861807694287
11757     0.008943501523908843
8452      0.027920109488547142
7753      0.014104082596018846
9551      0.005544075790534148
12180     0.006335975542952015
12171     0.0014490145209170137
4677      0.0028717881633355574
5885      0.004380381940361734
6942      0.008943501523908843
2366      0.011809767261123184
4069      0.0034804288052534232
4555      0.003724883191792171
10122     0.015125333249286499
8373      0.0032743714991262927
9264      0.0009226453830713447
5090      0.0036448079443601824
7400      0.0032743714991262927
1904      0.003811045750807642
1151      0.005216766146260867
7207      0.0022781710002921923
4838      0.0018834224130897536
10111     0.006783558379539913
11037     0.003219932493974543
11984     0.0024251290049004913
2093      0.0030250666498572998
399       0.0061108201431856884
4027      0.003960212803803705
6456      0.004723146730542724
3497      0.002846015959611552
6354      0.003546143294518407
5285      0.004079093640878524
3888      0.00308609804042072
1880      0.0030707343578477322
5476      0.006783558379539913
3527      0.003937167629592381
9824      0.003968614152874459
3419      0.0015585753266623723
2024      0.007238650680944091
11836     0.003890067326446706
12093     0.0034048265944512154
7186      0.026624205211176723
1764      0.011155739593651142
2803      0.0025455773627916936
487       0.011088151581068297
1920      0.004041912337707218
1942      0.003166813724813219
10674     0.0024339533930242004
6038      0.0031679877714760074
7502      0.007563182831068605
2160      0.006548742998252585
11927     0.0033679500697123806
12111     0.0063341263689095295
9371      0.002086366259623038
8272      0.00369755829968208
1913      0.002004105777126993
5631      0.00433212239546875
10647     0.008816712272525486
10549     0.0035700163478862134
4098      0.005577869796825571
6114      0.0012998299614348726
3756      0.005216766146260867
11884     0.005812433791826458
4113      0.00375288284033466
4376      0.008773605719975432
8320      0.0027138749847940916
10673     0.003948720619843602
6900      0.003166813724813219
5802      0.0022096332136336177
5089      0.004041912337707218
4754      0.0030707343578477322
2696      0.00384128562691682
11835     0.001518360894104817
4322      0.003060552371431329
6031      0.004943305701038901
8299      0.002316255286666007
488       0.005852412907203611
5969      0.003293114539928182
9791      0.00239050255407063
9029      0.0019222403701191861
6233      0.0023990605430033608
10958     0.0027146255866755124
7568      0.003594402839411392
4842      0.00384128562691682
11290     0.004943305701038901
10960     0.006363848897775914
8888      0.0033713474991382162
11930     0.0021880339291271166
11220     0.0020348374182534265
7790      0.008816712272525486
8261      0.005444035343271747
2079      0.019488260728551095
2313      0.004285833186694777
12169     0.008482719431881563
4664      0.002292548608201468
109       0.006370079287907407
8495      0.0030250666498572998
1617      0.008475482136422597
3143      0.004865072741828866
2362      0.00375288284033466
509       0.0031679877714760074
808       0.004079093640878524
8655      0.005317100888283024
10237     0.002180924638433975
9113      0.004198564895606135
12137     0.003724883191792171
7425      0.001248858317303084
443       0.0021529249898914866
337       0.0021529249898914866
4739      0.0037887566517335967
10243     0.002120960975941431
10769     0.002112180673101471
8698      0.003724883191792171
3204      0.003811045750807642
6588      0.002105530049044343
11015     0.003724883191792171
2883      0.0029115791987317373
3486      0.007935807099676598
9220      0.012125645024502456
8799      0.0030400857853379562
5316      0.0060801715706759124
637       0.007622091501615284
1693      0.0038723540950622716
7368      0.006877645824604404
5395      0.007070706673783788
7904      0.0067426949982764325
8214      0.005324841042235346
11020     0.007874335259184762
6623      0.00384128562691682
5963      0.0008731231327488282
11140     0.0058778081816836586
313       0.003086374994111929
4239      0.011155739593651142
8187      0.0027201053749255862
758       0.001200079693366389
9739      0.0030102438485735124
4554      0.006363848897775914
3715      0.004791890695875228
3887      0.005216766146260867
3535      0.003477399329185903
3571      0.0026161556690222285
10578     0.002316255286666007
11558     0.0037815914155343027
3326      0.003293114539928182
10054     0.0034337813304839374
9820      0.007188805678822784
5750      0.004943305701038901
2357      0.0022167984498329112
3638      0.0061108201431856884
586       0.005232311338044457
10594     0.005904080597369434
11937     0.004995450385690272
9507      0.002365209427691696
8917      0.0034998540857444343
3569      0.002898159774051813
5214      0.002981167174636281
11978     0.006302377057284077
5181      0.0035700163478862134
3377      0.005324841042235346
6535      0.001596029569575322
5142      0.0023486554380545708
11991     0.005444312296962957
9374      0.00433212239546875
9751      0.013616585823855006
7165      0.0018725713431911697
9747      0.0019920425979187808
8408      0.004292063576826271
10415     0.0027601641935680646
1580      0.002898159774051813
9492      0.002898159774051813
5799      0.005065669706917531
8101      0.0018618231285832524
5569      0.005360714853634282
3785      0.0023486554380545708
9500      0.0013808592923486292
9583      0.0019110132670050242
3096      0.0026161556690222285
2270      0.0024791357904353504
9503      0.0019860587943167315
7159      0.007149827998726256
8447      0.0038723540950622716
10881     0.0021323698381946576
7516      0.0023990605430033608
6329      0.006690059698319777
3682      0.0031679877714760074
7493      0.004380381940361734
1694      0.010114042497414648
4546      0.004658333196012614
8659      0.0027138749847940916
8349      0.003594402839411392
6973      0.003723646257166505
2918      0.0030400857853379562
7475      0.001341731044437864
3312      0.00201629867042591
338       0.0009422865277702958
6311      0.0014833483240657924
6361      0.0015667922332790456
10553     0.002658550444141512
8800      0.002669401514040096
540       0.004791890695875228
9578      0.004041912337707218
168       0.004117535564692379
1508      0.0012272590327965828
2177      0.0025853683981878735
3597      0.00375288284033466
5373      0.009886611402077802
3281      0.0029251593389035594
9314      0.006910761229980878
131       0.005110789967741647
12008     0.011155739593651142
2679      0.004380381940361734
10144     0.004380381940361734
9493      0.0021323698381946576
6312      0.00369755829968208
274       0.0035700163478862134
8558      0.0028208165192037692
5436      0.0021738596426743796
4794      0.0014200255395031035
9955      0.005444312296962957
11063     0.002725271343547225
4193      0.0028588288434098397
10848     0.002535844014177482
11922     0.003522762504301889
