t_index   tf-idf
6017      0.008629674200911517
6233      0.006250613523607396
10988     0.0036716124935900225
10934     0.020676286525007737
2137      0.0069266994565047564
8874      0.0029678214051425495
10821     0.006954971291682699
9258      0.00963377434543018
11027     0.0158080876768694
6607      0.004950069783131856
1942      0.004125475022460758
131       0.006657933869540989
9493      0.01666729893935824
10243     0.0036840274548098325
6313      0.016580640325497786
274       0.018602942329801628
10907     0.03463349728252379
9264      0.0012019495976745747
4468      0.00716083255040743
2177      0.006736027867387452
621       0.005082707808297014
8379      0.01469894866469447
6900      0.008250950044921516
6022      0.015293459343135082
7425      0.00976148439851186
10353     0.007012339778328024
417       0.012879497166652374
6670      0.016580640325497786
10101     0.008837084555659139
12064     0.005451483102362869
2932      0.01128709440452062
7475      0.0017479013265976255
10455     0.009852717769725428
2376      0.008210239499795243
4305      0.01321398989700647
1451      0.0142010738037903
1322      0.00843587462396296
12180     0.008254008955614359
11851     0.013632484642660047
7557      0.01309844059094762
7888      0.0024181427783988097
11138     0.0035977490406090135
10673     0.003429387749206575
151       0.011681597445185156
7123      0.0035256873161367405
10237     0.011364546075104929
3378      0.006581851101156542
1192      0.00425928132717609
11238     0.003704193919645669
12171     0.0018876617738476742
208       0.004921386215777003
7128      0.009301471164900814
667       0.0075332339142116615
12208     0.0063185333937203275
7541      0.007585951245675206
1061      0.007482278003792643
5897      0.007382119794127975
8450      0.0052533495970960775
6150      0.00716083255040743
2025      0.003925279736579463
3419      0.004060777891916249
659       0.020676286525007737
11521     0.010627842615350167
2920      0.007012339778328024
10790     0.01743056370378554
9371      0.00543590664922193
11794     0.01017242227772695
4906      0.003634449937797491
40        0.009002794391437674
5379      0.01862846342525276
10958     0.0047151999986245864
6361      0.004082186566978738
9545      0.008783850967142426
3696      0.006789261455904164
2883      0.007585951245675206
6098      0.009429942893882949
6410      0.012675665715105141
2686      0.005776070891196228
1052      0.008210239499795243
2013      0.008783850967142426
338       0.002455073062149818
10718     0.008254008955614359
5181      0.009301471164900814
11158     0.007621333515646689
6681      0.006228316178292866
3266      0.006341524826722917
5963      0.002274871835665314
11723     0.00689869560483923
5435      0.008000620809902595
7709      0.008946518704594205
3789      0.012879497166652374
3819      0.015921388536327335
2447      0.006507678563671341
9160      0.013419533002622006
1948      0.026669835008551187
9500      0.0035977490406090135
4049      0.00415836275610441
7426      0.004679352961713464
774       0.009852717769725428
8214      0.013873565436572362
6535      0.00415836275610441
4376      0.004571824477211688
7616      0.01862846342525276
11835     0.0039560015132118695
10553     0.0069266994565047564
1045      0.007881636237383305
2326      0.009704967771812255
10317     0.0031975524459938176
7424      0.006341524826722917
7207      0.0029678214051425495
8159      0.004534028001401568
2028      0.014927320266407348
8186      0.01418484088256335
11970     0.005538128145920233
4970      0.0038948741416464467
10043     0.00725364806514584
7294      0.012305885699305191
1314      0.012675665715105141
10848     0.006606994948503235
