t_index   tf-idf
9220      0.017200452016238668
8261      0.012870774916500488
1920      0.02866763750633082
2079      0.01974604195511923
158       0.020650645057671394
8259      0.00550879706383219
11757     0.021144204220105475
8452      0.08801153855237494
8805      0.015828197932565524
2270      0.035167000286545895
368       0.009104433588672493
10122     0.021455565312876776
3299      0.030397668713038877
8133      0.0685130080662361
5006      0.02866763750633082
4513      0.018932977405136234
11027     0.014344375854937048
226       0.01556957467077249
9371      0.004932581959479158
2339      0.008282173366301302
4906      0.009893780386226503
1845      0.023093007956997837
4978      0.01751837840766485
75        0.01626011327668819
9221      0.01572374853714529
5989      0.016954860707575025
1549      0.023093007956997837
5436      0.015418300798968283
7753      0.020006902349167473
3251      0.014171412405786246
2651      0.021144204220105475
3527      0.027924725965442255
11910     0.014656312089154269
6942      0.021144204220105475
9551      0.01966093544235721
12171     0.005138634828807557
8299      0.01642825508876075
10496     0.019576720113640162
8605      0.02420408072876238
4046      0.01966093544235721
1202      0.02435441202917311
1537      0.025670400100014694
621       0.013836260144808538
6073      0.01805474314720775
8959      0.012376782535266681
8685      0.017138347534616672
6580      0.019919005404270034
1580      0.02055546654558971
