t_index   tf-idf
11552     0.018418358707450903
2025      0.015595030304788678
587       0.021193016596563002
758       0.012422446555657487
6820      0.052039750455927035
9707      0.05773849005903226
1402      0.04262205733181571
7         0.036465352409395226
5582      0.024569739207598137
11941     0.05511930051827398
8874      0.011791074231242022
11022     0.027631912969658293
667       0.014964667370123166
9701      0.08149803353171496
2433      0.024744931843487875
3708      0.026451791319527716
10673     0.027249729682884683
6020      0.019439671163921167
2882      0.027298117337592638
10289     0.024483113805565396
8379      0.029199262887974153
5926      0.03554427701554995
12176     0.017816293985527868
5387      0.016048916646014585
337       0.02228568300347133
11884     0.015041636096415768
1568      0.04303394831983562
4376      0.01816373508513833
6233      0.024833518593791546
4767      0.04262205733181571
9267      0.01752645978575022
2877      0.02043548352628615
9266      0.04960254423027601
