t_index   tf-idf
9221      0.006289499414858116
8259      0.006610556476598628
11757     0.00845768168804219
8452      0.05280692313142497
9264      0.005235158247649259
4137      0.0052219286520385644
7753      0.00800276093966699
1457      0.009681632291504953
3298      0.01136491956189801
8133      0.05481040645298889
4399      0.036108950042195186
4321      0.025439923325069898
11063     0.007731695737619164
11412     0.010316139427743913
10243     0.00802299312380808
5188      0.013802391556447823
1451      0.015463391475238328
131       0.014499500427000378
7516      0.006806223614594721
8805      0.01266255834605242
10933     0.005177555587674214
4937      0.010209868160621841
104       0.007864374176942884
12111     0.0025671644436956083
9747      0.005651498629651059
1617      0.01202262836388835
2561      0.012537622530691489
8800      0.03786595481027247
11238     0.0020167278006959755
7123      0.0038390817442377845
6311      0.004208314134201471
9220      0.034400904032477336
12112     0.010060539865189259
4635      0.013802391556447823
2834      0.007797350999332536
1050      0.031649246402728794
11001     0.004421735926753249
8874      0.003231627752266332
11739     0.006289499414858116
2485      0.015445715627680092
3888      0.002918458146867002
12171     0.0020554539315230233
368       0.0036417734354689973
2270      0.014066800114618359
10122     0.017164452250301422
8558      0.00800276093966699
8491      0.0052518544135329364
4520      0.009289513216039779
8187      0.007717039693307404
9500      0.00783509791065963
9583      0.016264846250287207
2749      0.007864374176942884
3970      0.010340455131036666
4316      0.009185730146093004
4049      0.004527995001091469
5739      0.017336623072889766
201       0.008298785383704172
2685      0.007086138880442127
2366      0.01116824903953131
9371      0.0019730327837916635
9551      0.007864374176942884
1917      0.00956463771977731
8218      0.013041929764617098
9751      0.012876919433423378
4554      0.018054475021097593
3117      0.00980304278178769
3712      0.010197453981441208
11647     0.012290391684922453
105       0.008038308220272683
5330      0.007392751363095645
2349      0.018979947144122034
7052      0.018979947144122034
3524      0.008668017773667859
10943     0.007635658869734959
6360      0.0055018439178859705
338       0.0026733017787853577
11922     0.009994207697389804
3340      0.008077918891225102
4305      0.007194283388370189
7207      0.003231627752266332
5799      0.009580995050614391
10740     0.01427951344864602
10568     0.009289513216039779
8506      0.009185730146093004
11927     0.004777499543332747
8329      0.013802391556447823
2679      0.012427305801174402
5371      0.02251417866056398
