t_index   tf-idf
6402      0.005488226467635324
10611     0.004943172396415146
102       0.0032772453007799056
7322      0.003915766267869135
10833     0.014309734382029248
11196     0.008442699021792894
5989      0.0031247866150479566
3430      0.0046984856228483385
7426      0.007042985174456101
6138      0.0038059209321305645
1845      0.0042560492480473834
3563      0.004232333002466059
9078      0.01773449050760264
5759      0.0027640740547126654
8101      0.012168570959853
7425      0.006529866696615442
9596      0.015138665098858032
2270      0.016203225387998964
3520      0.015153517999479104
10243     0.0009241502318379614
8299      0.009083199059314819
3251      0.0026117961430459293
6900      0.0020697775709956705
6616      0.007197485174002808
10059     0.0045748945898980145
1560      0.005720252524612188
7030      0.013550280978238955
1743      0.0025728901370933904
2637      0.00244072240231551
681       0.007987863873174466
4735      0.016806902155332076
10522     0.0025126896305653528
7256      0.002534979279572034
5387      0.00202665500308034
7544      0.015435241425204733
10153     0.004329563506941956
4397      0.002476269279204723
10351     0.02484653890393128
5415      0.016988425366531036
11936     0.003216737563713586
2558      0.010042405427366157
3521      0.016302963356661274
2210      0.003147245131468849
564       0.0031247866150479566
2579      0.007007350815501467
75        0.005993488852840698
6226      0.010373427027904905
790       0.0231528621378071
10147     0.005434321118887092
3774      0.0100990000924169
10563     0.004516760326079652
9503      0.0025961109836972977
10317     0.0016042327971368302
10992     0.003532739745370289
4842      0.0050212027136830786
11503     0.005382307581150789
3073      0.004798449363810753
6050      0.006819185781631099
2132      0.006960457744628455
9264      0.006030259073657423
5214      0.003896884054217391
1186      0.008745026841148378
1283      0.009346020899358895
5075      0.007215992396836647
704       0.004319958626226498
5601      0.004798449363810753
4237      0.005725891751394349
9581      0.015670776858275576
12171     0.004735260763747579
9551      0.018117585561216544
8590      0.006009080266973748
3543      0.009346020899358895
4626      0.006359463686417938
5275      0.004232333002466059
1800      0.0046666084001379515
5958      0.005146536526054205
5486      0.004406914990341081
4698      0.006009080266973748
204       0.02007064375216907
628       0.016302963356661274
9608      0.006359463686417938
7814      0.00443362262690066
4806      0.005103570221248675
7037      0.005860733189222587
2626      0.008977052898125244
11897     0.019869502658437496
3093      0.005103570221248675
5711      0.006819185781631099
7209      0.005860733189222587
6102      0.006227367377551737
4305      0.0033147722096586196
9055      0.005725891751394349
3903      0.0023323831466997083
1434      0.007291208642266872
5753      0.005283455376593394
6668      0.004731063499661411
455       0.005488226467635324
9101      0.006263802513720862
201       0.0038236724464165983
1430      0.005190785594874572
277       0.007987863873174466
10986     0.008745026841148378
3874      0.006690214584056356
2762      0.005352502485138778
8408      0.0028052224401441325
9258      0.004833327060676576
5587      0.0033147722096586196
6182      0.0035474884613520036
9690      0.006461727247433103
11138     0.0018050140237867748
11074     0.0046666084001379515
9077      0.012018160533947496
3461      0.00414108981732188
580       0.007764990634079279
4812      0.007987863873174466
3407      0.0045748945898980145
2301      0.01029307305210841
10943     0.0035181363392976775
4643      0.008745026841148378
10030     0.004604839724053322
7597      0.0027180070665182346
1508      0.0016042327971368302
9371      0.0009090765386070804
10881     0.0027873639864455764
2876      0.0031815841280828285
6210      0.0023720882098669845
9029      0.0025126896305653528
4146      0.0038236724464165983
3888      0.0013446820813209736
8102      0.006461727247433103
587       0.002676251242569389
9396      0.00363920227159194
485       0.0025728901370933904
9739      0.003934892129705308
758       0.0015687048551512868
3931      0.004034408268753818
4019      0.006819185781631099
3652      0.006571572583171674
7670      0.005860733189222587
6388      0.003736967395993067
11623     0.0046666084001379515
5968      0.0025728901370933904
4069      0.0022747512498499335
5         0.004943172396415146
6684      0.006009080266973748
10336     0.006571572583171674
1619      0.005662808455510345
5799      0.0044144516444810334
11958     0.0050253792611307056
3606      0.005725891751394349
4569      0.0071166266543918515
12181     0.005610444880288265
3873      0.003158603299895223
338       0.0012317260755495675
6816      0.002907486001159297
12036     0.003954268009881727
7773      0.0043046514293259164
10902     0.0034611203205166105
6948      0.0071166266543918515
563       0.007291208642266872
10568     0.004280151140496144
1399      0.0027609733713237655
11220     0.0026598728026998716
3724      0.005332057557871927
263       0.006009080266973748
2646      0.004635402326964334
7637      0.006173942654600215
4536      0.0038782393589904215
5132      0.008745026841148378
1886      0.004516760326079652
12084     0.001818802343929232
2433      0.0031247866150479566
5582      0.003102663312904884
2184      0.005662808455510345
6534      0.005146536526054205
9500      0.0018050140237867748
6721      0.0030700854360918113
10069     0.005103570221248675
9311      0.004013963341486967
464       0.005544166454625663
10265     0.005488226467635324
5015      0.0032772453007799056
9160      0.0033663333641389672
381       0.005791779653085088
1300      0.0071166266543918515
7337      0.004076164092702663
6033      0.002195272259660071
953       0.0028978922218629542
11851     0.003419752973500046
4729      0.004604839724053322
4758      0.0038236724464165983
5963      0.0011413179516819153
6880      0.002469091377881295
