t_index   tf-idf
1560      0.003643552151546459
11863     0.006200680506499006
2613      0.004719223910291008
7475      0.001117136934825439
7207      0.011380949910155341
2177      0.008610400839182223
6403      0.00654254379264604
3888      0.005139024128178851
4518      0.0032874473498808155
5991      0.006202740271549572
6020      0.003127251448109057
5898      0.006670713655896657
4664      0.003817591812787662
9539      0.02837143063781688
5587      0.004222731554043372
11022     0.00889026765110745
7148      0.005303783407105515
6148      0.02359519823214604
7063      0.021194383720418913
1314      0.01620280747930831
4870      0.00679257767154989
2346      0.009881079410297335
12063     0.004409166321353769
3571      0.008712935836830553
4970      0.0074679978107221
3568      0.020351687955131464
3041      0.013225218950419563
4871      0.004616045712553432
8226      0.005648049694269102
3239      0.010597191860209456
4016      0.0020692740599205497
8882      0.016699702141365434
2738      0.016636005867662115
3857      0.003219830620723611
12084     0.0023169960294402827
10992     0.004500403240841281
7552      0.003248513251389831
9503      0.006614439288898332
10317     0.004087306170096445
4491      0.023812035856627445
10231     0.006297171791954948
5649      0.009065963520594836
12191     0.004697272725456711
2175      0.006856591831639918
8386      0.008101403739654156
338       0.0031382238272697678
10156     0.008231678623903909
6821      0.005275388332501352
5517      0.005614026487695377
1597      0.01060756681421103
5033      0.005087749562805048
4049      0.0026577361962928188
4419      0.004988345723850682
6596      0.005275388332501352
927       0.004445133825553725
2625      0.0035736094563575257
6387      0.003118238367140078
3340      0.0023706935876421495
5759      0.0017605949957191544
8036      0.00409784393986122
2402      0.004826066058529759
10988     0.007039917868144348
10673     0.0021918260831885502
9474      0.005012710408711545
4395      0.005087749562805048
1090      0.011906017928313722
6871      0.004339223626164835
1714      0.007979539724000924
449       0.0026932972638538232
10943     0.004481799771366172
1350      0.005866165387598363
11675     0.009394545450913422
8259      0.0025867394908429416
6566      0.004538169237298205
6203      0.0028978352878523067
4406      0.005303783407105515
1743      0.006555276610159682
6360      0.003229343169193939
6011      0.0024384679286186687
2599      0.008687049713121358
8695      0.005944853309740955
2866      0.006448311384386304
1781      0.006730662718877671
5170      0.007062785961762258
5500      0.007378223645017091
758       0.0019983935763449
2261      0.003388446657352445
851       0.005985462119541579
8636      0.011140403758506412
10880     0.009831577690402145
6442      0.007062785961762258
8640      0.0035395862497838012
6136      0.007979539724000924
431       0.008687049713121358
8106      0.002954689725374996
7771      0.006574894699761631
4138      0.004940539705148668
7165      0.003118238367140078
4322      0.005096485035905213
3042      0.007062785961762258
168       0.006856591831639918
7123      0.002253374067270004
8315      0.004538169237298205
8193      0.006297171791954948
5116      0.0066126094752097814
2629      0.011140403758506412
4848      0.006670713655896657
2884      0.007466064454096599
10021     0.008231678623903909
5316      0.005062403720801901
1045      0.005037393595197156
5436      0.007239897766472064
4397      0.0031545517339434076
1720      0.00907633847459641
2127      0.007979539724000924
3304      0.006249365773252934
8751      0.005905099486089347
4880      0.011906017928313722
7811      0.007655045731405688
1052      0.005247413941173482
9029      0.003200948094589775
329       0.004206661355956573
2631      0.0045573393194940975
4842      0.006396575630909313
6114      0.0021644994575198096
8304      0.011095531527071304
9990      0.0066126094752097814
9500      0.002299430908563152
10732     0.03101370135774786
2524      0.017021152675174355
11027     0.0033678099833330463
9792      0.0065562400092777475
3942      0.011906017928313722
8654      0.006670713655896657
3444      0.010597191860209456
4022      0.009288365792105189
10562     0.011140403758506412
9922      0.011906017928313722
3282      0.005113440256763832
4412      0.003966562264397085
6210      0.0060436682216610995
8976      0.007979539724000924
7904      0.005614026487695377
5764      0.004255288168793589
386       0.00679257767154989
5735      0.005113440256763832
8049      0.005682697214578994
9371      0.0011580844600516285
3730      0.0030914544162495626
8272      0.006157238385992333
6989      0.0027739720799764916
3536      0.00775713745249057
6471      0.009540504692008175
2362      0.006249365773252934
6536      0.006297171791954948
3565      0.0023586281352300964
6855      0.009540504692008175
102       0.004174925535341358
1161      0.005391624216185023
8733      0.011906017928313722
8613      0.007865066077382014
7339      0.004893914203445307
1955      0.0027222363264995013
11155     0.011906017928313722
3080      0.005944853309740955
1451      0.004538169237298205
11835     0.0025284009671397603
5299      0.00411301058266914
1562      0.006922852555799643
10848     0.004222731554043372
