t_index   tf-idf
11238     0.007358331164701532
6607      0.006555497820904349
4229      0.016296983763944714
4162      0.015893125122374074
83        0.008307593004688044
5759      0.0018240398604297545
8101      0.025696513810716602
7425      0.010772809358718043
3520      0.019999913395708908
8299      0.007992124097234961
10155     0.006850901708550674
835       0.021631802314214087
9311      0.026488541870623453
6439      0.03953722665156541
6182      0.004682045581874491
9264      0.008754740988467511
4137      0.006350994306533389
10243     0.002439423584941646
5387      0.005349638882004862
4978      0.004261227180242802
9789      0.029576110099172964
11308     0.01154185974980394
1798      0.003355621139705154
10292     0.009884306662891352
4495      0.027382109181767002
12036     0.010437842584642755
11234     0.006379120850352417
5075      0.0047619048925070665
1879      0.003157466781853749
6721      0.0040519596070941475
7323      0.009186550086378996
464       0.007317300771195132
966       0.008148491881972357
8091      0.003436722139652671
10958     0.00624445405223256
876       0.003447100314920979
5074      0.007557145419633082
9589      0.003002261784711849
7975      0.007473886835425816
81        0.008528315691431977
967       0.0051714528624118815
1617      0.0036555288944255114
4376      0.003027289180856388
10833     0.009443135526879661
2762      0.007064338865521
2439      0.004586598288766663
5659      0.0046433060694334215
10145     0.006978345010509915
5958      0.006792500910512982
10989     0.03094044728724717
12112     0.006117895863966441
2164      0.004374902060495386
9822      0.009623081676505376
3221      0.012335063619424125
2052      0.007473886835425816
9930      0.0032493278568170073
11066     0.004408631886587952
10071     0.005465492416555454
7445      0.008673291742654505
10031     0.013691054590883501
6242      0.010185868778344565
11001     0.0026888934689715703
8874      0.0019651790385403368
697       0.008036673937265005
399       0.010542541057838372
9500      0.004764586567293018
1522      0.014634601542390263
4002      0.01154185974980394
8159      0.003002261784711849
3865      0.010542541057838372
4838      0.0032493278568170073
283       0.005617218151702177
10596     0.012335063619424125
10740     0.0043417439539802085
10225     0.013691054590883501
9596      0.003996062048617481
2270      0.004277067602417744
5760      0.0077351118218117925
564       0.004124155307247979
9077      0.007930903235240127
1800      0.0061590822578397285
56        0.007103676221969285
9576      0.010542541057838372
8602      0.008528315691431977
1433      0.009884306662891352
1349      0.0048665438146623585
5718      0.007930903235240127
2646      0.006117895863966441
10265     0.0072434700676448196
1963      0.006288114606711486
10201     0.005379802158386848
1152      0.010542541057838372
11884     0.0025069393494026276
8657      0.0067357931298462235
4252      0.008148491881972357
704       0.0028507835078476667
4518      0.0034059139210476917
8418      0.004229926009272857
1845      0.005617218151702177
3563      0.005585916980732231
4895      0.00939266490872438
10153     0.011428487455261198
4397      0.006536458547810664
10351     0.010930984833110908
5415      0.02242166050627745
9874      0.018373100172757992
680       0.007930903235240127
4735      0.007394027524793241
9739      0.005193348621638086
9849      0.0036555288944255114
4739      0.003268229273905332
338       0.001625656487099204
9202      0.0028507835078476667
11623     0.0061590822578397285
12111     0.00156111351305814
9371      0.0011998172333868224
9747      0.003436722139652671
472       0.004803091286380353
10581     0.008673291742654505
11138     0.002382293283646509
7726      0.008267090705046002
8408      0.0037023881755055446
1694      0.005816333748513229
158       0.005023129878893043
8174      0.006038036553333866
2579      0.004624220245364707
6009      0.007086135929695891
8685      0.004168787238150002
9824      0.002282251081908285
7049      0.004277067602417744
8805      0.003850102199813236
11514     0.008036673937265005
9858      0.009000096549630235
8749      0.00668068296580563
488       0.0033655767919804555
8659      0.004682045581874491
10578     0.003996062048617481
5274      0.0037748513281787638
2610      0.005714243727630599
11199     0.009884306662891352
10823     0.006379120850352417
1137      0.013585001821025964
4069      0.006004523569423698
1572      0.004701706867471113
11549     0.0024813666787193373
10910     0.002316978883510324
10067     0.004824014282081991
5186      0.0025790382829821066
