t_index   tf-idf
2607      0.009911897855960172
2701      0.01133007843986743
11761     0.021266435426886665
7217      0.005476349507755623
10786     0.012747994627618407
10903     0.004701608449009308
9561      0.007446911749111769
10674     0.005178911941823716
10385     0.0043968936267462806
11066     0.005437312660125142
1879      0.0038942090309529572
10919     0.006635089328677113
12208     0.025800678024358006
1668      0.00622408903777813
8259      0.006610556476598628
3340      0.012116878336837653
11770     0.011646533816484915
5839      0.028516024846415692
8247      0.005178911941823716
10673     0.0028006666618520366
7425      0.0026572929751504507
7573      0.01158428672076007
9913      0.01565072623430957
6743      0.025341925578092485
2175      0.017522401347524235
4137      0.007832892978057848
10769     0.013482753296631053
488       0.008301756086885125
4322      0.003256087661828331
5969      0.0070070159377360755
2316      0.009024670951140663
3563      0.013778595219139505
2303      0.030426490261246178
963       0.011549045768623745
9563      0.013134240252720765
443       0.004580945950713552
8685      0.0051415042603850025
7426      0.0019107357926996648
5259      0.004566278749790172
8695      0.007596201451335665
3341      0.006312911845467742
11681     0.014888101391631652
9264      0.00490796085717118
967       0.003189062598487327
2658      0.004438138171630764
7049      0.005275050042981884
8913      0.007130773686131366
3888      0.0021888436101502517
10958     0.0019253733327717062
2787      0.012625823690935484
7497      0.008502847443471748
6011      0.0062316402620254865
12111     0.00962686666385853
5082      0.009427730213077395
10544     0.006738275870019238
11784     0.004316461274698377
9557      0.006777056575745936
10866     0.010196078536223403
6009      0.004369783823312466
4016      0.005288144819796961
931       0.005437312660125142
10415     0.0058730160340920495
7771      0.004200627169292153
12012     0.004748459379769658
2273      0.016885633995422984
7227      0.0036824286784423624
9160      0.005479642642737319
6648      0.006282939446097153
10684     0.004686191482038353
8157      0.005501089425033087
6233      0.00510466771094604
2137      0.005656804556145551
7847      0.005501089425033087
11098     0.008933613083428611
8187      0.002893889884990276
569       0.005032640060032887
1798      0.004138599405636357
639       0.008307478193477009
11692     0.01256257149329163
564       0.005086458212272508
7207      0.002423720814199749
1942      0.006738275870019238
1508      0.002611334497561618
8136      0.005923812586535769
11523     0.0077553413482774995
3671      0.021780365256983472
7888      0.003949633204718056
3096      0.0055665978957528525
643       0.012190644884232668
10881     0.0045372091557141885
1045      0.006436669593863033
1147      0.009119300613911665
4113      0.007985300710267637
9370      0.005750515252186081
1001      0.011868467401023297
11827     0.006533840328087119
11036     0.011868467401023297
5949      0.016885633995422984
6028      0.005255513522299456
9707      0.011868467401023297
12087     0.004945527814004207
8098      0.013540856265823194
11099     0.01256257149329163
7408      0.006740773980418393
4049      0.0033959962508186016
2090      0.006813893125184898
2357      0.002358427239683347
8972      0.009217793763691839
12171     0.0015415904486422672
3312      0.00429023550429513
2613      0.0020100398136424667
8060      0.0067050289248327824
11412     0.0025790348569359784
10243     0.001504311210714015
320       0.006138420377403163
12084     0.0029606060376181392
10992     0.005750515252186081
6107      0.012057462330409026
9314      0.014704564172681534
1334      0.005216908744769857
5432      0.008377417789632677
3555      0.007352282086340767
2088      0.005479642642737319
11835     0.003230734569123027
3250      0.0043429752461497375
6880      0.004019132076217886
