t_index   tf-idf
5458      0.0356743913324518
1985      0.027163613944054466
10549     0.024416361807864637
2366      0.02019259312950973
8795      0.03359154332585813
1539      0.04991043375322649
7497      0.006832645267075511
6011      0.005007568067699052
267       0.014357592455510266
7556      0.05579617373058838
4739      0.00647809731077664
6900      0.005414685966979744
8261      0.006205552191884164
3340      0.009736777234958827
11761     0.02278546652880714
6269      0.038148645217574884
8575      0.04179364490785926
8874      0.0038952655942495963
443       0.014724469127293558
6311      0.005072521501046415
11936     0.008415215233643577
187       0.012046589635246636
2357      0.0075806589846964725
1520      0.005950911751839557
2504      0.05462716390650367
10243     0.004835286034437905
3385      0.008875813753477497
6989      0.005696549807094581
733       0.014357592455510266
2720      0.013242068021507588
10769     0.007222903551766636
6727      0.005260401882649786
4417      0.004400637997303626
8830      0.014357592455510266
11692     0.02018984704279012
12111     0.003094349999097385
10397     0.019592107849659646
3430      0.01229157399548717
5459      0.02871518491102053
9264      0.004732676540843638
876       0.006832645267075511
5162      0.018617603658364398
8388      0.01229157399548717
4165      0.010003000239286278
7123      0.004627464602429472
6394      0.018617603658364398
7214      0.01346370716190966
507       0.014656018843786603
2226      0.009091293036662493
7412      0.010344647561565588
8959      0.005967377293789293
1886      0.011816167638761945
9196      0.006651320473344145
3993      0.006294289000225055
3888      0.003517784373455761
2361      0.024927882905177674
5963      0.002985769284310725
2651      0.01019452703469371
8450      0.013790042692377203
4286      0.006050770385344145
9081      0.009646185061205745
4543      0.01303241537999399
8187      0.004650894458020086
4267      0.017191703275618753
384       0.006958417242777342
3903      0.006101680910562629
1538      0.00786653238465078
324       0.008174664984009386
9202      0.00565066016734091
4016      0.004249402087336843
10544     0.010829371933959489
11786     0.01237680004822137
8942      0.014080501082831974
7217      0.004400637997303626
22        0.013242068021507588
6570      0.010448057137903222
487       0.00947937958827937
1514      0.01303241537999399
9714      0.012553086282112057
2658      0.007132722061549441
8054      0.013821896654838075
8906      0.013698786971930634
11723     0.00905453798135149
