t_index   tf-idf
9095      0.014721740901382058
5986      0.0806376363504987
3682      0.010881966963904132
10797     0.045463886031602986
676       0.008355707892916843
758       0.008244493678194206
931       0.004388862236872311
8049      0.023444311378532173
12012     0.007665674335054155
4439      0.016410809645304062
9875      0.017165732631567714
11234     0.006350514927256666
11605     0.009350545335142657
10412     0.01829070958902365
8566      0.004210957731204368
8048      0.020675848060994904
9264      0.006338532407467712
10522     0.003301426285899768
4794      0.002438877944527752
1840      0.022980205062389906
7212      0.01014019223673764
2366      0.010141571437242557
699       0.026504072258853557
7488      0.01614568857432846
8525      0.028287284686586207
12070     0.01829070958902365
12196     0.009909557559933358
12171     0.008710331682911465
7447      0.011321509486354934
9507      0.004062220676259729
6114      0.0044648867733592485
3179      0.005934577468795238
9739      0.00517006006279666
927       0.004584667174337922
5142      0.00403378938464081
2340      0.005861077844633043
6989      0.002861047436747054
12069     0.008000635040685341
10237     0.0112371408500477
8710      0.009350545335142657
110       0.004355283665605271
11549     0.0024702394738820308
10967     0.0075232568751504225
12111     0.0015541130040309735
2063      0.002763086301521656
4873      0.008677418043677235
9371      0.0011944368870487648
4225      0.0057557814506889945
620       0.007005797598459528
10749     0.0063046890744239935
4322      0.0026282321934040336
3790      0.004338709021838617
8494      0.022980205062389906
6536      0.012989681723315138
808       0.007005797598459528
9474      0.01034012012559332
1682      0.0039374265333684405
6599      0.0071401618288516495
7759      0.0060904613533656945
7097      0.0037215206485807454
541       0.015219654155640635
5963      0.0029991583842403696
4930      0.005721910877189237
12064     0.01078073564189249
4073      0.002705163552176597
6360      0.0033307126857157216
11060     0.023889577454317502
2613      0.0016224536612360716
9045      0.011060395921006726
695       0.009350545335142657
10231     0.006494840861657569
6170      0.009839982417766279
4825      0.019679964835532558
8952      0.008355707892916843
9129      0.007284487763252552
11764     0.009839982417766279
10978     0.012021920312467429
3634      0.0034420292046620548
10988     0.002420300612366517
12198     0.007795444500054511
3085      0.006350514927256666
11884     0.002495697468912033
7941      0.013090856704567954
9307      0.014011595196919056
8706      0.010001209265598703
9832      0.005934577468795238
12011     0.0075232568751504225
6403      0.0022493050408200137
1011      0.009283343008013404
6623      0.006597365000489426
1718      0.005825342733999522
6427      0.007210988139090358
9259      0.007071821171646552
9221      0.003807544488815451
8595      0.006397445123122877
11912     0.0020611234195485515
663       0.011490102531194953
10629     0.009145354794511826
9504      0.005623696341548745
9598      0.0069419391270935625
7245      0.010495265088969141
9091      0.008230018549417992
6696      0.0035935785472974964
8159      0.0029887987273813027
10561     0.010495265088969141
11046     0.005221313254638731
10044     0.010495265088969141
8329      0.008355707892916843
8309      0.0062161506968645445
6816      0.0038201497683393454
9849      0.0036391363881724823
3231      0.012279749432789937
11167     0.011490102531194953
5021      0.007360870450691029
11946     0.007210988139090358
2339      0.0020055487075348443
11138     0.0023716103541234304
399       0.010495265088969141
1581      0.006010960156233714
4063      0.008230018549417992
9029      0.003301426285899768
10958     0.0015541130040309735
4665      0.006650724746228027
4893      0.010929839138332622
9503      0.003411033714005866
724       0.008490072123308965
6511      0.005355677485030854
346       0.004802381931041265
7853      0.013629659727247253
10496     0.00474055105890838
5640      0.005655887304002213
10882     0.0030645213541839215
1694      0.005790251534394335
7475      0.0011522040134970895
10881     0.003662321291607865
1361      0.004372000582731922
8709      0.0060904613533656945
