t_index   tf-idf
704       0.004746554540566365
1436      0.013874939918273056
6403      0.0025079751205143155
11679     0.005111903899386784
9296      0.013673162612404198
3259      0.004970455701947399
6499      0.014266302624564017
4460      0.004242478595884828
9371      0.0006658985645296864
5932      0.010621236215836775
12025     0.004588235341300532
3467      0.0034899036067248747
3730      0.0053327588680304955
6311      0.0014203060202929963
5145      0.0036780309877728554
4167      0.0036780309877728554
5799      0.0016167929147911787
5073      0.003870131063354661
2625      0.008219301749622309
3028      0.004813676917173251
8799      0.005821764278922186
6132      0.0021018925805542862
10522     0.012883816080723847
5158      0.006405732161141187
6926      0.010681620660920968
1143      0.007598535297940343
318       0.01369192061756078
5075      0.005285714430682844
6399      0.004900582182821281
3471      0.006093385319620437
9359      0.003803302591116541
6335      0.006342810537669965
8467      0.013625301406640306
7165      0.001792987061105545
3004      0.004900582182821281
6964      0.003620873780374095
7368      0.002195115292352906
2310      0.014441030751519751
1763      0.00499505358504478
1720      0.002609447311446468
1962      0.005485790197904701
7475      0.0025694149500985097
12062     0.0031352107104134254
6210      0.001737554613727566
7699      0.00434596030878039
6816      0.006389200487547555
2373      0.012186770639240873
9747      0.0019073807875072324
4620      0.004747545038683696
5882      0.015922560878339178
2029      0.016776862831585443
7176      0.0032675508983829216
3861      0.0035348782963026595
11238     0.0006806456327348917
1802      0.0030014125710972044
6511      0.0029857901979047008
2788      0.005340810330460484
337       0.0041228513556421965
9550      0.004450975032603786
1437      0.009627353834346502
9814      0.0034182906531010494
198       0.0035404120719455916
12171     0.0013874314037780405
7447      0.003155870769321438
5724      0.003620873780374095
6429      0.007598535297940343
11001     0.0014923358752792215
10298     0.004733215208744748
3692      0.001924752937395552
10008     0.002631605962274731
9264      0.0030920153400178438
5965      0.0041764706826010614
9503      0.0019016512955582704
1171      0.01721826607303029
2339      0.004472373617802703
10920     0.004522412994494658
4513      0.002555951949693392
6114      0.002489174376147781
8754      0.00684596030878039
3694      0.0034655040135019837
7769      0.0016480071936613278
7997      0.004148007193661328
7150      0.0019543388607673818
11154     0.0039806402195847945
2376      0.006034526032349504
11827     0.0029402281476392034
2924      0.003738365187064654
6161      0.0020747477615837657
1822      0.003566575656141004
2307      0.00684596030878039
6454      0.005212929024342032
294       0.007598535297940343
4815      0.011702220574200593
11399     0.00465830715030114
192       0.010544592476974129
10415     0.002642857215341422
8625      0.005340810330460484
11480     0.005212929024342032
10003     0.010971580395809402
9176      0.0031175560741947086
9256      0.0032476285742047335
8028      0.001757385963319019
5710      0.002305357058800932
4069      0.0016662552905150764
539       0.003849505874791104
3736      0.0019543388607673818
6000      0.004148007193661328
7847      0.002475490241264889
7834      0.006093385319620437
5906      0.00684596030878039
7104      0.00684596030878039
11111     0.004813676917173251
780       0.004733215208744748
8259      0.0007436876036173457
4092      0.0036780309877728554
3959      0.00465830715030114
621       0.0018678951195491528
2046      0.005098535297940343
9541      0.0059715803958094015
2011      0.004733215208744748
8718      0.005601680134000316
2456      0.006836581306202099
7426      0.0017196622134296982
6720      0.007598535297940343
9322      0.007598535297940343
2637      0.0035756583193922225
2164      0.002428070643574939
7126      0.00434596030878039
8101      0.0035653912912369285
338       0.0009022393503400582
8874      0.001090674366389887
5274      0.004190084974278428
4970      0.0014313662470550692
2809      0.0017084706549575362
2561      0.002115723802054189
7888      0.0017773349421231252
10317     0.0011751005239027282
6184      0.0033730450978690586
9849      0.004057637072812318
6721      0.006746512745811755
3266      0.002330510373820672
9311      0.0029402281476392034
1985      0.002535270634778417
3801      0.0028273227507437187
7325      0.003153157171981234
7718      0.008296014387322656
1686      0.002774987983654611
6662      0.011309514016004114
3021      0.004588235341300532
1682      0.002195115292352906
12044     0.002577034868535549
1560      0.002095042487139214
75        0.002195115292352906
6182      0.0025985352979403424
9518      0.005485790197904701
8133      0.003083085362980625
5582      0.0022727008767028274
7825      0.004103685276260249
11540     0.002689065729576455
5351      0.0017474250108400471
634       0.0028965013172383646
7123      0.0025913801773605047
6740      0.001890282226181469
7424      0.002330510373820672
4794      0.0027193489081484435
1520      0.0016662552905150764
11412     0.0023211313712423803
10243     0.0013538800896426134
4316      0.0031001839243063882
10082     0.00434596030878039
10670     0.005212929024342032
1339      0.0036780309877728554
3565      0.0013562111777573056
4540      0.004194215707896361
10496     0.005285714430682844
11425     0.003870131063354661
7256      0.001856872322286515
5015      0.0048011643656425615
10572     0.00537813145915291
10276     0.005340810330460484
2888      0.006405732161141187
6607      0.001819150645300957
6696      0.0020034200401183545
10234     0.007598535297940343
3825      0.004522412994494658
11814     0.002609447311446468
4138      0.0028408103304604837
3385      0.0024852278509736995
5108      0.006405732161141187
2877      0.001890282226181469
7425      0.001195781838817703
8542      0.00684596030878039
3578      0.0032088481587591146
1889      0.0023220610221922205
4263      0.002545562050265498
4937      0.0017229152521049357
5199      0.004401651295558271
1361      0.0024373903248730466
980       0.003870131063354661
11016     0.0034182906531010494
12087     0.002225487516301893
8893      0.0024562731695991612
9573      0.005340810330460484
6922      0.005340810330460484
11110     0.0029402281476392034
4966      0.0014538305561053622
9872      0.00465830715030114
2146      0.007298152612796635
3160      0.004522412994494658
8894      0.006746090195738117
672       0.003083085362980625
10713     0.005212929024342032
11780     0.0039806402195847945
6260      0.00684596030878039
1624      0.00684596030878039
2709      0.006405732161141187
2524      0.0024467906970563136
6036      0.003620873780374095
4397      0.0018138672470174595
2150      0.0022488375819372515
7553      0.004242478595884828
191       0.003083085362980625
8187      0.0013022504482456242
1649      0.002297100469925718
4852      0.0044603540351820774
2032      0.0027622891698314235
3934      0.003707779046022125
7726      0.004588235341300532
7287      0.003620873780374095
5021      0.004103685276260249
3074      0.0038356603521405783
9970      0.006405732161141187
6166      0.0017523940639288308
1122      0.005340810330460484
10519     0.004148007193661328
6028      0.0023649810850347552
900       0.005340810330460484
6387      0.001792987061105545
11899     0.003593385319620437
7339      0.002814000666981051
7140      0.0016942157078963607
1150      0.0034416407187364078
893       0.006093385319620437
10504     0.00741555809204425
5759      0.0010123421225385137
11930     0.002095042487139214
11298     0.00684596030878039
6570      0.0029254559986129024
4787      0.0020680662869304485
4176      0.004401651295558271
5649      0.005212929024342032
1856      0.0035148641589913764
9709      0.004292987061105545
6009      0.00196640272049061
4461      0.00684596030878039
9583      0.0018297952031573106
1202      0.0032878456239383703
11900     0.00465830715030114
8284      0.004733215208744748
10599     0.005851110287100296
9984      0.006093385319620437
11138     0.0013221727724238126
2063      0.001540420613098323
7207      0.001090674366389887
11884     0.0013913513389184585
8663      0.005653157171981234
2832      0.003189965314033
6383      0.007598535297940343
10772     0.005029951818445937
4664      0.002195115292352906
3368      0.0037698380053347046
3096      0.0025049690530887835
10220     0.007598535297940343
5600      0.004588235341300532
2481      0.007598535297940343
11038     0.007598535297940343
10910     0.0025718465606964598
9845      0.0034182906531010494
4440      0.00684596030878039
6232      0.00215830715030114
944       0.002115723802054189
9827      0.005653157171981234
5049      0.006093385319620437
10087     0.00434596030878039
6295      0.006405732161141187
10043     0.002665715663941096
3182      0.005653157171981234
9987      0.006405732161141187
12093     0.0016300607320935193
11529     0.006405732161141187
