t_index   tf-idf
10243     0.011282334080355111
2762      0.09801770175910388
1650      0.07433923391970129
1880      0.04900380246065339
11115     0.049506490435710905
3259      0.04142046418289499
10393     0.077638452505019
9296      0.056971510885017486
3730      0.029626438155724973
7426      0.02866103689049497
1686      0.04624979972757685
368       0.020484975574513106
2357      0.017688204297625104
11984     0.03870101703653701
5569      0.04277403726962354
3533      0.07647058902167551
704       0.026369747447590915
9264      0.00736194128575677
10246     0.04259919916155653
5965      0.03480392235500884
11196     0.03435709463035164
