t_index   tf-idf
455       0.02552460880979603
5711      0.03171462593679225
5486      0.02049565225666566
1979      0.021416159351549575
4745      0.02605514461117618
10153     0.020135906468793537
694       0.04824466855835138
7488      0.009525101989617054
4579      0.028713733298378778
8477      0.04824466855835138
9550      0.014130079468583447
7681      0.023935479398950504
6511      0.01895739808193461
5963      0.005308034283219066
329       0.015357652569365264
10910     0.008164592256179236
4966      0.009230670197494363
12012     0.027134053598683757
5186      0.009088039663841708
7321      0.027946992352750923
5663      0.02503200192503462
3740      0.04824466855835138
6485      0.022815144886478962
4859      0.022815144886478962
12181     0.013046510713686203
6588      0.01280028585371402
8906      0.024353399061210017
7165      0.011384044832416156
6777      0.015595385203804197
961       0.03714990658476378
6403      0.007961825779410524
4344      0.02503200192503462
8048      0.014637187674926552
11927     0.010237499021427314
9029      0.011686000980248384
4468      0.016708609284284002
9160      0.01565612183639234
12171     0.008809088277955813
208       0.011483234503479673
11643     0.023541454260457936
9488      0.012680394776087895
4620      0.015071571551376811
10882     0.021694865459778237
10317     0.0074609557073189075
12064     0.025440254477693387
11060     0.02114038004886033
5799      0.02053070367988798
1045      0.018390484553894377
7475      0.004078436428727793
2063      0.00978044833713221
4439      0.01936301878784553
9910      0.043466414658923105
384       0.012370519542715275
149       0.01936301878784553
12005     0.014032985423985322
9845      0.0217034327181019
6444      0.02552460880979603
7991      0.03171462593679225
