t_index   tf-idf
4937      0.0036853802184062794
2249      0.0036239908190296485
3173      0.013117655214259696
7888      0.0019008929862279413
9296      0.021935554993161816
2800      0.0077451845569499345
9471      0.009455380553059629
10572     0.005752012255778513
5963      0.0017882682344534822
11912     0.0024579172329375776
3259      0.015947986209456897
10574     0.015993006147870175
1540      0.02928753073275033
10673     0.002695828872370944
7475      0.001374018689892251
12062     0.013412666140806096
5609      0.009415296888894696
10528     0.016253551439444583
4137      0.0037698415402417445
6930      0.0047935792455724175
9311      0.02515703227926591
8718      0.005991101747593921
3682      0.00648844554264872
3946      0.007215069728062157
6173      0.01992858673925621
422       0.02059327023389626
2766      0.016253551439444583
3790      0.010347937025347718
3607      0.011150650319448195
7194      0.010482528733307551
4665      0.007931078173309358
7793      0.0125157439296263
393       0.07040586350252023
11641     0.06501420575777833
3888      0.0021069082878451616
10958     0.005559901602656264
758       0.0024579172329375776
4909      0.008777936419808018
12171     0.0029677677086161294
6841      0.008686849043878711
2437      0.007805510815825277
11835     0.0031097979809740365
9503      0.016270813224027982
10027     0.009074820525956848
5799      0.01383352226559297
3730      0.015209294454275922
7287      0.0077451845569499345
3861      0.0037806184987194216
4711      0.009074820525956848
25        0.005445052513936894
2235      0.007805510815825277
7447      0.003375262854889238
6950      0.05275868000822459
9824      0.0027094103753135795
9297      0.008872742660238134
635       0.0051543698277198196
5110      0.008433241290252306
10111     0.006946799089207986
7735      0.014643765366375164
4322      0.006268404054856679
10784     0.01029663511694813
6038      0.00648844554264872
10253     0.009540864246378775
324       0.004896056033203483
8959      0.007148088309137977
12084     0.0028497812126805615
7101      0.016253551439444583
9907      0.008354507296558688
1979      0.014430139456124313
7424      0.004985048927958657
4916      0.009814407147166911
6700      0.03205381979707881
7150      0.0041804039802510835
4921      0.012092314806376969
1219      0.007032824864039294
8651      0.0062576598900810744
3162      0.009296171783487465
1879      0.0037484365003825253
4488      0.009415296888894696
946       0.0046012682988394
6210      0.007433388721829159
8028      0.011277343080122048
1508      0.005027168016696162
6973      0.003813252717900458
6166      0.007496873000765051
9600      0.0034489969965236407
2882      0.01620369531803627
4138      0.012153199274697256
5710      0.00493124504556349
621       0.003995497581923321
4794      0.002908394554169458
331       0.005173968512673859
11884     0.0029761525966170233
11138     0.0028281770533129676
449       0.003312611607948552
10385     0.004232304025745082
12107     0.00674472122348927
3776      0.005337013016138567
488       0.003995497581923321
11181     0.007931078173309358
10772     0.005379627613311162
2625      0.004395348529209791
1549      0.006668569142662477
967       0.003069685923677641
1131      0.005991101747593921
737       0.004367367101756972
1017      0.010308739655439639
7217      0.002635676233679177
5299      0.0050587830695930595
6361      0.003208991579389703
7972      0.006668569142662477
10030     0.007215069728062157
10317     0.002513584008348081
9029      0.003936994982650525
3419      0.0031921623000625058
9775      0.004510772549555633
11066     0.005233776892099066
11282     0.012092314806376969
5199      0.009415296888894696
7204      0.004727690276529814
9370      0.005535255322959864
6869      0.0125157439296263
6022      0.008014754094263304
12196     0.005908639935468285
10088     0.011150650319448195
7176      0.006989413686380581
10118     0.006863846328896501
9488      0.0042720046571846915
12064     0.004285390460146212
3261      0.008063824610341613
