t_index   tf-idf
4305      0.016461495888643655
10291     0.02575774677267913
6668      0.02349494246442023
1006      0.02575774677267913
5587      0.008230747944321827
3751      0.01983427215966202
10958     0.008811030505904418
343       0.020655543456340464
2067      0.01391079754664491
4397      0.006148702532262574
1470      0.01983427215966202
1943      0.02575774677267913
6210      0.005890015639754461
5963      0.014169752535711915
2613      0.012264649710360813
3348      0.014552498512222185
1942      0.0051393629517095885
3500      0.011145239403180915
8959      0.0056639513296983125
9379      0.010282536580299245
7753      0.009155701075042742
7888      0.0030124321052934326
6114      0.00421893962058946
10574     0.01267242436293103
3120      0.017670945845227225
8651      0.009916799995297975
10470     0.019163244650783843
8536      0.010017640870719227
116       0.02090227364732627
10988     0.004573957936929943
109       0.010337882912154818
443       0.006987883653630842
6740      0.006407736359937182
4451      0.011509939676275846
8450      0.006544427040450198
8101      0.006043036086842251
10385     0.006707125871307886
10110     0.04227194676874181
11439     0.01362754538150127
4049      0.005180333263960579
8259      0.002520974927516426
4347      0.006899193537714189
5170      0.013766447213604401
9264      0.0014973439903234109
7475      0.002177470296693652
12107     0.010688668379597404
12111     0.002937010168634806
12084     0.004516178701451399
6777      0.008326349727454784
4966      0.004928239173238516
6568      0.014381283375880769
10553     0.008629023899205078
3565      0.004597326026295951
11970     0.006899193537714189
4970      0.004852088973068032
226       0.007125059595099275
6930      0.007596604397644424
11930     0.007101838939454963
11220     0.01320919883374682
6108      0.011666578707581043
5608      0.02493580330693461
346       0.00907568788662883
11138     0.004481941601436653
4872      0.018595898975948138
12066     0.012090086969969504
10882     0.011582851898017195
4871      0.017994754472665922
5626      0.010509098048496231
1017      0.008168365743928867
4648      0.012369750191180737
12171     0.00470315730094251
9824      0.004293726611725757
3419      0.005058765678912615
5120      0.02910499702444437
3846      0.009770537237319112
5149      0.01511984418705789
3696      0.008457808762863662
25        0.008629023899205078
8822      0.0044255781459844315
3310      0.009818648533011405
2339      0.007580294267462208
4376      0.0056954084588993065
10673     0.008544406764972316
6203      0.011296646037390348
8889      0.009770537237319112
6233      0.01557356250797097
4856      0.021714346308953174
4412      0.007731434922129911
11022     0.008664243897265736
5259      0.006965509957307041
3888      0.0033389139815851294
11001     0.005058765678912615
10848     0.008230747944321827
