t_index   tf-idf
4049      0.027167970006548813
8259      0.013221112953197256
1942      0.053906206960153906
3165      0.037281917403523206
1771      0.03350967115853071
132       0.03243623383465171
232       0.017697246010885393
4016      0.010576289639593922
876       0.017005694886943496
7597      0.017697246010885393
11863     0.01584618351660857
10988     0.023987868291454818
2762      0.017425369201618468
4906      0.011872536463471806
7207      0.009694883256798997
12191     0.02400828281900097
8295      0.04140717466934347
6022      0.016652877951413757
7425      0.010629171900601803
5436      0.018501960958761943
7475      0.00570981100021891
5015      0.02133850829174472
8261      0.015444929899800588
7753      0.04801656563800194
384       0.017318727359801386
10574     0.033229912773908035
6554      0.056939841432366106
1454      0.024114924660818052
7780      0.03170289472125337
927       0.022719572886163483
5735      0.026135361312348476
3848      0.023798470458271156
11970     0.018091218610006097
11872     0.02183353928532588
8651      0.02600405332100358
3536      0.03964759142384069
5387      0.013195775908945325
8029      0.04532031375946972
