t_index   tf-idf
7753      0.03971958554614131
6432      0.012335928552636355
9006      0.08315819129414789
2084      0.007345667036830559
11076     0.007345667036830559
4162      0.004323864922998829
329       0.0035571033524632784
11238     0.0010009494599042526
2647      0.004118882451470821
1520      0.002450375427228053
10563     0.00973096158486278
3785      0.006614228182168387
8373      0.013831811957706289
8259      0.003280974721841231
1942      0.008918306298554874
4451      0.009986565307356985
7475      0.0028339135479027683
3857      0.0027226508925236414
103       0.003342207171621805
9359      0.002796546022879809
5996      0.008691776637829917
4739      0.002667451833849205
7497      0.0028134421687957987
11814     0.003837422516833041
2651      0.008395492852100703
621       0.0027469045875722835
487       0.0039032739481150345
2919      0.005284390175912407
5963      0.001229434411186769
6777      0.0036121664258811194
4049      0.011236752300502726
7780      0.005244964200207359
8006      0.018840388709238785
4475      0.013118688338770817
11848     0.010067588689382926
8685      0.0034024660546665454
7426      0.0012644575098747781
5395      0.009956178882570556
8372      0.011183089553663601
3931      0.004345888318914959
10620     0.006034831288618013
1743      0.008314597170974597
2346      0.004177662250677182
2220      0.006559344169385408
10732     0.010489928400414718
3562      0.006960610601095217
8525      0.00579785338704846
11075     0.013037664956744877
3426      0.005061236351082953
6444      0.005911949834621875
11970     0.014965162453130043
675       0.004691125461813235
6401      0.014995692052765715
9264      0.007145413600881572
6880      0.007979159268961979
11046     0.004280709028619254
11278     0.009420194354619393
2211      0.005853882675859992
2762      0.011531494324600456
5659      0.011369271478833305
338       0.0013268225740294974
1471      0.008604573951618082
7368      0.003228110724048391
496       0.026989619654709005
2685      0.003517017459042967
3031      0.005366288685879878
11558     0.0053248143829030805
4348      0.003598221613318108
1720      0.003837422516833041
8974      0.009792970169692652
10147     0.005853882675859992
49        0.005168917880869671
704       0.0023267424218462573
6538      0.005743723766384098
9185      0.0074978460263828576
4346      0.014413477008297884
7602      0.008960860764147701
2447      0.003517017459042967
83        0.0033902309688249
3557      0.008067338526330443
6740      0.0027798268032080426
11722     0.005691369210815677
9314      0.00486548079243139
7437      0.004993282653678492
5400      0.006559344169385408
1508      0.0017280890057393059
2177      0.0036404268253895423
2658      0.002937003201814476
8491      0.0026066189184814205
2185      0.004437151494374635
3448      0.005911949834621875
386       0.005743723766384098
6882      0.003598221613318108
3730      0.002614097484328674
6607      0.0026752215372072897
8558      0.003971958554614131
11995     0.0033902309688249
2752      0.006960610601095217
105       0.003989601506385339
4172      0.004345888318914959
8559      0.006850451691619323
2738      0.0028134421687957987
7771      0.0027798268032080426
2339      0.0016442550065451113
8640      0.002993032490626008
2074      0.0041382362749721345
10145     0.0028477805006125022
1169      0.008313466429384167
12220     0.022348633229236303
10674     0.0034272211379715763
3         0.011174316614618152
6989      0.0023456381558624746
471       0.004691125461813235
3368      0.00554387941960986
1168      0.006100010578913717
3869      0.056521166127716356
4794      0.0019995212559915025
8247      0.0034272211379715763
2803      0.00358439753657801
3043      0.009420194354619393
6203      0.002450375427228053
4787      0.0030412739513683063
5033      0.004302141174430739
5661      0.007206738504148942
5463      0.006391118101147632
8504      0.014691334073661117
4970      0.008419801453265112
2344      0.006100010578913717
131       0.003598221613318108
6311      0.004177370647920577
547       0.006559344169385408
3850      0.005284390175912407
545       0.005096329431620564
883       0.006850451691619323
2439      0.011230420809994845
1617      0.011934226684742111
8908      0.005497595863330373
8775      0.014413477008297884
6636      0.0070789366429018395
10882     0.0025124568455257884
4397      0.002667451833849205
9743      0.0070789366429018395
1361      0.00358439753657801
3888      0.0014484994478935489
8028      0.002584391122527969
8932      0.0032171369977636033
7666      0.010067588689382926
7769      0.002423539990678423
9814      0.005026898019266249
5186      0.002104950363316278
7888      0.0026137278560634195
7773      0.004636995841148873
11123     0.0053248143829030805
1885      0.009221207971804191
6521      0.00423868894854285
4648      0.005366288685879878
9500      0.0019443717241526654
9848      0.0041382362749721345
8655      0.0037434736033316145
6233      0.00337808892636135
12133     0.00513221118636011
6076      0.00423868894854285
10544     0.0022295765746387186
2662      0.004993282653678492
7097      0.0030510996493878905
12084     0.001959224583717886
843       0.0048052219093866495
6179      0.008067338526330443
10784     0.0070789366429018395
8339      0.008067338526330443
495       0.006559344169385408
8876      0.004390867938095148
1929      0.007666072094620634
8319      0.006100010578913717
