t_index   tf-idf
5662      0.03783303584761863
4660      0.0524036917099334
1979      0.023262379985303852
4745      0.02830127776731206
10153     0.021871760474724018
11643     0.051141779945132755
12005     0.06097090218697072
149       0.04206448909083684
3888      0.006792962928052504
699       0.02038071763353222
7488      0.010346231471480595
9533      0.026936083869939217
11053     0.026222416884452582
4067      0.023416773824147412
10910     0.008868436416194688
9589      0.03447424738996709
11681     0.015401484198239638
10068     0.016310214379550037
187       0.023262379985303852
348       0.031189055134445916
2006      0.031643002353796766
8418      0.016190406449285762
2656      0.017699601628809743
10885     0.030696379535198524
9566      0.02669055905761835
11238     0.00469410781196477
8091      0.013154350258670568
737       0.014080993931526791
8048      0.015899014198627118
7449      0.0359512346506347
9845      0.023574418297248614
9531      0.06528572701716893
11027     0.013355108554596562
9504      0.021622142830437414
6485      0.024781967721520255
4859      0.024781967721520255
8566      0.016190406449285762
10140     0.03444864541410193
167       0.023416773824147412
12012     0.014736598075147213
6616      0.012119903195303578
9775      0.014543352875291439
9481      0.031643002353796766
4510      0.031189055134445916
7567      0.0524036917099334
10082     0.029972140060554413
1590      0.027189933125468642
6978      0.03516231239958857
10362     0.02830127776731206
